{
    "Model": {
        "UID": 1469114396301098,
        "Scenes": [
            {
                "rootNode": 16
            }
        ],
        "Nodes": [
            {
                "Name": "pasted__jont_Sphere1",
                "Transform": [
                    0.9085769653320313,
                    -0.4063720107078552,
                    0.09669383615255356,
                    138.28033447265625,
                    -0.3157675862312317,
                    -0.8197096586227417,
                    -0.47787782549858093,
                    116.05052185058594,
                    0.27345699071884155,
                    0.4036559760570526,
                    -0.8730885982513428,
                    -35.601810455322266,
                    0.0,
                    0.0,
                    0.0,
                    1.0
                ],
                "ParentIndex": 6,
                "Children": []
            },
            {
                "Name": "pasted__jont_Sphere2",
                "Transform": [
                    -0.5514345765113831,
                    0.2053188681602478,
                    -0.808556854724884,
                    -62.11092758178711,
                    0.4230424463748932,
                    -0.7665423154830933,
                    -0.4831644594669342,
                    136.18646240234375,
                    -0.7189958095550537,
                    -0.6084874272346497,
                    0.33583927154541016,
                    41.7752799987793,
                    0.0,
                    0.0,
                    0.0,
                    1.0
                ],
                "ParentIndex": 6,
                "Children": []
            },
            {
                "Name": "pasted__jont_Sphere3",
                "Transform": [
                    0.9191737771034241,
                    0.13808059692382813,
                    0.3688538074493408,
                    35.36805725097656,
                    -0.3361378610134125,
                    0.763107180595398,
                    0.5519769787788391,
                    109.32615661621094,
                    -0.20525769889354706,
                    -0.6313484907150269,
                    0.7478424310684204,
                    -4.062071323394775,
                    0.0,
                    0.0,
                    0.0,
                    1.0
                ],
                "ParentIndex": 6,
                "Children": []
            },
            {
                "Name": "pasted__jont_Sphere4",
                "Transform": [
                    -0.07979904860258102,
                    0.5725031495094299,
                    -0.8160099983215332,
                    13.282252311706543,
                    0.25643739104270935,
                    -0.7792779207229614,
                    -0.5718094706535339,
                    147.6951904296875,
                    -0.963261067867279,
                    -0.25488534569740295,
                    -0.0846257135272026,
                    -63.38606262207031,
                    0.0,
                    0.0,
                    0.0,
                    1.0
                ],
                "ParentIndex": 6,
                "Children": []
            },
            {
                "Name": "pasted__jont_Sphere5",
                "Transform": [
                    0.29805055260658264,
                    -0.946945309638977,
                    0.12025119364261627,
                    96.3850326538086,
                    0.3665478825569153,
                    0.2298583984375,
                    0.9015583992004395,
                    84.24270629882813,
                    -0.8813673853874207,
                    -0.22463226318359375,
                    0.41561025381088257,
                    110.86139678955078,
                    0.0,
                    0.0,
                    0.0,
                    1.0
                ],
                "ParentIndex": 6,
                "Children": []
            },
            {
                "Name": "Bomb_Sphere",
                "Transform": [
                    1.0,
                    0.0,
                    0.0,
                    0.0,
                    0.0,
                    1.0,
                    0.0,
                    0.0,
                    0.0,
                    0.0,
                    1.0,
                    0.0,
                    0.0,
                    0.0,
                    0.0,
                    1.0
                ],
                "ParentIndex": 6,
                "Children": [],
                "MeshesMaterials": [
                    1162579926597403,
                    1336353105956409
                ],
                "SkinIndex": 0
            },
            {
                "Name": "pasted__jnt_Main",
                "Transform": [
                    0.2866573929786682,
                    -0.07555709034204483,
                    0.0070755016058683395,
                    0.0,
                    0.07536949962377548,
                    0.2866852581501007,
                    0.00789839867502451,
                    0.0,
                    -0.008853075094521046,
                    -0.0058369943872094154,
                    0.2963425815105438,
                    0.0,
                    0.0,
                    0.0,
                    0.0,
                    1.0
                ],
                "ParentIndex": 7,
                "Children": [
                    5,
                    0,
                    1,
                    2,
                    3,
                    4
                ]
            },
            {
                "Name": "transform1.001",
                "Transform": [
                    3.26001238822937,
                    0.8571399450302124,
                    -0.10068163275718689,
                    2.7009856700897217,
                    -0.859273374080658,
                    3.2603297233581543,
                    -0.06638125330209732,
                    10.273825645446777,
                    0.08046617358922958,
                    0.08982456475496292,
                    3.3701579570770264,
                    0.2830516993999481,
                    0.0,
                    0.0,
                    0.0,
                    1.0
                ],
                "ParentIndex": 14,
                "Children": [
                    6
                ]
            },
            {
                "Name": "jont_Sphere1",
                "Transform": [
                    -0.671026885509491,
                    -0.4063720405101776,
                    -0.6201492547988892,
                    138.2803497314453,
                    -0.03210489824414253,
                    -0.819709837436676,
                    0.5718790292739868,
                    116.05052185058594,
                    -0.7407378554344177,
                    0.4036559462547302,
                    0.5370005965232849,
                    -35.60181427001953,
                    0.0,
                    0.0,
                    0.0,
                    1.0
                ],
                "ParentIndex": 14,
                "Children": []
            },
            {
                "Name": "jont_Sphere2",
                "Transform": [
                    -0.7237436771392822,
                    0.5878951549530029,
                    0.3613508641719818,
                    -62.11092758178711,
                    0.11301010847091675,
                    0.6175505518913269,
                    -0.7783700823783875,
                    136.18646240234375,
                    -0.6807525157928467,
                    -0.5225040316581726,
                    -0.5133864283561707,
                    41.7752799987793,
                    0.0,
                    0.0,
                    0.0,
                    1.0
                ],
                "ParentIndex": 14,
                "Children": []
            },
            {
                "Name": "jont_Sphere3",
                "Transform": [
                    0.9191738367080688,
                    0.13808061182498932,
                    0.3688538372516632,
                    35.36806106567383,
                    -0.33613792061805725,
                    0.763107180595398,
                    0.5519770383834839,
                    109.32616424560547,
                    -0.20525768399238586,
                    -0.6313485503196716,
                    0.7478423714637756,
                    -4.062071800231934,
                    0.0,
                    0.0,
                    0.0,
                    1.0
                ],
                "ParentIndex": 14,
                "Children": []
            },
            {
                "Name": "jont_Sphere4",
                "Transform": [
                    -0.9468976259231567,
                    0.15617850422859192,
                    -0.2810573875904083,
                    13.282252311706543,
                    0.03270220384001732,
                    -0.8227996230125427,
                    -0.5673903226852417,
                    147.6951904296875,
                    -0.31986796855926514,
                    -0.54645174741745,
                    0.7739995121955872,
                    -63.38606262207031,
                    0.0,
                    0.0,
                    0.0,
                    1.0
                ],
                "ParentIndex": 14,
                "Children": []
            },
            {
                "Name": "jont_Sphere5",
                "Transform": [
                    0.7456411123275757,
                    0.5946430563926697,
                    0.30069980025291443,
                    96.3850326538086,
                    0.4064861238002777,
                    -0.04833211377263069,
                    -0.9123778343200684,
                    84.2426986694336,
                    -0.5280059576034546,
                    0.8025362491607666,
                    -0.2777521312236786,
                    110.86141204833984,
                    0.0,
                    0.0,
                    0.0,
                    1.0
                ],
                "ParentIndex": 14,
                "Children": []
            },
            {
                "Name": "VFX_Bomb_Smoke",
                "Transform": [
                    1.0,
                    0.0,
                    0.0,
                    0.0,
                    0.0,
                    1.0,
                    0.0,
                    0.0,
                    0.0,
                    0.0,
                    1.0,
                    0.0,
                    0.0,
                    0.0,
                    0.0,
                    1.0
                ],
                "ParentIndex": 14,
                "Children": [],
                "MeshesMaterials": [
                    1161904785814467,
                    1336353105956409
                ],
                "SkinIndex": 1
            },
            {
                "Name": "jnt_Main",
                "Transform": [
                    0.2866573929786682,
                    -0.07555708289146423,
                    0.007075502537190914,
                    0.0,
                    0.07536949217319489,
                    0.2866852581501007,
                    0.00789839867502451,
                    0.0,
                    -0.008853075094521046,
                    -0.005836994852870703,
                    0.2963425815105438,
                    0.0,
                    0.0,
                    0.0,
                    0.0,
                    1.0
                ],
                "ParentIndex": 15,
                "Children": [
                    7,
                    13,
                    8,
                    9,
                    10,
                    11,
                    12
                ]
            },
            {
                "Name": "Joints_bomb_vfx",
                "Transform": [
                    1.0,
                    0.0,
                    0.0,
                    0.0,
                    0.0,
                    1.0,
                    0.0,
                    0.0,
                    0.0,
                    0.0,
                    1.0,
                    0.0,
                    0.0,
                    0.0,
                    0.0,
                    1.0
                ],
                "ParentIndex": 16,
                "Children": [
                    14
                ]
            },
            {
                "Name": "Bomb_animation",
                "Transform": [
                    0.009999999776482582,
                    0.0,
                    0.0,
                    0.0,
                    0.0,
                    0.009999999776482582,
                    0.0,
                    0.0,
                    0.0,
                    0.0,
                    0.009999999776482582,
                    0.0,
                    0.0,
                    0.0,
                    0.0,
                    1.0
                ],
                "ParentIndex": -1,
                "Children": [
                    15
                ]
            }
        ],
        "Animations": [
            1544193845502692
        ],
        "Skins": [
            {
                "RootIndex": -1,
                "BonesIndices": [
                    0,
                    1,
                    2,
                    3,
                    4
                ],
                "InverseBindMatrices": [
                    [
                        325.5306396484375,
                        -22.616567611694336,
                        85.10772705078125,
                        -78.54510498046875,
                        -58.79426193237305,
                        -298.4581604003906,
                        145.5711212158203,
                        175.0967559814453,
                        65.55960083007813,
                        -155.35829162597656,
                        -292.0457458496094,
                        15.899184226989746,
                        -0.0,
                        0.0,
                        -0.0,
                        1.0
                    ],
                    [
                        -221.90472412109375,
                        84.20183563232422,
                        -239.56918334960938,
                        -64.4798812866211,
                        127.90485382080078,
                        -237.7850341796875,
                        -202.04864501953125,
                        150.05795288085938,
                        -219.37106323242188,
                        -223.8154296875,
                        124.5311050415039,
                        8.60325813293457,
                        -0.0,
                        0.0,
                        0.0,
                        1.0
                    ],
                    [
                        326.88360595703125,
                        -32.64971923828125,
                        -76.19815063476563,
                        4.434347152709961,
                        -25.637529373168945,
                        254.9624786376953,
                        -219.23023986816406,
                        -98.91012573242188,
                        78.83450317382813,
                        218.2960662841797,
                        244.65689086914063,
                        -77.23226165771484,
                        -0.0,
                        0.0,
                        -0.0,
                        1.0
                    ],
                    [
                        -55.8005256652832,
                        68.11469268798828,
                        -325.532958984375,
                        -100.01839447021484,
                        251.54689025878906,
                        -207.28807067871094,
                        -86.49147033691406,
                        97.86722564697266,
                        -217.56712341308594,
                        -257.13226318359375,
                        -16.50872802734375,
                        98.03053283691406,
                        -0.0,
                        0.0,
                        0.0,
                        1.0
                    ],
                    [
                        58.57636642456055,
                        137.136962890625,
                        -302.4686584472656,
                        33.78158187866211,
                        -330.2639465332031,
                        -8.242773056030273,
                        -67.6964340209961,
                        97.07025146484375,
                        -34.92220687866211,
                        307.9781188964844,
                        132.8718719482422,
                        -143.3201904296875,
                        -0.0,
                        0.0,
                        0.0,
                        1.0
                    ]
                ]
            },
            {
                "RootIndex": -1,
                "BonesIndices": [
                    8,
                    9,
                    10,
                    11,
                    12
                ],
                "InverseBindMatrices": [
                    [
                        -221.95724487304688,
                        -74.63728332519531,
                        -242.67115783691406,
                        70.14399719238281,
                        -58.79417419433594,
                        -298.4581298828125,
                        145.5710906982422,
                        165.69180297851563,
                        -246.98826599121094,
                        138.11947631835938,
                        183.4251708984375,
                        38.50576400756836,
                        0.0,
                        0.0,
                        -0.0,
                        1.0
                    ],
                    [
                        -251.1297149658203,
                        -31.304729461669922,
                        -222.88771057128906,
                        -31.904211044311523,
                        134.38572692871094,
                        247.03933715820313,
                        -186.11050415039063,
                        -25.759571075439453,
                        180.5530548095703,
                        -227.41294860839844,
                        -171.4905242919922,
                        149.89418029785156,
                        -0.0,
                        0.0,
                        -0.0,
                        1.0
                    ],
                    [
                        326.88360595703125,
                        -32.64973068237305,
                        -76.19815826416016,
                        3.4055066108703613,
                        -25.637531280517578,
                        254.96250915527344,
                        -219.23023986816406,
                        -90.8758316040039,
                        78.8344955444336,
                        218.29611206054688,
                        244.65689086914063,
                        -70.35340118408203,
                        -0.0,
                        0.0,
                        -0.0,
                        1.0
                    ],
                    [
                        -314.0736389160156,
                        -73.37355041503906,
                        -98.4841079711914,
                        -12.528194427490234,
                        117.21820831298828,
                        -259.7814636230469,
                        -180.2733612060547,
                        84.81169128417969,
                        -36.642642974853516,
                        -202.12600708007813,
                        267.4461364746094,
                        136.5946502685547,
                        -0.0,
                        0.0,
                        -0.0,
                        1.0
                    ],
                    [
                        203.90261840820313,
                        191.69664001464844,
                        -188.15142822265625,
                        -47.576622009277344,
                        204.4650115966797,
                        42.42011260986328,
                        264.8009948730469,
                        -142.21327209472656,
                        174.19178771972656,
                        -274.1858825683594,
                        -90.57793426513672,
                        78.67019653320313,
                        -0.0,
                        0.0,
                        -0.0,
                        1.0
                    ]
                ]
            }
        ]
    }
}