{
    "Model": {
        "UID": 1469697411135734,
        "Scenes": [
            {
                "rootNode": 174
            }
        ],
        "Nodes": [
            {
                "Name": "Bow_Arrow_Mesh",
                "Transform": [
                    1.0,
                    0.0,
                    0.0,
                    0.15505841374397278,
                    0.0,
                    1.0,
                    0.0,
                    0.9716887474060059,
                    0.0,
                    0.0,
                    1.0,
                    -0.00024911045329645276,
                    0.0,
                    0.0,
                    0.0,
                    1.0
                ],
                "ParentIndex": 174,
                "Children": []
            },
            {
                "Name": "jnt_foot_L_01",
                "Transform": [
                    0.38189220428466797,
                    0.9234310388565063,
                    -0.03785797581076622,
                    0.04577013850212097,
                    -0.43673229217529297,
                    0.2164115607738495,
                    0.8731728196144104,
                    -0.07618533819913864,
                    0.8145079612731934,
                    -0.316924124956131,
                    0.48593807220458984,
                    0.10243585705757141,
                    0.0,
                    0.0,
                    0.0,
                    1.0
                ],
                "ParentIndex": 2,
                "Children": []
            },
            {
                "Name": "jnt_leg_L_03",
                "Transform": [
                    0.03309023007750511,
                    -0.9982219338417053,
                    0.049579229205846786,
                    0.41930270195007324,
                    0.6504761576652527,
                    -0.01615261845290661,
                    -0.7593548893928528,
                    2.0489096641540527e-8,
                    0.7588055729866028,
                    0.05737742409110069,
                    0.6487849354743958,
                    3.3527612686157227e-8,
                    0.0,
                    0.0,
                    0.0,
                    1.0
                ],
                "ParentIndex": 3,
                "Children": [
                    1
                ]
            },
            {
                "Name": "jnt_leg_L_02",
                "Transform": [
                    0.9995776414871216,
                    -0.0000016987321487249574,
                    0.02905982919037342,
                    0.38598525524139404,
                    -0.028920626267790794,
                    -0.09782062470912933,
                    0.9947836399078369,
                    1.1175870895385742e-7,
                    0.002840964822098613,
                    -0.9952039122581482,
                    -0.09777938574552536,
                    3.725290298461914e-8,
                    0.0,
                    0.0,
                    0.0,
                    1.0
                ],
                "ParentIndex": 4,
                "Children": [
                    2
                ]
            },
            {
                "Name": "jnt_leg_L_01",
                "Transform": [
                    -0.41557472944259644,
                    0.7654508352279663,
                    0.4913073778152466,
                    -0.03852959722280502,
                    0.0002639591402839869,
                    0.540261447429657,
                    -0.8414971232414246,
                    0.10801485180854797,
                    -0.9095589518547058,
                    -0.3495752513408661,
                    -0.2247210443019867,
                    0.01395152136683464,
                    0.0,
                    0.0,
                    0.0,
                    1.0
                ],
                "ParentIndex": 49,
                "Children": [
                    3
                ]
            },
            {
                "Name": "jnt_foot_R_01",
                "Transform": [
                    -0.33749330043792725,
                    -0.9407222867012024,
                    0.03375902399420738,
                    -0.0457700714468956,
                    -0.5617766976356506,
                    0.1725071519613266,
                    -0.8091033101081848,
                    -0.07618531584739685,
                    0.7553180456161499,
                    -0.2920319437980652,
                    -0.5866958498954773,
                    0.10243570804595947,
                    0.0,
                    0.0,
                    0.0,
                    1.0
                ],
                "ParentIndex": 6,
                "Children": []
            },
            {
                "Name": "jnt_leg_R_03",
                "Transform": [
                    0.2677229046821594,
                    -0.9620401859283447,
                    0.05294647067785263,
                    0.419303297996521,
                    -0.8715230226516724,
                    -0.26523151993751526,
                    -0.4124315679073334,
                    -1.4156103134155273e-7,
                    0.4108186960220337,
                    0.06427327543497086,
                    -0.9094486236572266,
                    -7.636845111846924e-8,
                    0.0,
                    0.0,
                    0.0,
                    1.0
                ],
                "ParentIndex": 7,
                "Children": [
                    5
                ]
            },
            {
                "Name": "jnt_leg_R_02",
                "Transform": [
                    0.13842284679412842,
                    -5.960464477539063e-8,
                    -0.9903732538223267,
                    0.3859845697879791,
                    -0.9856241941452026,
                    -0.09781265258789063,
                    -0.13775908946990967,
                    -2.0489096641540527e-7,
                    -0.09687104821205139,
                    0.9952048063278198,
                    -0.013539552688598633,
                    -3.3527612686157227e-8,
                    0.0,
                    0.0,
                    0.0,
                    1.0
                ],
                "ParentIndex": 8,
                "Children": [
                    6
                ]
            },
            {
                "Name": "jnt_leg_R_01",
                "Transform": [
                    -0.9781054854393005,
                    0.043786659836769104,
                    0.20345047116279602,
                    -0.038529857993125916,
                    -0.20768025517463684,
                    -0.2680961787700653,
                    -0.9407406449317932,
                    -0.10801497101783752,
                    0.01335242111235857,
                    -0.9623960256576538,
                    0.27132004499435425,
                    0.013951387256383896,
                    0.0,
                    0.0,
                    0.0,
                    1.0
                ],
                "ParentIndex": 49,
                "Children": [
                    7
                ]
            },
            {
                "Name": "jnt_cloth_1_02",
                "Transform": [
                    0.9999995231628418,
                    -0.0009433416998945177,
                    -0.0002505822340026498,
                    0.08041761070489883,
                    0.0009428472840227187,
                    0.999997615814209,
                    -0.001966043608263135,
                    -0.006889227777719498,
                    0.00025243626441806555,
                    0.0019658065866678953,
                    0.9999980330467224,
                    -0.01157519593834877,
                    0.0,
                    0.0,
                    0.0,
                    1.0
                ],
                "ParentIndex": 10,
                "Children": []
            },
            {
                "Name": "jnt_cloth_1_01",
                "Transform": [
                    -0.8974789977073669,
                    0.08568649739027023,
                    -0.4326534867286682,
                    -0.020995190367102623,
                    0.4383000433444977,
                    0.06376161426305771,
                    -0.8965643048286438,
                    0.14802560210227966,
                    -0.049236785620450974,
                    -0.9942792057991028,
                    -0.09478116035461426,
                    0.007683420553803444,
                    0.0,
                    0.0,
                    0.0,
                    1.0
                ],
                "ParentIndex": 48,
                "Children": [
                    9
                ]
            },
            {
                "Name": "jnt_cloth_2_02",
                "Transform": [
                    0.9965770244598389,
                    1.4156103134155273e-7,
                    -0.08266887068748474,
                    0.10857131332159042,
                    0.08220703899860382,
                    0.1055527925491333,
                    0.9910099506378174,
                    -5.494803190231323e-8,
                    0.008726070635020733,
                    -0.9944137334823608,
                    0.10519146919250488,
                    -9.487848728895187e-9,
                    0.0,
                    0.0,
                    0.0,
                    1.0
                ],
                "ParentIndex": 12,
                "Children": []
            },
            {
                "Name": "jnt_cloth_2_01",
                "Transform": [
                    -0.9567214846611023,
                    0.025206707417964935,
                    -0.289911687374115,
                    0.0017503481358289719,
                    0.25254687666893005,
                    -0.423053503036499,
                    -0.870198667049408,
                    0.12910431623458862,
                    -0.14458300173282623,
                    -0.9057538509368896,
                    0.39837831258773804,
                    -0.060252539813518524,
                    0.0,
                    0.0,
                    0.0,
                    1.0
                ],
                "ParentIndex": 48,
                "Children": [
                    11
                ]
            },
            {
                "Name": "jnt_cloth_3_02",
                "Transform": [
                    0.9955517053604126,
                    9.685754776000977e-8,
                    0.09421689808368683,
                    0.09466826915740967,
                    -0.09361566603183746,
                    -0.11279153823852539,
                    0.9891986846923828,
                    -0.005552366375923157,
                    0.010626964271068573,
                    -0.9936186671257019,
                    -0.11228977888822556,
                    0.011838778853416443,
                    0.0,
                    0.0,
                    0.0,
                    1.0
                ],
                "ParentIndex": 14,
                "Children": []
            },
            {
                "Name": "jnt_cloth_3_01",
                "Transform": [
                    -0.9268738627433777,
                    0.12295815348625183,
                    -0.35466307401657104,
                    0.009220453910529613,
                    0.04956374317407608,
                    -0.8964685201644897,
                    -0.4403260350227356,
                    0.05657175928354263,
                    -0.37208616733551025,
                    -0.425705224275589,
                    0.8248189091682434,
                    -0.11646845191717148,
                    0.0,
                    0.0,
                    0.0,
                    1.0
                ],
                "ParentIndex": 48,
                "Children": [
                    13
                ]
            },
            {
                "Name": "jnt_cloth_front_01",
                "Transform": [
                    -0.9719297885894775,
                    0.23526643216609955,
                    0.0014789102133363485,
                    -0.07643824070692062,
                    -0.010523155331611633,
                    -0.04975103214383125,
                    0.9987061023712158,
                    -0.049899037927389145,
                    0.23503568768501282,
                    0.9706565141677856,
                    0.05083029717206955,
                    0.0936134085059166,
                    0.0,
                    0.0,
                    0.0,
                    1.0
                ],
                "ParentIndex": 48,
                "Children": []
            },
            {
                "Name": "jnt_Pouch_02",
                "Transform": [
                    1.0,
                    -8.568172660261553e-8,
                    -4.6193599700927734e-7,
                    0.09205210208892822,
                    8.568162712663252e-8,
                    1.0,
                    -2.1420420637241477e-7,
                    1.0989606380462646e-7,
                    4.6193599700927734e-7,
                    2.1420417795070534e-7,
                    1.0,
                    -3.725290298461914e-8,
                    0.0,
                    0.0,
                    0.0,
                    1.0
                ],
                "ParentIndex": 17,
                "Children": []
            },
            {
                "Name": "jnt_Pouch_01",
                "Transform": [
                    0.025600433349609375,
                    0.9994264245033264,
                    -0.022183090448379517,
                    -0.0023124502040445805,
                    0.9605621695518494,
                    -0.01844680681824684,
                    0.27745306491851807,
                    0.002782374620437622,
                    0.27688461542129517,
                    -0.02841118723154068,
                    -0.960483193397522,
                    -0.08307738602161407,
                    0.0,
                    0.0,
                    0.0,
                    1.0
                ],
                "ParentIndex": 47,
                "Children": [
                    16
                ]
            },
            {
                "Name": "jnt_cape_L",
                "Transform": [
                    0.9092088341712952,
                    -0.008330591022968292,
                    -0.41625702381134033,
                    0.020779384300112724,
                    0.008895134553313255,
                    0.9999602437019348,
                    -0.0005831149173900485,
                    0.08689369261264801,
                    0.41624534130096436,
                    -0.003172488883137703,
                    0.9092468023300171,
                    -0.0916254073381424,
                    0.0,
                    0.0,
                    0.0,
                    1.0
                ],
                "ParentIndex": 46,
                "Children": []
            },
            {
                "Name": "jnt_cape_R",
                "Transform": [
                    0.9092088341712952,
                    -0.008330576121807098,
                    -0.41625702381134033,
                    0.01796598918735981,
                    0.008895116858184338,
                    0.9999603629112244,
                    -0.0005831132875755429,
                    -0.0958259180188179,
                    0.41624534130096436,
                    -0.0031724837608635426,
                    0.9092468023300171,
                    -0.09104420989751816,
                    0.0,
                    0.0,
                    0.0,
                    1.0
                ],
                "ParentIndex": 46,
                "Children": []
            },
            {
                "Name": "jnt_Lower_L_02",
                "Transform": [
                    -0.01822960190474987,
                    0.22357943654060364,
                    0.9745151400566101,
                    0.04674603044986725,
                    0.03651021048426628,
                    0.9741758108139038,
                    -0.22281864285469055,
                    0.000757269561290741,
                    -0.9991670250892639,
                    0.0315178707242012,
                    -0.025921817868947983,
                    0.00023616710677742958,
                    0.0,
                    0.0,
                    0.0,
                    1.0
                ],
                "ParentIndex": 21,
                "Children": []
            },
            {
                "Name": "jnt_Lower_L_01",
                "Transform": [
                    0.977824866771698,
                    -0.17714795470237732,
                    0.1117003858089447,
                    0.104610376060009,
                    -0.005388356279581785,
                    0.5119117498397827,
                    0.8590211868286133,
                    -0.00909627228975296,
                    -0.20935456454753876,
                    -0.8405742645263672,
                    0.49960553646087646,
                    -0.0532853901386261,
                    0.0,
                    0.0,
                    0.0,
                    1.0
                ],
                "ParentIndex": 26,
                "Children": [
                    20
                ]
            },
            {
                "Name": "jnt_Thumb_L_02",
                "Transform": [
                    0.9997895359992981,
                    -0.020512236282229424,
                    0.00008232798427343369,
                    0.05046866089105606,
                    0.0200930368155241,
                    0.98014897108078,
                    0.19724126160144806,
                    -0.0021127592772245407,
                    -0.0041265529580414295,
                    -0.19719809293746948,
                    0.9803549647331238,
                    0.0032627165783196688,
                    0.0,
                    0.0,
                    0.0,
                    1.0
                ],
                "ParentIndex": 23,
                "Children": []
            },
            {
                "Name": "jnt_Thumb_L_01",
                "Transform": [
                    0.6545510292053223,
                    0.7063528299331665,
                    -0.269496887922287,
                    0.034550510346889496,
                    -0.6945300102233887,
                    0.4209984540939331,
                    -0.5834279656410217,
                    -0.04557165503501892,
                    -0.2986481189727783,
                    0.5690572261810303,
                    0.7661482095718384,
                    0.007461439818143845,
                    0.0,
                    0.0,
                    0.0,
                    1.0
                ],
                "ParentIndex": 26,
                "Children": [
                    22
                ]
            },
            {
                "Name": "jnt_Upper_L_02",
                "Transform": [
                    0.015572545118629932,
                    -0.9659387469291687,
                    -0.25830078125,
                    0.054272543638944626,
                    -0.23787663877010345,
                    -0.2544938623905182,
                    0.9373618960380554,
                    0.00432797335088253,
                    -0.9711703658103943,
                    0.04684658348560333,
                    -0.23373745381832123,
                    0.0010960460640490055,
                    0.0,
                    0.0,
                    0.0,
                    1.0
                ],
                "ParentIndex": 25,
                "Children": []
            },
            {
                "Name": "jnt_Upper_L_01",
                "Transform": [
                    0.8667710423469543,
                    0.14329490065574646,
                    0.47767597436904907,
                    0.11719690263271332,
                    -0.4535675346851349,
                    0.6247077584266663,
                    0.6356229782104492,
                    -0.03799464553594589,
                    -0.20732635259628296,
                    -0.7675980925559998,
                    0.6064725518226624,
                    -0.008195191621780396,
                    0.0,
                    0.0,
                    0.0,
                    1.0
                ],
                "ParentIndex": 26,
                "Children": [
                    24
                ]
            },
            {
                "Name": "jnt_wrist_L",
                "Transform": [
                    0.9806041121482849,
                    -0.1899365335702896,
                    0.04837058112025261,
                    0.2560174763202667,
                    0.12504975497722626,
                    0.796320378780365,
                    0.5918075442314148,
                    2.1653249859809875e-8,
                    -0.15092438459396362,
                    -0.5742802023887634,
                    0.8046265840530396,
                    1.6903504729270935e-7,
                    0.0,
                    0.0,
                    0.0,
                    1.0
                ],
                "ParentIndex": 27,
                "Children": [
                    21,
                    23,
                    25
                ]
            },
            {
                "Name": "jnt_arm_L_02",
                "Transform": [
                    0.8995004892349243,
                    -0.009412303566932678,
                    -0.43681859970092773,
                    0.22345775365829468,
                    0.4060603380203247,
                    -0.3510555028915405,
                    0.8437269330024719,
                    -0.001681685447692871,
                    -0.1612890064716339,
                    -0.9363073706626892,
                    -0.3119525909423828,
                    0.006828824989497662,
                    0.0,
                    0.0,
                    0.0,
                    1.0
                ],
                "ParentIndex": 28,
                "Children": [
                    26
                ]
            },
            {
                "Name": "jnt_arm_L_01",
                "Transform": [
                    0.41018378734588623,
                    -0.6038917303085327,
                    -0.6834208965301514,
                    0.08846960961818695,
                    -0.3555486798286438,
                    0.5841830372810364,
                    -0.7295995354652405,
                    -0.0011294931173324585,
                    0.8398419618606567,
                    0.5422593355178833,
                    0.024909496307373047,
                    -0.003139074891805649,
                    0.0,
                    0.0,
                    0.0,
                    1.0
                ],
                "ParentIndex": 29,
                "Children": [
                    27
                ]
            },
            {
                "Name": "jnt_clavicle_L",
                "Transform": [
                    0.20174506306648254,
                    0.3977535367012024,
                    -0.8950369358062744,
                    0.08309445530176163,
                    0.9273921847343445,
                    0.2163493037223816,
                    0.3051833510398865,
                    0.08213620632886887,
                    0.3150283098220825,
                    -0.8916193246841431,
                    -0.3252260982990265,
                    0.057000234723091125,
                    0.0,
                    0.0,
                    0.0,
                    1.0
                ],
                "ParentIndex": 46,
                "Children": [
                    28
                ]
            },
            {
                "Name": "jnt_Rower_R_02",
                "Transform": [
                    0.6344673037528992,
                    -0.015101717785000801,
                    0.7728023529052734,
                    -0.04674593359231949,
                    0.4118778109550476,
                    0.8526443839073181,
                    -0.3214879333972931,
                    -0.0007575270719826221,
                    -0.6540704369544983,
                    0.5222736597061157,
                    0.5471948981285095,
                    -0.00023626312031410635,
                    0.0,
                    0.0,
                    0.0,
                    1.0
                ],
                "ParentIndex": 31,
                "Children": []
            },
            {
                "Name": "jnt_Rower_R_01",
                "Transform": [
                    0.2820800840854645,
                    -0.38627609610557556,
                    0.8781924247741699,
                    -0.10449110716581345,
                    -0.6514535546302795,
                    0.5948611497879028,
                    0.47090214490890503,
                    0.0047743916511535645,
                    -0.704300582408905,
                    -0.7049337029457092,
                    -0.08384240418672562,
                    0.05407169833779335,
                    0.0,
                    0.0,
                    0.0,
                    1.0
                ],
                "ParentIndex": 36,
                "Children": [
                    30
                ]
            },
            {
                "Name": "jnt_Thumb_R_02",
                "Transform": [
                    0.9997895956039429,
                    -0.020512307062745094,
                    0.00008526257443008944,
                    -0.04959822818636894,
                    0.020092684775590897,
                    0.9801567792892456,
                    0.1972033977508545,
                    0.0015891576185822487,
                    -0.004128667060285807,
                    -0.19716022908687592,
                    0.9803625345230103,
                    -0.0015405409503728151,
                    0.0,
                    0.0,
                    0.0,
                    1.0
                ],
                "ParentIndex": 33,
                "Children": []
            },
            {
                "Name": "jnt_Thumb_R_01",
                "Transform": [
                    0.6074844002723694,
                    0.7439611554145813,
                    -0.2783606946468353,
                    -0.033766746520996094,
                    -0.651160717010498,
                    0.2657158672809601,
                    -0.7109043002128601,
                    0.046699270606040955,
                    -0.45492023229599,
                    0.6131208539009094,
                    0.6458564400672913,
                    -0.0022248495370149612,
                    0.0,
                    0.0,
                    0.0,
                    1.0
                ],
                "ParentIndex": 36,
                "Children": [
                    32
                ]
            },
            {
                "Name": "jnt_Upper_R_02",
                "Transform": [
                    0.6732739806175232,
                    -0.027027346193790436,
                    0.7388990521430969,
                    -0.05427335947751999,
                    -0.04404175281524658,
                    0.9960914254188538,
                    0.07656511664390564,
                    -0.004328527487814426,
                    -0.7380802631378174,
                    -0.08409170061349869,
                    0.6694521307945251,
                    -0.0010961880907416344,
                    0.0,
                    0.0,
                    0.0,
                    1.0
                ],
                "ParentIndex": 35,
                "Children": []
            },
            {
                "Name": "jnt_Upper_R_01",
                "Transform": [
                    0.006719827651977539,
                    0.0653461143374443,
                    0.9978400468826294,
                    -0.11654387414455414,
                    -0.7434285879135132,
                    0.667693555355072,
                    -0.03871908783912659,
                    0.03879781439900398,
                    -0.6687816381454468,
                    -0.74156254529953,
                    0.05306696891784668,
                    0.01255287230014801,
                    0.0,
                    0.0,
                    0.0,
                    1.0
                ],
                "ParentIndex": 36,
                "Children": [
                    34
                ]
            },
            {
                "Name": "jnt_wrist_R",
                "Transform": [
                    1.0,
                    -1.117596770683349e-8,
                    -8.363277288481186e-7,
                    -0.25602102279663086,
                    1.1175772307581155e-8,
                    0.9999998807907104,
                    -2.356246397994255e-7,
                    0.0000023525208234786987,
                    8.363276151612808e-7,
                    2.3562458295600663e-7,
                    1.0000001192092896,
                    0.0000031087547540664673,
                    0.0,
                    0.0,
                    0.0,
                    1.0
                ],
                "ParentIndex": 37,
                "Children": [
                    31,
                    33,
                    35
                ]
            },
            {
                "Name": "jnt_arm_R_02",
                "Transform": [
                    -0.05924046039581299,
                    0.5581355094909668,
                    -0.8276323080062866,
                    -0.22132310271263123,
                    0.9700498580932617,
                    0.22784000635147095,
                    0.08421531319618225,
                    6.370246410369873e-7,
                    0.23557129502296448,
                    -0.7978556156158447,
                    -0.5549166202545166,
                    0.000004302710294723511,
                    0.0,
                    0.0,
                    0.0,
                    1.0
                ],
                "ParentIndex": 38,
                "Children": [
                    36
                ]
            },
            {
                "Name": "jnt_arm_R_01",
                "Transform": [
                    0.3302741050720215,
                    -0.05960337817668915,
                    -0.9420011639595032,
                    -0.09483621269464493,
                    -0.12934510409832,
                    0.985731303691864,
                    -0.10771988332271576,
                    1.3597309589385986e-7,
                    0.9349805116653442,
                    0.15742039680480957,
                    0.3178521692752838,
                    -0.0000011902302503585815,
                    0.0,
                    0.0,
                    0.0,
                    1.0
                ],
                "ParentIndex": 39,
                "Children": [
                    37
                ]
            },
            {
                "Name": "jnt_clavicle_R1",
                "Transform": [
                    0.06447762250900269,
                    -0.4999810457229614,
                    0.8636327385902405,
                    0.084445521235466,
                    0.997596025466919,
                    0.054318543523550034,
                    -0.04303264245390892,
                    -0.08037716150283813,
                    -0.025395840406417847,
                    0.8643311858177185,
                    0.5022813677787781,
                    0.057515837252140045,
                    0.0,
                    0.0,
                    0.0,
                    1.0
                ],
                "ParentIndex": 46,
                "Children": [
                    38
                ]
            },
            {
                "Name": "jnt_Head_01",
                "Transform": [
                    4.172325134277344e-7,
                    0.9090655446052551,
                    -0.416653573513031,
                    0.1093745306134224,
                    1.0,
                    -3.576279254957626e-7,
                    3.7252908668961027e-7,
                    -5.657784640789032e-8,
                    1.9371509552001953e-7,
                    -0.416653573513031,
                    -0.9090656042098999,
                    -0.050571590662002563,
                    0.0,
                    0.0,
                    0.0,
                    1.0
                ],
                "ParentIndex": 43,
                "Children": []
            },
            {
                "Name": "jnt_Hood_L",
                "Transform": [
                    0.9965077042579651,
                    0.08315259218215942,
                    -0.00761953741312027,
                    0.00853697583079338,
                    -0.08315258473157883,
                    0.9798833131790161,
                    -0.18142357468605042,
                    0.06978555768728256,
                    -0.007619582116603851,
                    0.1814235895872116,
                    0.9833755493164063,
                    -0.04825972393155098,
                    0.0,
                    0.0,
                    0.0,
                    1.0
                ],
                "ParentIndex": 43,
                "Children": []
            },
            {
                "Name": "jnt_Hood_R",
                "Transform": [
                    0.9965083003044128,
                    -0.08322115242481232,
                    0.0068270862102508545,
                    0.000015714671462774277,
                    -0.08315231651067734,
                    -0.9815655946731567,
                    0.1720908284187317,
                    -0.07952257990837097,
                    -0.0076203495264053345,
                    -0.17205709218978882,
                    -0.9850602746009827,
                    -0.06371881067752838,
                    0.0,
                    0.0,
                    0.0,
                    1.0
                ],
                "ParentIndex": 43,
                "Children": []
            },
            {
                "Name": "jnt_Neck_01",
                "Transform": [
                    0.8592033982276917,
                    -0.00833097379654646,
                    -0.5115663409233093,
                    0.18033361434936523,
                    0.0087813725695014,
                    0.9999603629112244,
                    -0.0015357829397544265,
                    0.0016951474826782942,
                    0.5115587115287781,
                    -0.003172705415636301,
                    0.8592425584793091,
                    0.06077547371387482,
                    0.0,
                    0.0,
                    0.0,
                    1.0
                ],
                "ParentIndex": 46,
                "Children": [
                    40,
                    41,
                    42
                ]
            },
            {
                "Name": "Arrows_Quiver_jnt",
                "Transform": [
                    0.9957746267318726,
                    -0.0784667581319809,
                    0.047708675265312195,
                    -0.017355510964989662,
                    0.07549919188022614,
                    0.9952713847160339,
                    0.06111196428537369,
                    0.04710875079035759,
                    -0.05227834731340408,
                    -0.057251762598752975,
                    0.9969900846481323,
                    -0.004485102370381355,
                    0.0,
                    0.0,
                    0.0,
                    1.0
                ],
                "ParentIndex": 45,
                "Children": []
            },
            {
                "Name": "jnt_Quiver",
                "Transform": [
                    -0.008330585435032845,
                    0.9999656677246094,
                    -0.0004205219156574458,
                    0.04001817852258682,
                    0.9999605417251587,
                    0.008329275995492935,
                    -0.003176487283781171,
                    0.04192965850234032,
                    -0.0031728751491755247,
                    -0.0004469677514862269,
                    -0.999994695186615,
                    0.19356641173362732,
                    0.0,
                    0.0,
                    0.0,
                    1.0
                ],
                "ParentIndex": 46,
                "Children": [
                    44
                ]
            },
            {
                "Name": "jnt_spine_03",
                "Transform": [
                    0.986195981502533,
                    0.007690816652029753,
                    -0.16540366411209106,
                    0.11617894470691681,
                    -0.008330244570970535,
                    0.99996018409729,
                    -0.003172492841258645,
                    3.632158041000366e-8,
                    0.16537271440029144,
                    0.004506552126258612,
                    0.9862207770347595,
                    0.0003912325482815504,
                    0.0,
                    0.0,
                    0.0,
                    1.0
                ],
                "ParentIndex": 47,
                "Children": [
                    18,
                    19,
                    29,
                    39,
                    43,
                    45
                ]
            },
            {
                "Name": "jnt_spine_02",
                "Transform": [
                    0.9996691942214966,
                    3.622394899593928e-7,
                    -0.025719812139868736,
                    0.13098464906215668,
                    3.716427556810231e-7,
                    -1.000000238418579,
                    3.608245435771096e-7,
                    3.725290298461914e-8,
                    -0.025719814002513885,
                    -3.7026376276116935e-7,
                    -0.9996692538261414,
                    -7.182825356721878e-8,
                    0.0,
                    0.0,
                    0.0,
                    1.0
                ],
                "ParentIndex": 48,
                "Children": [
                    17,
                    46
                ]
            },
            {
                "Name": "jnt_spine_01",
                "Transform": [
                    0.9990346431732178,
                    0.043549541383981705,
                    0.005723381880670786,
                    0.12481918185949326,
                    0.042156271636486053,
                    -0.9872472882270813,
                    0.1535089761018753,
                    -0.0007409906247630715,
                    0.012335656210780144,
                    -0.15311972796916962,
                    -0.988129198551178,
                    0.0010334576945751905,
                    0.0,
                    0.0,
                    0.0,
                    1.0
                ],
                "ParentIndex": 49,
                "Children": [
                    10,
                    12,
                    14,
                    15,
                    47
                ]
            },
            {
                "Name": "jnt_Pelvis",
                "Transform": [
                    0.015040218830108643,
                    0.9984867572784424,
                    -0.05289873480796814,
