{
    "Model": {
        "UID": 1426489023823156,
        "Scenes": [
            {
                "rootNode": 191
            }
        ],
        "Nodes": [
            {
                "Name": "Bow_Arrow_Mesh",
                "Transform": [
                    1.0,
                    0.0,
                    0.0,
                    0.0,
                    0.0,
                    1.0,
                    0.0,
                    0.0,
                    0.0,
                    0.0,
                    1.0,
                    0.0,
                    0.0,
                    0.0,
                    0.0,
                    1.0
                ],
                "ParentIndex": 191,
                "Children": []
            },
            {
                "Name": "WP_EnemyArcher_Arrow_LP_v08",
                "Transform": [
                    0.5885435938835144,
                    0.0,
                    0.0,
                    0.02912238985300064,
                    0.0,
                    0.5885435938835144,
                    0.0,
                    -0.07152429968118668,
                    0.0,
                    0.0,
                    0.5885435938835144,
                    0.0,
                    0.0,
                    0.0,
                    0.0,
                    1.0
                ],
                "ParentIndex": 2,
                "Children": []
            },
            {
                "Name": "Archer_Enemy_LP_V3",
                "Transform": [
                    1.0,
                    0.0,
                    0.0,
                    0.0,
                    0.0,
                    1.0,
                    0.0,
                    0.0,
                    0.0,
                    0.0,
                    1.0,
                    0.0,
                    0.0,
                    0.0,
                    0.0,
                    1.0
                ],
                "ParentIndex": 189,
                "Children": [
                    1
                ]
            },
            {
                "Name": "arrow_jnt",
                "Transform": [
                    -0.46978235244750977,
                    -0.5064206123352051,
                    0.7230786681175232,
                    -0.2651568055152893,
                    0.8604180812835693,
                    -0.07946860790252686,
                    0.5033541917800903,
                    0.9172082543373108,
                    -0.19744691252708435,
                    0.8586168885231018,
                    0.4730663001537323,
                    0.3521425426006317,
                    0.0,
                    0.0,
                    0.0,
                    1.0
                ],
                "ParentIndex": 65,
                "Children": []
            },
            {
                "Name": "jnt_foot_L_01",
                "Transform": [
                    0.38189226388931274,
                    0.9234312772750854,
                    -0.03785785660147667,
                    0.04577018693089485,
                    -0.4367322325706482,
                    0.21641144156455994,
                    0.8731729984283447,
                    -0.07618536055088043,
                    0.8145081996917725,
                    -0.3169243037700653,
                    0.48593786358833313,
                    0.10243583470582962,
                    0.0,
                    0.0,
                    0.0,
                    1.0
                ],
                "ParentIndex": 5,
                "Children": []
            },
            {
                "Name": "jnt_leg_L_03",
                "Transform": [
                    0.21052181720733643,
                    -0.9510969519615173,
                    -0.2260427325963974,
                    0.419302761554718,
                    0.9114685654640198,
                    0.2745564877986908,
                    -0.30633920431137085,
                    1.685693860054016e-7,
                    0.3534197211265564,
                    -0.1415397971868515,
                    0.9246950745582581,
                    5.681067705154419e-8,
                    0.0,
                    0.0,
                    0.0,
                    1.0
                ],
                "ParentIndex": 6,
                "Children": [
                    4
                ]
            },
            {
                "Name": "jnt_leg_L_02",
                "Transform": [
                    0.8848830461502075,
                    -8.791685104370117e-7,
                    0.4658130407333374,
                    0.38598525524139404,
                    -0.4635791480541229,
                    -0.09782099723815918,
                    0.8806390762329102,
                    1.0244548320770264e-8,
                    0.04556552693247795,
                    -0.995203971862793,
                    -0.08656048029661179,
                    -4.55416738986969e-7,
                    0.0,
                    0.0,
                    0.0,
                    1.0
                ],
                "ParentIndex": 7,
                "Children": [
                    5
                ]
            },
            {
                "Name": "jnt_leg_L_01",
                "Transform": [
                    -0.7825396060943604,
                    0.5056851506233215,
                    -0.3632009029388428,
                    -0.03852972015738487,
                    0.24988719820976257,
                    -0.27921196818351746,
                    -0.9271447658538818,
                    0.10801488161087036,
                    -0.5702532529830933,
                    -0.8162863850593567,
                    0.09212982654571533,
                    0.01395149901509285,
                    0.0,
                    0.0,
                    0.0,
                    1.0
                ],
                "ParentIndex": 52,
                "Children": [
                    6
                ]
            },
            {
                "Name": "jnt_foot_R_01",
                "Transform": [
                    -0.33749234676361084,
                    -0.9407227039337158,
                    0.03375840187072754,
                    -0.04577010124921799,
                    -0.5617764592170715,
                    0.17250685393810272,
                    -0.8091036081314087,
                    -0.07618529349565506,
                    0.7553185820579529,
                    -0.2920309007167816,
                    -0.586695671081543,
                    0.10243578255176544,
                    0.0,
                    0.0,
                    0.0,
                    1.0
                ],
                "ParentIndex": 9,
                "Children": []
            },
            {
                "Name": "jnt_leg_R_03",
                "Transform": [
                    -0.18217481672763824,
                    -0.9414975643157959,
                    -0.2835390865802765,
                    0.4193034768104553,
                    -0.9155079126358032,
                    0.2676089107990265,
                    -0.30038461089134216,
                    -5.820766091346741e-8,
                    0.3586890697479248,
                    0.20485973358154297,
                    -0.9107000827789307,
                    1.210719347000122e-8,
                    0.0,
                    0.0,
                    0.0,
                    1.0
                ],
                "ParentIndex": 10,
                "Children": [
                    8
                ]
            },
            {
                "Name": "jnt_leg_R_02",
                "Transform": [
                    0.8933202624320984,
                    -0.000003129243850708008,
                    -0.44942063093185425,
                    0.3859846889972687,
                    -0.4472658336162567,
                    -0.09781241416931152,
                    -0.8890366554260254,
                    -4.807952791452408e-8,
                    -0.04395614564418793,
                    0.9952048063278198,
                    -0.08737922459840775,
                    0.000001218169927597046,
                    0.0,
                    0.0,
                    0.0,
                    1.0
                ],
                "ParentIndex": 11,
                "Children": [
                    9
                ]
            },
            {
                "Name": "jnt_leg_R_01",
                "Transform": [
                    -0.8805928230285645,
                    0.43912070989608765,
                    0.1781277060508728,
                    -0.03852993622422218,
                    -0.3116160035133362,
                    -0.2534123659133911,
                    -0.9157934784889221,
                    -0.1080150380730629,
                    -0.35700416564941406,
                    -0.8619486093521118,
                    0.3599899113178253,
                    0.013951394706964493,
                    0.0,
                    0.0,
                    0.0,
                    1.0
                ],
                "ParentIndex": 52,
                "Children": [
                    10
                ]
            },
            {
                "Name": "jnt_cloth_1_02",
                "Transform": [
                    0.999999463558197,
                    -0.0009431687649339437,
                    -0.0002504322910681367,
                    0.08041753619909286,
                    0.0009426747565157712,
                    0.9999974966049194,
                    -0.0019658945966511965,
                    -0.006889190524816513,
                    0.00025228585582226515,
                    0.001965657575055957,
                    0.9999979138374329,
                    -0.011575218290090561,
                    0.0,
                    0.0,
                    0.0,
                    1.0
                ],
                "ParentIndex": 13,
                "Children": []
            },
            {
                "Name": "jnt_cloth_1_01",
                "Transform": [
                    -0.8974789977073669,
                    0.08568693697452545,
                    -0.4326539635658264,
                    -0.02099517732858658,
                    0.43830057978630066,
                    0.06376174837350845,
                    -0.8965640068054199,
                    0.1480255126953125,
                    -0.04923703894019127,
                    -0.9942794442176819,
                    -0.09478162974119186,
                    0.007683318108320236,
                    0.0,
                    0.0,
                    0.0,
                    1.0
                ],
                "ParentIndex": 51,
                "Children": [
                    12
                ]
            },
            {
                "Name": "jnt_cloth_2_02",
                "Transform": [
                    0.9965769648551941,
                    -3.725290076417309e-9,
                    -0.08266918361186981,
                    0.10857140272855759,
                    0.08220738917589188,
                    0.10555099695920944,
                    0.9910100102424622,
                    7.636845111846924e-8,
                    0.008725813589990139,
                    -0.9944138526916504,
                    0.10518966615200043,
                    4.778848960995674e-8,
                    0.0,
                    0.0,
                    0.0,
                    1.0
                ],
                "ParentIndex": 15,
                "Children": []
            },
            {
                "Name": "jnt_cloth_2_01",
                "Transform": [
                    -0.9567213654518127,
                    0.02520616352558136,
                    -0.2899121344089508,
                    0.0017504761926829815,
                    0.25254735350608826,
                    -0.42305421829223633,
                    -0.8701984286308289,
                    0.12910427153110504,
                    -0.14458288252353668,
                    -0.9057537913322449,
                    0.39837920665740967,
                    -0.06025243550539017,
                    0.0,
                    0.0,
                    0.0,
                    1.0
                ],
                "ParentIndex": 51,
                "Children": [
                    14
                ]
            },
            {
                "Name": "jnt_cloth_3_02",
                "Transform": [
                    0.9955516457557678,
                    1.341104507446289e-7,
                    0.09421676397323608,
                    0.09466830641031265,
                    -0.09361549466848373,
                    -0.11279380321502686,
                    0.9891985058784485,
                    -0.0055523402988910675,
                    0.010627198033034801,
                    -0.9936184287071228,
                    -0.11229205131530762,
                    0.011838920414447784,
                    0.0,
                    0.0,
                    0.0,
                    1.0
                ],
                "ParentIndex": 17,
                "Children": []
            },
            {
                "Name": "jnt_cloth_3_01",
                "Transform": [
                    -0.9268734455108643,
                    0.1229577288031578,
                    -0.35466474294662476,
                    0.00922047533094883,
                    0.049564387649297714,
                    -0.8964694142341614,
                    -0.4403250217437744,
                    0.05657172575592995,
                    -0.37208738923072815,
                    -0.4257042706012726,
                    0.8248192667961121,
                    -0.11646810173988342,
                    0.0,
                    0.0,
                    0.0,
                    1.0
                ],
                "ParentIndex": 51,
                "Children": [
                    16
                ]
            },
            {
                "Name": "jnt_cloth_front_01",
                "Transform": [
                    -0.9719297885894775,
                    0.23526692390441895,
                    0.0014787911204621196,
                    -0.07643813639879227,
                    -0.01052325963973999,
                    -0.049751054495573044,
                    0.9987062215805054,
                    -0.04989897087216377,
                    0.23503604531288147,
                    0.9706569314002991,
                    0.05083012208342552,
                    0.09361301362514496,
                    0.0,
                    0.0,
                    0.0,
                    1.0
                ],
                "ParentIndex": 51,
                "Children": []
            },
            {
                "Name": "jnt_Pouch_02",
                "Transform": [
                    1.0000001192092896,
                    -7.823110337312755e-8,
                    2.0046716997512704e-7,
                    0.09205205738544464,
                    7.82310962677002e-8,
                    1.0,
                    9.872020001466808e-8,
                    -1.4365650713443756e-7,
                    -2.0046719839683647e-7,
                    -9.872018580381337e-8,
                    1.0,
                    3.91155481338501e-8,
                    0.0,
                    0.0,
                    0.0,
                    1.0
                ],
                "ParentIndex": 20,
                "Children": []
            },
            {
                "Name": "jnt_Pouch_01",
                "Transform": [
                    0.025601087138056755,
                    0.9994261860847473,
                    -0.02218441478908062,
                    -0.002312488853931427,
                    0.960561990737915,
                    -0.018447043374180794,
                    0.27745339274406433,
                    0.0027824081480503082,
                    0.27688488364219666,
                    -0.028412621468305588,
                    -0.9604830145835876,
                    -0.08307712525129318,
                    0.0,
                    0.0,
                    0.0,
                    1.0
                ],
                "ParentIndex": 50,
                "Children": [
                    19
                ]
            },
            {
                "Name": "jnt_cape_L",
                "Transform": [
                    0.9092086553573608,
                    -0.008329834789037704,
                    -0.41625741124153137,
                    0.020779356360435486,
                    0.008894450962543488,
                    0.9999603033065796,
                    -0.0005827954737469554,
                    0.08689363300800323,
                    0.4162457287311554,
                    -0.0031724986620247364,
                    0.9092466235160828,
                    -0.09162552654743195,
                    0.0,
                    0.0,
                    0.0,
                    1.0
                ],
                "ParentIndex": 49,
                "Children": []
            },
            {
                "Name": "jnt_cape_R",
                "Transform": [
                    0.9092086553573608,
                    -0.008329836651682854,
                    -0.4162575304508209,
                    0.017965901643037796,
                    0.008894406259059906,
                    0.9999603033065796,
                    -0.000582895299885422,
                    -0.09582588821649551,
                    0.41624578833580017,
                    -0.0031723896972835064,
                    0.9092466831207275,
                    -0.09104432165622711,
                    0.0,
                    0.0,
                    0.0,
                    1.0
                ],
                "ParentIndex": 49,
                "Children": []
            },
            {
                "Name": "jnt_Lower_L_02",
                "Transform": [
                    -0.01822948269546032,
                    0.22357967495918274,
                    0.9745151996612549,
                    0.04674600064754486,
                    0.03651021048426628,
                    0.9741758704185486,
                    -0.22281886637210846,
                    0.0007574034389108419,
                    -0.9991670846939087,
                    0.031517911702394485,
                    -0.02592158131301403,
                    0.0002361618389841169,
                    0.0,
                    0.0,
                    0.0,
                    1.0
                ],
                "ParentIndex": 24,
                "Children": []
            },
            {
                "Name": "jnt_Lower_L_01",
                "Transform": [
                    0.7643114924430847,
                    -0.28821083903312683,
                    0.5768555402755737,
                    0.10461024940013885,
                    -0.4041252136230469,
                    0.48301368951797485,
                    0.7767758369445801,
                    -0.009096321649849415,
                    -0.502504289150238,
                    -0.8268206119537354,
                    0.25269967317581177,
                    -0.05328553169965744,
                    0.0,
                    0.0,
                    0.0,
                    1.0
                ],
                "ParentIndex": 29,
                "Children": [
                    23
                ]
            },
            {
                "Name": "jnt_Thumb_L_02",
                "Transform": [
                    0.9997895956039429,
                    -0.020511569455266,
                    0.00008250330574810505,
                    0.0504685677587986,
                    0.020092351362109184,
                    0.9801490306854248,
                    0.19724129140377045,
                    -0.0021128663793206215,
                    -0.004126594401896,
                    -0.19719813764095306,
                    0.9803549647331238,
                    0.003262598067522049,
                    0.0,
                    0.0,
                    0.0,
                    1.0
                ],
                "ParentIndex": 26,
                "Children": []
            },
            {
                "Name": "jnt_Thumb_L_01",
                "Transform": [
                    0.6545515656471252,
                    0.7063522338867188,
                    -0.2694970369338989,
                    0.03455042466521263,
                    -0.6945304274559021,
                    0.4209998846054077,
                    -0.5834266543388367,
                    -0.04557165503501892,
                    -0.298646479845047,
                    0.5690565705299377,
                    0.7661494612693787,
                    0.007461328525096178,
                    0.0,
                    0.0,
                    0.0,
                    1.0
                ],
                "ParentIndex": 29,
                "Children": [
                    25
                ]
            },
            {
                "Name": "jnt_Upper_L_02",
                "Transform": [
                    0.015573026612401009,
                    -0.9659387469291687,
                    -0.2583021819591522,
                    0.05427255854010582,
                    -0.23787805438041687,
                    -0.25449541211128235,
                    0.9373612403869629,
                    0.004328049719333649,
                    -0.9711703062057495,
                    0.046846840530633926,
                    -0.23373889923095703,
                    0.001096051186323166,
                    0.0,
                    0.0,
                    0.0,
                    1.0
                ],
                "ParentIndex": 28,
                "Children": []
            },
            {
                "Name": "jnt_Upper_L_01",
                "Transform": [
                    0.5661928653717041,
                    0.11301922798156738,
                    0.8164879083633423,
                    0.11719673871994019,
                    -0.6958495378494263,
                    0.5965062379837036,
                    0.39996734261512756,
                    -0.037994593381881714,
                    -0.44183602929115295,
                    -0.7946112155914307,
                    0.4163820147514343,
                    -0.008195371367037296,
                    0.0,
                    0.0,
                    0.0,
                    1.0
                ],
                "ParentIndex": 29,
                "Children": [
                    27
                ]
            },
            {
                "Name": "jnt_wrist_L",
                "Transform": [
                    0.9563308358192444,
                    -0.1989247053861618,
                    -0.214150071144104,
                    0.2560172975063324,
                    0.2844051122665405,
                    0.8023045063018799,
                    0.5248058438301086,
                    2.1886080503463745e-8,
                    0.0674167051911354,
                    -0.5627934336662292,
                    0.8238437175750732,
                    -2.4959444999694824e-7,
                    0.0,
                    0.0,
                    0.0,
                    1.0
                ],
                "ParentIndex": 30,
                "Children": [
                    24,
                    26,
                    28
                ]
            },
            {
                "Name": "jnt_arm_L_02",
                "Transform": [
                    0.500142514705658,
                    -0.05316757410764694,
                    -0.8643093705177307,
                    0.2234577238559723,
                    0.796229898929596,
                    -0.36412522196769714,
                    0.48314669728279114,
                    -0.0016815979033708572,
                    -0.3404045104980469,
                    -0.9298312067985535,
                    -0.13978098332881927,
                    0.006828870624303818,
                    0.0,
                    0.0,
                    0.0,
                    1.0
                ],
                "ParentIndex": 31,
                "Children": [
                    29
                ]
            },
            {
                "Name": "jnt_arm_L_01",
                "Transform": [
                    0.40889787673950195,
                    -0.6207836270332336,
                    -0.6689023375511169,
                    0.08846963942050934,
                    -0.48237890005111694,
                    0.47518211603164673,
                    -0.7358754873275757,
                    -0.0011294074356555939,
                    0.7746698260307312,
                    0.6235622763633728,
                    -0.10515189170837402,
                    -0.0031390897929668427,
                    0.0,
                    0.0,
                    0.0,
                    1.0
                ],
                "ParentIndex": 32,
                "Children": [
                    30
                ]
            },
            {
                "Name": "jnt_clavicle_L",
                "Transform": [
                    0.20174483954906464,
                    0.3977547585964203,
                    -0.895036518573761,
                    0.0830942913889885,
                    0.9273919463157654,
                    0.21634924411773682,
                    0.30518391728401184,
                    0.08213610202074051,
                    0.31502893567085266,
                    -0.8916189670562744,
                    -0.3252272605895996,
                    0.05699961632490158,
                    0.0,
                    0.0,
                    0.0,
                    1.0
                ],
                "ParentIndex": 49,
                "Children": [
                    31
                ]
            },
            {
                "Name": "jnt_Rower_R_02",
                "Transform": [
                    0.7938956022262573,
                    0.13610528409481049,
                    0.5926254987716675,
                    -0.04674597084522247,
                    0.07878490537405014,
                    0.943385899066925,
                    -0.3222048282623291,
                    -0.0007573366165161133,
                    -0.6029282808303833,
                    0.30248698592185974,
                    0.7382268905639648,
                    -0.0002361983060836792,
                    0.0,
                    0.0,
                    0.0,
                    1.0
                ],
                "ParentIndex": 34,
                "Children": []
            },
            {
                "Name": "jnt_Rower_R_01",
                "Transform": [
                    0.05419062450528145,
                    -0.417071133852005,
                    0.9072568416595459,
                    -0.10449089854955673,
                    -0.7184624671936035,
                    0.6147053837776184,
                    0.32549765706062317,
                    0.0047743916511535645,
                    -0.693451464176178,
                    -0.6694688200950623,
                    -0.2663387954235077,
                    0.054071590304374695,
                    0.0,
                    0.0,
                    0.0,
                    1.0
                ],
                "ParentIndex": 39,
                "Children": [
                    33
                ]
            },
            {
                "Name": "jnt_Thumb_R_02",
                "Transform": [
                    0.9997894763946533,
                    -0.020512184128165245,
                    0.00008591311052441597,
                    -0.049598172307014465,
                    0.02009243704378605,
                    0.9801568388938904,
                    0.1972031444311142,
                    0.0015893131494522095,
                    -0.0041292752139270306,
                    -0.19715996086597443,
                    0.9803626537322998,
                    -0.00154055655002594,
                    0.0,
                    0.0,
                    0.0,
                    1.0
                ],
                "ParentIndex": 36,
                "Children": []
            },
            {
                "Name": "jnt_Thumb_R_01",
                "Transform": [
                    0.7436990737915039,
                    0.5470368266105652,
                    -0.38426855206489563,
                    -0.0337667390704155,
                    -0.6500949859619141,
                    0.4577904939651489,
                    -0.606468677520752,
                    0.04669921100139618,
                    -0.1558462232351303,
                    0.7008413672447205,
                    0.696084201335907,
                    -0.002224832773208618,
                    0.0,
                    0.0,
                    0.0,
                    1.0
                ],
                "ParentIndex": 39,
                "Children": [
                    35
                ]
            },
            {
                "Name": "jnt_Upper_R_02",
                "Transform": [
                    -0.041471000760793686,
                    -0.09207498282194138,
                    0.9948882460594177,
                    -0.05427315831184387,
                    -0.1163937970995903,
                    0.9894104599952698,
                    0.08671626448631287,
                    -0.004328325390815735,
                    -0.9923369884490967,
                    -0.11220262944698334,
                    -0.05174887180328369,
                    -0.0010960428044199944,
                    0.0,
                    0.0,
                    0.0,
                    1.0
                ],
                "ParentIndex": 38,
                "Children": []
            },
            {
                "Name": "jnt_Upper_R_01",
                "Transform": [
                    -0.14857697486877441,
                    0.048321403563022614,
                    0.9877194166183472,
                    -0.11654385924339294,
                    -0.7300397157669067,
                    0.6683799624443054,
                    -0.14251424372196198,
                    0.03879768028855324,
                    -0.6670583486557007,
                    -0.7422489523887634,
                    -0.06402932852506638,
                    0.012552865780889988,
                    0.0,
                    0.0,
                    0.0,
                    1.0
                ],
                "ParentIndex": 39,
                "Children": [
                    37
                ]
            },
            {
                "Name": "jnt_wrist_R",
                "Transform": [
                    1.0,
                    5.103647708892822e-7,
                    -5.0291582454065065e-8,
                    -0.25602051615715027,
                    -5.103647708892822e-7,
                    1.0,
                    -6.388872861862183e-7,
                    0.0000023543834686279297,
                    5.0291255604406615e-8,
                    6.388872861862183e-7,
                    1.0,
                    0.0000031637027859687805,
                    0.0,
                    0.0,
                    0.0,
                    1.0
                ],
                "ParentIndex": 40,
                "Children": [
                    34,
                    36,
                    38
                ]
            },
            {
                "Name": "jnt_arm_R_02",
                "Transform": [
                    0.7078723311424255,
                    0.3003859221935272,
                    -0.6392846703529358,
                    -0.22132126986980438,
                    0.7038605809211731,
                    -0.2242092788219452,
                    0.6740254759788513,
                    4.172325134277344e-7,
                    0.05913426727056503,
                    -0.9270913600921631,
                    -0.37014147639274597,
                    0.0000038046855479478836,
                    0.0,
                    0.0,
                    0.0,
                    1.0
                ],
                "ParentIndex": 41,
                "Children": [
                    39
                ]
            },
            {
                "Name": "jnt_arm_R_01",
                "Transform": [
                    0.22644928097724915,
                    -0.09027117490768433,
                    -0.9698308706283569,
                    -0.09483572840690613,
                    -0.18349577486515045,
                    0.9739139080047607,
                    -0.13349628448486328,
                    2.468004822731018e-7,
                    0.9565826654434204,
                    0.20819002389907837,
                    0.20397770404815674,
                    -0.0000012656673789024353,
                    0.0,
                    0.0,
                    0.0,
                    1.0
                ],
                "ParentIndex": 42,
                "Children": [
                    40
                ]
            },
            {
                "Name": "jnt_clavicle_R1",
                "Transform": [
                    -0.21715068817138672,
                    -0.40135112404823303,
                    0.8898106813430786,
                    0.08444532006978989,
                    0.9218848943710327,
                    0.21534520387649536,
                    0.32210999727249146,
                    -0.08037717640399933,
                    -0.3208957612514496,
                    0.8902493119239807,
                    0.3232370615005493,
                    0.057515211403369904,
                    0.0,
                    0.0,
                    0.0,
                    1.0
                ],
                "ParentIndex": 49,
                "Children": [
                    41
                ]
            },
            {
                "Name": "jnt_Head_01",
                "Transform": [
                    0.0000010728834922701935,
                    0.9090647101402283,
                    -0.41665515303611755,
                    0.10937419533729553,
                    1.0,
                    -0.0000010728834922701935,
                    7.897614864305069e-7,
                    -1.0617077350616455e-7,
                    3.27825517842939e-7,
                    -0.41665515303611755,
                    -0.9090648293495178,
                    -0.05057179555296898,
                    0.0,
                    0.0,
                    0.0,
                    1.0
                ],
                "ParentIndex": 46,
                "Children": []
            },
            {
                "Name": "jnt_Hood_L",
                "Transform": [
                    0.9965075254440308,
                    0.08315281569957733,
                    -0.007619692012667656,
                    0.008536756038665771,
                    -0.08315283805131912,
                    0.9798831343650818,
                    -0.18142323195934296,
                    0.06978553533554077,
                    -0.0076194461435079575,
                    0.18142323195934296,
                    0.9833755493164063,
                    -0.048259761184453964,
                    0.0,
                    0.0,
                    0.0,
                    1.0
                ],
                "ParentIndex": 46,
                "Children": []
            },
            {
                "Name": "jnt_Hood_R",
                "Transform": [
                    0.9965083599090576,
                    -0.08322158455848694,
                    0.006828769575804472,
                    0.00001555122435092926,
                    -0.08315303176641464,
                    -0.9815657138824463,
                    0.17209026217460632,
                    -0.07952244579792023,
                    -0.0076187169179320335,
                    -0.17205651104450226,
                    -0.9850611090660095,
                    -0.063718780875206,
                    0.0,
                    0.0,
                    0.0,
                    1.0
                ],
                "ParentIndex": 46,
                "Children": []
            },
            {
                "Name": "jnt_Neck_01",
                "Transform": [
                    0.9111678004264832,
                    -0.006582662463188171,
                    -0.41198283433914185,
                    0.18033352494239807,
                    -0.2303176075220108,
                    0.8209416270256042,
                    -0.5225022435188293,
                    0.0016950711142271757,
                    0.34165334701538086,
                    0.5709741711616516,
                    0.7464995384216309,
                    0.06077471002936363,
                    0.0,
                    0.0,
                    0.0,
                    1.0
                ],
                "ParentIndex": 49,
                "Children": [
                    43,
                    44,
                    45
                ]
            },
            {
                "Name": "Arrows_Quiver_jnt",
                "Transform": [
                    0.9989202618598938,
                    0.0026346510276198387,
                    -0.04638184234499931,
                    -0.06566035747528076,
                    4.656612428988183e-9,
                    0.9983904361724854,
                    0.05671216920018196,
                    0.05959796905517578,
                    0.046456608921289444,
                    -0.05665094032883644,
                    0.9973124861717224,
                    0.004914812743663788,
                    0.0,
                    0.0,
                    0.0,
                    1.0
                ],
                "ParentIndex": 48,
                "Children": []
            },
            {
                "Name": "jnt_Quiver",
                "Transform": [
                    -0.008330107666552067,
                    0.9999653697013855,
                    -0.0004215239023324102,
                    0.040018048137426376,
                    0.9999604821205139,
                    0.008328617550432682,
                    -0.0031760113779455423,
                    0.04192957654595375,
                    -0.0031723910942673683,
                    -0.0004479636554606259,
                    -0.9999949336051941,
                    0.19356544315814972,
                    0.0,
                    0.0,
                    0.0,
                    1.0
                ],
                "ParentIndex": 49,
                "Children": [
                    47
                ]
            },
            {
                "Name": "jnt_spine_03",
                "Transform": [
                    0.9999581575393677,
                    0.008318054489791393,
                    -0.0038146411534398794,
                    0.11617875844240189,
                    -0.008330175653100014,
                    0.9999601244926453,
                    -0.00317272893153131,
                    0.0,
                    0.003788098692893982,
                    0.003204372711479664,
                    0.9999876022338867,
                    0.0003910907544195652,
                    0.0,
                    0.0,
                    0.0,
                    1.0
                ],
                "ParentIndex": 50,
                "Children": [
                    21,
                    22,
                    32,
                    42,
                    46,
                    48
                ]
