{
    "Model": {
        "UID": 1415534071469819,
        "Scenes": [
            {
                "rootNode": 190
            }
        ],
        "Nodes": [
            {
                "Name": "Bow_Arrow_Mesh",
                "Transform": [
                    1.0,
                    0.0,
                    0.0,
                    0.15505841374397278,
                    0.0,
                    1.0,
                    0.0,
                    0.9716887474060059,
                    0.0,
                    0.0,
                    1.0,
                    -0.00024911045329645276,
                    0.0,
                    0.0,
                    0.0,
                    1.0
                ],
                "ParentIndex": 190,
                "Children": []
            },
            {
                "Name": "Archer_Enemy_LP_V3",
                "Transform": [
                    1.0,
                    0.0,
                    0.0,
                    0.0,
                    0.0,
                    1.0,
                    0.0,
                    0.0,
                    0.0,
                    0.0,
                    1.0,
                    0.0,
                    0.0,
                    0.0,
                    0.0,
                    1.0
                ],
                "ParentIndex": 188,
                "Children": []
            },
            {
                "Name": "arrow_jnt",
                "Transform": [
                    -0.46978187561035156,
                    -0.5064208507537842,
                    0.7230788469314575,
                    -0.2651568055152893,
                    0.860418438911438,
                    -0.07946860790252686,
                    0.5033535957336426,
                    0.9172082543373108,
                    -0.1974467635154724,
                    0.8586167693138123,
                    0.4730665981769562,
                    0.3521425426006317,
                    0.0,
                    0.0,
                    0.0,
                    1.0
                ],
                "ParentIndex": 64,
                "Children": []
            },
            {
                "Name": "jnt_foot_L_01",
                "Transform": [
                    0.3818923234939575,
                    0.9234312772750854,
                    -0.03785818815231323,
                    0.04577020928263664,
                    -0.43673205375671387,
                    0.2164117395877838,
                    0.8731729984283447,
                    -0.07618530839681625,
                    0.8145080804824829,
                    -0.31692421436309814,
                    0.4859379529953003,
                    0.10243584215641022,
                    0.0,
                    0.0,
                    0.0,
                    1.0
                ],
                "ParentIndex": 4,
                "Children": []
            },
            {
                "Name": "jnt_leg_L_03",
                "Transform": [
                    0.21052193641662598,
                    -0.9510970115661621,
                    -0.22604288160800934,
                    0.4193028211593628,
                    0.9114686250686646,
                    0.2745566666126251,
                    -0.3063391447067261,
                    1.3550743460655212e-7,
                    0.35341978073120117,
                    -0.14153987169265747,
                    0.9246950745582581,
                    7.82310962677002e-8,
                    0.0,
                    0.0,
                    0.0,
                    1.0
                ],
                "ParentIndex": 5,
                "Children": [
                    3
                ]
            },
            {
                "Name": "jnt_leg_L_02",
                "Transform": [
                    0.8848830461502075,
                    -8.344650268554688e-7,
                    0.46581315994262695,
                    0.38598525524139404,
                    -0.4635792076587677,
                    -0.09782099723815918,
                    0.8806390762329102,
                    1.0244548320770264e-8,
                    0.04556557163596153,
                    -0.9952040314674377,
                    -0.08656059950590134,
                    -4.55416738986969e-7,
                    0.0,
                    0.0,
                    0.0,
                    1.0
                ],
                "ParentIndex": 6,
                "Children": [
                    4
                ]
            },
            {
                "Name": "jnt_leg_L_01",
                "Transform": [
                    -0.7825396060943604,
                    0.5056851506233215,
                    -0.3632009029388428,
                    -0.03852972015738487,
                    0.24988719820976257,
                    -0.27921196818351746,
                    -0.9271447658538818,
                    0.10801488161087036,
                    -0.5702532529830933,
                    -0.8162863850593567,
                    0.09212982654571533,
                    0.01395149901509285,
                    0.0,
                    0.0,
                    0.0,
                    1.0
                ],
                "ParentIndex": 51,
                "Children": [
                    5
                ]
            },
            {
                "Name": "jnt_foot_R_01",
                "Transform": [
                    -0.33749234676361084,
                    -0.9407230019569397,
                    0.03375842794775963,
                    -0.04577004164457321,
                    -0.5617764592170715,
                    0.1725069135427475,
                    -0.8091035485267639,
                    -0.07618536055088043,
                    0.7553185224533081,
                    -0.29203101992607117,
                    -0.5866956114768982,
                    0.10243579745292664,
                    0.0,
                    0.0,
                    0.0,
                    1.0
                ],
                "ParentIndex": 8,
                "Children": []
            },
            {
                "Name": "jnt_leg_R_03",
                "Transform": [
                    -0.18217457830905914,
                    -0.9414977431297302,
                    -0.2835390865802765,
                    0.41930344700813293,
                    -0.9155081510543823,
                    0.2676084637641907,
                    -0.30038461089134216,
                    2.7008354663848877e-8,
                    0.35868892073631287,
                    0.20485983788967133,
                    -0.9107004404067993,
                    2.514570951461792e-8,
                    0.0,
                    0.0,
                    0.0,
                    1.0
                ],
                "ParentIndex": 9,
                "Children": [
                    7
                ]
            },
            {
                "Name": "jnt_leg_R_02",
                "Transform": [
                    0.8933202028274536,
                    -0.000003084540367126465,
                    -0.44942063093185425,
                    0.3859846889972687,
                    -0.4472658336162567,
                    -0.09781241416931152,
                    -0.8890367150306702,
                    -4.807952791452408e-8,
                    -0.04395611211657524,
                    0.9952049851417542,
                    -0.08737921714782715,
                    0.000001218169927597046,
                    0.0,
                    0.0,
                    0.0,
                    1.0
                ],
                "ParentIndex": 10,
                "Children": [
                    8
                ]
            },
            {
                "Name": "jnt_leg_R_01",
                "Transform": [
                    -0.8805928230285645,
                    0.43912070989608765,
                    0.1781277060508728,
                    -0.03852993622422218,
                    -0.3116160035133362,
                    -0.2534123659133911,
                    -0.9157934784889221,
                    -0.1080150380730629,
                    -0.35700416564941406,
                    -0.8619486093521118,
                    0.3599899113178253,
                    0.013951394706964493,
                    0.0,
                    0.0,
                    0.0,
                    1.0
                ],
                "ParentIndex": 51,
                "Children": [
                    9
                ]
            },
            {
                "Name": "jnt_cloth_1_02",
                "Transform": [
                    0.999999463558197,
                    -0.000943269464187324,
                    -0.00025045053916983306,
                    0.08041759580373764,
                    0.0009427752229385078,
                    0.999997615814209,
                    -0.001965991221368313,
                    -0.0068891942501068115,
                    0.0002523043949622661,
                    0.001965754432603717,
                    0.9999979734420776,
                    -0.01157514750957489,
                    0.0,
                    0.0,
                    0.0,
                    1.0
                ],
                "ParentIndex": 12,
                "Children": []
            },
            {
                "Name": "jnt_cloth_1_01",
                "Transform": [
                    -0.8974788188934326,
                    0.0856873095035553,
                    -0.43265390396118164,
                    -0.0209952499717474,
                    0.43830057978630066,
                    0.06376183032989502,
                    -0.8965640068054199,
                    0.1480255126953125,
                    -0.04923735558986664,
                    -0.9942797422409058,
                    -0.09478175640106201,
                    0.00768333300948143,
                    0.0,
                    0.0,
                    0.0,
                    1.0
                ],
                "ParentIndex": 50,
                "Children": [
                    11
                ]
            },
            {
                "Name": "jnt_cloth_2_02",
                "Transform": [
                    0.9965769648551941,
                    -1.1920928955078125e-7,
                    -0.08266917616128922,
                    0.1085713803768158,
                    0.08220738917589188,
                    0.10555130243301392,
                    0.9910098910331726,
                    6.984919309616089e-8,
                    0.008725720457732677,
                    -0.9944137930870056,
                    0.1051899641752243,
                    4.755565896630287e-8,
                    0.0,
                    0.0,
                    0.0,
                    1.0
                ],
                "ParentIndex": 14,
                "Children": []
            },
            {
                "Name": "jnt_cloth_2_01",
                "Transform": [
                    -0.956721305847168,
                    0.02520638331770897,
                    -0.28991207480430603,
                    0.0017504815477877855,
                    0.25254717469215393,
                    -0.42305439710617065,
                    -0.8701984286308289,
                    0.12910425662994385,
                    -0.14458303153514862,
                    -0.9057539105415344,
                    0.39837920665740967,
                    -0.060252442955970764,
                    0.0,
                    0.0,
                    0.0,
                    1.0
                ],
                "ParentIndex": 50,
                "Children": [
                    13
                ]
            },
            {
                "Name": "jnt_cloth_3_02",
                "Transform": [
                    0.9955517053604126,
                    1.2293457984924316e-7,
                    0.09421680122613907,
                    0.09466829150915146,
                    -0.09361553192138672,
                    -0.11279380321502686,
                    0.989198625087738,
                    -0.005552332848310471,
                    0.010627180337905884,
                    -0.9936185479164124,
                    -0.11229205131530762,
                    0.011838939040899277,
                    0.0,
                    0.0,
                    0.0,
                    1.0
                ],
                "ParentIndex": 16,
                "Children": []
            },
            {
                "Name": "jnt_cloth_3_01",
                "Transform": [
                    -0.9268733859062195,
                    0.12295784801244736,
                    -0.35466471314430237,
                    0.00922037847340107,
                    0.049564264714717865,
                    -0.8964695334434509,
                    -0.4403248429298401,
                    0.05657172203063965,
                    -0.3720874786376953,
                    -0.42570415139198303,
                    0.8248190879821777,
                    -0.11646810173988342,
                    0.0,
                    0.0,
                    0.0,
                    1.0
                ],
                "ParentIndex": 50,
                "Children": [
                    15
                ]
            },
            {
                "Name": "jnt_cloth_front_01",
                "Transform": [
                    -0.971929669380188,
                    0.23526673018932343,
                    0.0014788805274292827,
                    -0.0764382928609848,
                    -0.01052319910377264,
                    -0.0497511625289917,
                    0.9987061619758606,
                    -0.04989897459745407,
                    0.23503588140010834,
                    0.9706567525863647,
                    0.05083030089735985,
                    0.09361301362514496,
                    0.0,
                    0.0,
                    0.0,
                    1.0
                ],
                "ParentIndex": 50,
                "Children": []
            },
            {
                "Name": "jnt_Pouch_02",
                "Transform": [
                    1.0,
                    -8.102507820240135e-8,
                    2.1420419216156006e-7,
                    0.09205204993486404,
                    8.102504978069192e-8,
                    1.0,
                    1.3131649723163719e-7,
                    -3.748573362827301e-8,
                    -2.1420419216156006e-7,
                    -1.3131646880992776e-7,
                    1.0,
                    4.284083843231201e-8,
                    0.0,
                    0.0,
                    0.0,
                    1.0
                ],
                "ParentIndex": 19,
                "Children": []
            },
            {
                "Name": "jnt_Pouch_01",
                "Transform": [
                    0.025601446628570557,
                    0.9994263052940369,
                    -0.02218468487262726,
                    -0.0023124124854803085,
                    0.9605620503425598,
                    -0.018447283655405045,
                    0.27745336294174194,
                    0.002782382071018219,
                    0.27688485383987427,
                    -0.02841298282146454,
                    -0.9604830741882324,
                    -0.0830770954489708,
                    0.0,
                    0.0,
                    0.0,
                    1.0
                ],
                "ParentIndex": 49,
                "Children": [
                    18
                ]
            },
            {
                "Name": "jnt_cape_L",
                "Transform": [
                    0.9092087149620056,
                    -0.00832983385771513,
                    -0.41625723242759705,
                    0.020779188722372055,
                    0.008894422091543674,
                    0.9999603033065796,
                    -0.0005828547291457653,
                    0.08689367026090622,
                    0.41624554991722107,
                    -0.003172430908307433,
                    0.9092466831207275,
                    -0.09162554144859314,
                    0.0,
                    0.0,
                    0.0,
                    1.0
                ],
                "ParentIndex": 48,
                "Children": []
            },
            {
                "Name": "jnt_cape_R",
                "Transform": [
                    0.9092085957527161,
                    -0.008329850621521473,
                    -0.4162573516368866,
                    0.017965732142329216,
                    0.008894404396414757,
                    0.9999603033065796,
                    -0.0005829291185364127,
                    -0.09582582116127014,
                    0.41624563932418823,
                    -0.003172357566654682,
                    0.9092466235160828,
                    -0.09104432910680771,
                    0.0,
                    0.0,
                    0.0,
                    1.0
                ],
                "ParentIndex": 48,
                "Children": []
            },
            {
                "Name": "jnt_Lower_L_02",
                "Transform": [
                    -0.01822948083281517,
                    0.22357964515686035,
                    0.9745149612426758,
                    0.046745896339416504,
                    0.03651019185781479,
                    0.9741758108139038,
                    -0.22281883656978607,
                    0.0007574543124064803,
                    -0.99916672706604,
                    0.03151784464716911,
                    -0.02592157945036888,
                    0.000236154708545655,
                    0.0,
                    0.0,
                    0.0,
                    1.0
                ],
                "ParentIndex": 23,
                "Children": []
            },
            {
                "Name": "jnt_Lower_L_01",
                "Transform": [
                    0.7643117904663086,
                    -0.28821057081222534,
                    0.5768555402755737,
                    0.10461028665304184,
                    -0.40412524342536926,
                    0.48301374912261963,
                    0.7767758369445801,
                    -0.009096263907849789,
                    -0.5025040507316589,
                    -0.8268208503723145,
                    0.25269994139671326,
                    -0.05328553915023804,
                    0.0,
                    0.0,
                    0.0,
                    1.0
                ],
                "ParentIndex": 28,
                "Children": [
                    22
                ]
            },
            {
                "Name": "jnt_Thumb_L_02",
                "Transform": [
                    0.9997895956039429,
                    -0.02051151730120182,
                    0.00008251145482063293,
                    0.050468578934669495,
                    0.020092293620109558,
                    0.9801491498947144,
                    0.19724130630493164,
                    -0.002112841233611107,
                    -0.004126591607928276,
                    -0.19719818234443665,
                    0.9803549647331238,
                    0.003262607380747795,
                    0.0,
                    0.0,
                    0.0,
                    1.0
                ],
                "ParentIndex": 25,
                "Children": []
            },
            {
                "Name": "jnt_Thumb_L_01",
                "Transform": [
                    0.6545515060424805,
                    0.7063523530960083,
                    -0.26949700713157654,
                    0.034550465643405914,
                    -0.6945305466651917,
                    0.4209998548030853,
                    -0.5834265947341919,
                    -0.04557153210043907,
                    -0.2986465394496918,
                    0.5690565705299377,
                    0.7661493420600891,
                    0.007461330387741327,
                    0.0,
                    0.0,
                    0.0,
                    1.0
                ],
                "ParentIndex": 28,
                "Children": [
                    24
                ]
            },
            {
                "Name": "jnt_Upper_L_02",
                "Transform": [
                    0.015572786331176758,
                    -0.9659388065338135,
                    -0.2583019733428955,
                    0.05427243560552597,
                    -0.23787805438041687,
                    -0.25449517369270325,
                    0.937361478805542,
                    0.004328139126300812,
                    -0.97117018699646,
                    0.04684701934456825,
                    -0.23373880982398987,
                    0.0010960940271615982,
                    0.0,
                    0.0,
                    0.0,
                    1.0
                ],
                "ParentIndex": 27,
                "Children": []
            },
            {
                "Name": "jnt_Upper_L_01",
                "Transform": [
                    0.5661928653717041,
                    0.113019198179245,
                    0.8164878487586975,
                    0.11719678342342377,
                    -0.6958495378494263,
                    0.5965061187744141,
                    0.3999673128128052,
                    -0.03799452260136604,
                    -0.44183605909347534,
                    -0.7946113348007202,
                    0.4163818359375,
                    -0.008195396512746811,
                    0.0,
                    0.0,
                    0.0,
                    1.0
                ],
                "ParentIndex": 28,
                "Children": [
                    26
                ]
            },
            {
                "Name": "jnt_wrist_L",
                "Transform": [
                    0.9563308358192444,
                    -0.1989249885082245,
                    -0.21414996683597565,
                    0.25601720809936523,
                    0.28440529108047485,
                    0.8023045063018799,
                    0.5248057842254639,
                    1.1199153959751129e-7,
                    0.06741650402545929,
                    -0.5627933740615845,
                    0.8238438367843628,
                    -2.7939677238464355e-7,
                    0.0,
                    0.0,
                    0.0,
                    1.0
                ],
                "ParentIndex": 29,
                "Children": [
                    23,
                    25,
                    27
                ]
            },
            {
                "Name": "jnt_arm_L_02",
                "Transform": [
                    0.5001424551010132,
                    -0.05316741392016411,
                    -0.8643096089363098,
                    0.22345790266990662,
                    0.7962300777435303,
                    -0.3641253411769867,
                    0.483146607875824,
                    -0.0016815843991935253,
                    -0.3404045104980469,
                    -0.9298314452171326,
                    -0.1397811472415924,
                    0.006828848272562027,
                    0.0,
                    0.0,
                    0.0,
                    1.0
                ],
                "ParentIndex": 30,
                "Children": [
                    28
                ]
            },
            {
                "Name": "jnt_arm_L_01",
                "Transform": [
                    0.4088979661464691,
                    -0.6207835674285889,
                    -0.6689022779464722,
                    0.0884694755077362,
                    -0.4823787808418274,
                    0.4751819372177124,
                    -0.7358756065368652,
                    -0.0011293403804302216,
                    0.7746697068214417,
                    0.6235623359680176,
                    -0.10515189170837402,
                    -0.0031388727948069572,
                    0.0,
                    0.0,
                    0.0,
                    1.0
                ],
                "ParentIndex": 31,
                "Children": [
                    29
                ]
            },
            {
                "Name": "jnt_clavicle_L",
                "Transform": [
                    0.20174476504325867,
                    0.3977544903755188,
                    -0.8950366377830505,
                    0.08309417217969894,
                    0.9273920655250549,
                    0.2163495421409607,
                    0.3051835596561432,
                    0.0821361392736435,
                    0.3150288760662079,
                    -0.8916188478469849,
                    -0.32522693276405334,
                    0.05699960142374039,
                    0.0,
                    0.0,
                    0.0,
                    1.0
                ],
                "ParentIndex": 48,
                "Children": [
                    30
                ]
            },
            {
                "Name": "jnt_Rower_R_02",
                "Transform": [
                    0.7938955426216125,
                    0.13610586524009705,
                    0.5926255583763123,
                    -0.046745993196964264,
                    0.07878395169973373,
                    0.9433861374855042,
                    -0.32220447063446045,
                    -0.0007573217153549194,
                    -0.6029286980628967,
                    0.3024860620498657,
                    0.7382270693778992,
                    -0.0002361685037612915,
                    0.0,
                    0.0,
                    0.0,
                    1.0
                ],
                "ParentIndex": 33,
                "Children": []
            },
            {
                "Name": "jnt_Rower_R_01",
                "Transform": [
                    0.054190751165151596,
                    -0.4170699715614319,
                    0.9072572588920593,
                    -0.10449088364839554,
                    -0.7184618711471558,
                    0.6147065162658691,
                    0.32549694180488586,
                    0.004774484783411026,
                    -0.693452000617981,
                    -0.6694688200950623,
                    -0.26633748412132263,
                    0.054071564227342606,
                    0.0,
                    0.0,
                    0.0,
                    1.0
                ],
                "ParentIndex": 38,
                "Children": [
                    32
                ]
            },
            {
                "Name": "jnt_Thumb_R_02",
                "Transform": [
                    0.9997895956039429,
                    -0.020512090995907784,
                    0.00008572940714657307,
                    -0.04959821701049805,
                    0.02009238488972187,
                    0.9801567196846008,
                    0.19720323383808136,
                    0.0015892982482910156,
                    -0.004129079170525074,
                    -0.1971600204706192,
                    0.9803626537322998,
                    -0.0015404745936393738,
                    0.0,
                    0.0,
                    0.0,
                    1.0
                ],
                "ParentIndex": 35,
                "Children": []
            },
            {
                "Name": "jnt_Thumb_R_01",
                "Transform": [
                    0.7436984181404114,
                    0.5470373630523682,
                    -0.3842688798904419,
                    -0.03376671299338341,
                    -0.6500954627990723,
                    0.45778924226760864,
                    -0.6064691543579102,
                    0.046699266880750656,
                    -0.15584713220596313,
                    0.7008416056632996,
                    0.6960837841033936,
                    -0.002224903553724289,
                    0.0,
                    0.0,
                    0.0,
                    1.0
                ],
                "ParentIndex": 38,
                "Children": [
                    34
                ]
            },
            {
                "Name": "jnt_Upper_R_02",
                "Transform": [
                    -0.041471000760793686,
                    -0.09207522869110107,
                    0.9948880076408386,
                    -0.0542730838060379,
                    -0.11639363318681717,
                    0.9894101619720459,
                    0.08671652525663376,
                    -0.004328444600105286,
                    -0.9923370480537415,
                    -0.11220242083072662,
                    -0.051748864352703094,
                    -0.0010959329083561897,
                    0.0,
                    0.0,
                    0.0,
                    1.0
                ],
                "ParentIndex": 37,
                "Children": []
            },
            {
                "Name": "jnt_Upper_R_01",
                "Transform": [
                    -0.14857707917690277,
                    0.048322081565856934,
                    0.9877194166183472,
                    -0.11654379218816757,
                    -0.7300394773483276,
                    0.6683800220489502,
                    -0.14251476526260376,
                    0.03879784420132637,
                    -0.6670585870742798,
                    -0.7422487735748291,
                    -0.06402896344661713,
                    0.012552831321954727,
                    0.0,
                    0.0,
                    0.0,
                    1.0
                ],
                "ParentIndex": 38,
                "Children": [
                    36
                ]
            },
            {
                "Name": "jnt_wrist_R",
                "Transform": [
                    1.0,
                    -5.103647140458634e-7,
                    -2.929009781382774e-7,
                    -0.2560204565525055,
                    5.103647708892822e-7,
                    0.9999999403953552,
                    1.266597990934315e-7,
                    0.000002425163984298706,
                    2.9290092129485856e-7,
                    -1.2665992699112394e-7,
                    1.0,
                    0.00000306498259305954,
                    0.0,
                    0.0,
                    0.0,
                    1.0
                ],
                "ParentIndex": 39,
                "Children": [
                    33,
                    35,
                    37
                ]
            },
            {
                "Name": "jnt_arm_R_02",
                "Transform": [
                    0.7078725695610046,
                    0.3003857433795929,
                    -0.6392846703529358,
                    -0.22132137417793274,
                    0.7038605809211731,
                    -0.22420910000801086,
                    0.6740257143974304,
                    3.650784492492676e-7,
                    0.05913425236940384,
                    -0.927091658115387,
                    -0.3701411485671997,
                    0.0000037928111851215363,
                    0.0,
                    0.0,
                    0.0,
                    1.0
                ],
                "ParentIndex": 40,
                "Children": [
                    38
                ]
            },
            {
                "Name": "jnt_arm_R_01",
                "Transform": [
                    0.22644954919815063,
                    -0.09027107805013657,
                    -0.9698308110237122,
                    -0.0948358029127121,
                    -0.18349552154541016,
                    0.9739137887954712,
                    -0.1334962248802185,
                    3.417953848838806e-7,
                    0.9565824866294861,
                    0.20818977057933807,
                    0.20397800207138062,
                    -0.0000012507662177085876,
                    0.0,
                    0.0,
                    0.0,
                    1.0
                ],
                "ParentIndex": 41,
                "Children": [
                    39
                ]
            },
            {
                "Name": "jnt_clavicle_R1",
                "Transform": [
                    -0.21715080738067627,
                    -0.40135061740875244,
                    0.8898108601570129,
                    0.08444519340991974,
                    0.9218848943710327,
                    0.2153453230857849,
                    0.3221099376678467,
                    -0.08037713170051575,
                    -0.3208956718444824,
                    0.8902496099472046,
                    0.32323649525642395,
                    0.05751519277691841,
                    0.0,
                    0.0,
                    0.0,
                    1.0
                ],
                "ParentIndex": 48,
                "Children": [
                    40
                ]
            },
            {
                "Name": "jnt_Head_01",
                "Transform": [
                    0.0000010132789611816406,
                    0.909064531326294,
                    -0.4166553020477295,
                    0.10937418788671494,
                    1.0,
                    -8.344650268554688e-7,
                    7.00354519267421e-7,
                    -9.778887033462524e-8,
                    2.980232238769531e-7,
                    -0.4166553020477295,
                    -0.9090644717216492,
                    -0.05057184398174286,
                    0.0,
                    0.0,
                    0.0,
                    1.0
                ],
                "ParentIndex": 45,
                "Children": []
            },
            {
                "Name": "jnt_Hood_L",
                "Transform": [
                    0.9965075254440308,
                    0.0831528976559639,
                    -0.007619598880410194,
                    0.008536732755601406,
                    -0.0831528976559639,
                    0.9798831939697266,
                    -0.18142318725585938,
                    0.06978553533554077,
                    -0.007619546726346016,
                    0.18142317235469818,
                    0.983375608921051,
                    -0.04825974255800247,
                    0.0,
                    0.0,
                    0.0,
                    1.0
                ],
                "ParentIndex": 45,
                "Children": []
            },
            {
                "Name": "jnt_Hood_R",
                "Transform": [
                    0.996506929397583,
                    -0.08322164416313171,
                    0.006828729063272476,
                    0.000015635043382644653,
                    -0.08315297961235046,
                    -0.9815653562545776,
                    0.1720898449420929,
                    -0.07952246814966202,
                    -0.007618773262947798,
                    -0.17205718159675598,
                    -0.985054612159729,
                    -0.0637187734246254,
                    0.0,
                    0.0,
                    0.0,
                    1.0
                ],
                "ParentIndex": 45,
                "Children": []
            },
            {
                "Name": "jnt_Neck_01",
                "Transform": [
                    0.9111677408218384,
                    -0.006582498084753752,
                    -0.41198301315307617,
                    0.18033339083194733,
                    -0.23031790554523468,
                    0.8209414482116699,
                    -0.5225023627281189,
                    0.0016951148863881826,
                    0.34165334701538086,
                    0.5709743499755859,
                    0.7464993596076965,
                    0.06077466905117035,
                    0.0,
                    0.0,
                    0.0,
                    1.0
                ],
                "ParentIndex": 48,
                "Children": [
                    42,
                    43,
                    44
                ]
            },
            {
                "Name": "Arrows_Quiver_jnt",
                "Transform": [
                    0.9989203214645386,
                    0.002634653588756919,
                    -0.04638185724616051,
                    -0.06566035002470016,
                    6.984919309616089e-9,
                    0.9983904957771301,
                    0.05671226978302002,
                    0.05959796905517578,
                    0.046456627547740936,
                    -0.0566510409116745,
                    0.9973125457763672,
                    0.004914814606308937,
                    0.0,
                    0.0,
                    0.0,
                    1.0
                ],
                "ParentIndex": 47,
                "Children": []
            },
            {
                "Name": "jnt_Quiver",
                "Transform": [
                    -0.008330105803906918,
                    0.9999650716781616,
                    -0.0004218887770548463,
                    0.04001796618103981,
                    0.9999602437019348,
                    0.008328614756464958,
                    -0.003176103811711073,
                    0.041929613798856735,
                    -0.0031724791042506695,
                    -0.000448329170467332,
                    -0.9999949932098389,
                    0.19356544315814972,
                    0.0,
                    0.0,
                    0.0,
                    1.0
                ],
                "ParentIndex": 48,
                "Children": [
                    46
                ]
            },
            {
                "Name": "jnt_spine_03",
                "Transform": [
                    0.9999582171440125,
                    0.008318400010466576,
                    -0.0038146390579640865,
                    0.1161789819598198,
                    -0.008330520242452621,
                    0.9999603629112244,
                    -0.003172467928379774,
                    -5.4016709327697754e-8,
                    0.0037880982272326946,
                    0.0032041133381426334,
                    0.9999877214431763,
                    0.0003910912200808525,
                    0.0,
                    0.0,
                    0.0,
                    1.0
                ],
                "ParentIndex": 49,
                "Children": [
                    20,
                    21,
                    31,
                    41,
                    45,
                    47
                ]
            },
            {
                "Name": "jnt_spine_02",
                "Transform": [
                    0.9996691346168518,
                    -3.5792439234683116e-7,
                    -0.025720059871673584,
                    0.13098454475402832,
                    -3.5733143022298464e-7,
                    -1.000000238418579,
                    2.7650102651932684e-8,
                    1.862645149230957e-9,
                    -0.025720059871673584,
                    -1.845037012060402e-8,
                    -0.9996692538261414,
                    9.499490261077881e-8,
                    0.0,
                    0.0,
