{
    "Model": {
        "UID": 1445057810139817,
        "Scenes": [
            {
                "rootNode": 190
            }
        ],
        "Nodes": [
            {
                "Name": "Bow_Arrow_Mesh",
                "Transform": [
                    1.0,
                    0.0,
                    0.0,
                    0.0,
                    0.0,
                    1.0,
                    0.0,
                    0.0,
                    0.0,
                    0.0,
                    1.0,
                    0.0,
                    0.0,
                    0.0,
                    0.0,
                    1.0
                ],
                "ParentIndex": 190,
                "Children": []
            },
            {
                "Name": "Archer_Enemy_LP_V3",
                "Transform": [
                    1.0,
                    0.0,
                    0.0,
                    0.0,
                    0.0,
                    1.0,
                    0.0,
                    0.0,
                    0.0,
                    0.0,
                    1.0,
                    0.0,
                    0.0,
                    0.0,
                    0.0,
                    1.0
                ],
                "ParentIndex": 188,
                "Children": []
            },
            {
                "Name": "arrow_jnt",
                "Transform": [
                    -0.46978187561035156,
                    -0.5064208507537842,
                    0.7230788469314575,
                    -0.2651568055152893,
                    0.860418438911438,
                    -0.07946860790252686,
                    0.5033535957336426,
                    0.9172082543373108,
                    -0.1974467635154724,
                    0.8586167693138123,
                    0.4730665981769562,
                    0.3521425426006317,
                    0.0,
                    0.0,
                    0.0,
                    1.0
                ],
                "ParentIndex": 64,
                "Children": []
            },
            {
                "Name": "jnt_foot_L_01",
                "Transform": [
                    0.3818925619125366,
                    0.9234310388565063,
                    -0.03785818815231323,
                    0.04577021673321724,
                    -0.43673208355903625,
                    0.21641182899475098,
                    0.8731729984283447,
                    -0.07618536055088043,
                    0.8145081400871277,
                    -0.3169243335723877,
                    0.4859379529953003,
                    0.10243584960699081,
                    0.0,
                    0.0,
                    0.0,
                    1.0
                ],
                "ParentIndex": 4,
                "Children": []
            },
            {
                "Name": "jnt_leg_L_03",
                "Transform": [
                    0.21052196621894836,
                    -0.951096773147583,
                    -0.22604267299175262,
                    0.4193027913570404,
                    0.911468505859375,
                    0.27455660700798035,
                    -0.3063393235206604,
                    1.2852251529693604e-7,
                    0.35341981053352356,
                    -0.1415395587682724,
                    0.9246951937675476,
                    -9.313225746154785e-9,
                    0.0,
                    0.0,
                    0.0,
                    1.0
                ],
                "ParentIndex": 5,
                "Children": [
                    3
                ]
            },
            {
                "Name": "jnt_leg_L_02",
                "Transform": [
                    0.8848831653594971,
                    -7.748603820800781e-7,
                    0.465813010931015,
                    0.38598525524139404,
                    -0.46357908844947815,
                    -0.09782099723815918,
                    0.8806393146514893,
                    1.0244548320770264e-8,
                    0.04556553065776825,
                    -0.9952041506767273,
                    -0.08656048029661179,
                    -4.55416738986969e-7,
                    0.0,
                    0.0,
                    0.0,
                    1.0
                ],
                "ParentIndex": 6,
                "Children": [
                    4
                ]
            },
            {
                "Name": "jnt_leg_L_01",
                "Transform": [
                    -0.7825396060943604,
                    0.5056851506233215,
                    -0.3632009029388428,
                    -0.03852972015738487,
                    0.24988719820976257,
                    -0.27921196818351746,
                    -0.9271447658538818,
                    0.10801488161087036,
                    -0.5702532529830933,
                    -0.8162863850593567,
                    0.09212982654571533,
                    0.01395149901509285,
                    0.0,
                    0.0,
                    0.0,
                    1.0
                ],
                "ParentIndex": 51,
                "Children": [
                    5
                ]
            },
            {
                "Name": "jnt_foot_R_01",
                "Transform": [
                    -0.33749207854270935,
                    -0.9407229423522949,
                    0.03375830501317978,
                    -0.045770060271024704,
                    -0.5617762207984924,
                    0.17250682413578033,
                    -0.8091034889221191,
                    -0.07618522644042969,
                    0.7553187012672424,
                    -0.29203081130981445,
                    -0.5866953134536743,
                    0.10243578255176544,
                    0.0,
                    0.0,
                    0.0,
                    1.0
                ],
                "ParentIndex": 8,
                "Children": []
            },
            {
                "Name": "jnt_leg_R_03",
                "Transform": [
                    -0.18217481672763824,
                    -0.9414979815483093,
                    -0.28353917598724365,
                    0.41930344700813293,
                    -0.915507972240448,
                    0.26760903000831604,
                    -0.30038437247276306,
                    -7.450580596923828e-9,
                    0.3586888611316681,
                    0.20485995709896088,
                    -0.9107000827789307,
                    -5.587935447692871e-8,
                    0.0,
                    0.0,
                    0.0,
                    1.0
                ],
                "ParentIndex": 9,
                "Children": [
                    7
                ]
            },
            {
                "Name": "jnt_leg_R_02",
                "Transform": [
                    0.8933201432228088,
                    -0.000003129243850708008,
                    -0.4494208097457886,
                    0.3859846889972687,
                    -0.44726595282554626,
                    -0.09781253337860107,
                    -0.8890365958213806,
                    -4.807952791452408e-8,
                    -0.04395615682005882,
                    0.9952048659324646,
                    -0.08737922459840775,
                    0.000001218169927597046,
                    0.0,
                    0.0,
                    0.0,
                    1.0
                ],
                "ParentIndex": 10,
                "Children": [
                    8
                ]
            },
            {
                "Name": "jnt_leg_R_01",
                "Transform": [
                    -0.8805928230285645,
                    0.43912070989608765,
                    0.1781277060508728,
                    -0.03852993622422218,
                    -0.3116160035133362,
                    -0.2534123659133911,
                    -0.9157934784889221,
                    -0.1080150380730629,
                    -0.35700416564941406,
                    -0.8619486093521118,
                    0.3599899113178253,
                    0.013951394706964493,
                    0.0,
                    0.0,
                    0.0,
                    1.0
                ],
                "ParentIndex": 51,
                "Children": [
                    9
                ]
            },
            {
                "Name": "jnt_cloth_1_02",
                "Transform": [
                    0.9999995231628418,
                    -0.0009432563674636185,
                    -0.0002504622971173376,
                    0.08041755110025406,
                    0.0009427621844224632,
                    0.999997615814209,
                    -0.0019660175312310457,
                    -0.006889142096042633,
                    0.0002523161529097706,
                    0.001965780509635806,
                    0.9999980330467224,
                    -0.01157519593834877,
                    0.0,
                    0.0,
                    0.0,
                    1.0
                ],
                "ParentIndex": 12,
                "Children": []
            },
            {
                "Name": "jnt_cloth_1_01",
                "Transform": [
                    -0.8974787592887878,
                    0.0856865867972374,
                    -0.4326539933681488,
                    -0.020995089784264565,
                    0.4383005201816559,
                    0.06376202404499054,
                    -0.8965641260147095,
                    0.1480255275964737,
                    -0.049236591905355453,
                    -0.9942799806594849,
                    -0.0947815328836441,
                    0.00768333300948143,
                    0.0,
                    0.0,
                    0.0,
                    1.0
                ],
                "ParentIndex": 50,
                "Children": [
                    11
                ]
            },
            {
                "Name": "jnt_cloth_2_02",
                "Transform": [
                    0.9965769648551941,
                    3.5762786865234375e-7,
                    -0.08266914635896683,
                    0.1085713803768158,
                    0.08220730721950531,
                    0.10555082559585571,
                    0.9910100698471069,
                    3.4458935260772705e-8,
                    0.008726156316697598,
                    -0.9944139122962952,
                    0.1051894947886467,
                    6.414484232664108e-8,
                    0.0,
                    0.0,
                    0.0,
                    1.0
                ],
                "ParentIndex": 14,
                "Children": []
            },
            {
                "Name": "jnt_cloth_2_01",
                "Transform": [
                    -0.9567214250564575,
                    0.025205645710229874,
                    -0.28991204500198364,
                    0.0017504682764410973,
                    0.2525475323200226,
                    -0.4230542480945587,
                    -0.8701981902122498,
                    0.12910427153110504,
                    -0.14458245038986206,
                    -0.9057535529136658,
                    0.39837929606437683,
                    -0.06025245040655136,
                    0.0,
                    0.0,
                    0.0,
                    1.0
                ],
                "ParentIndex": 50,
                "Children": [
                    13
                ]
            },
            {
                "Name": "jnt_cloth_3_02",
                "Transform": [
                    0.9955517053604126,
                    4.3585896492004395e-7,
                    0.09421669691801071,
                    0.0946682021021843,
                    -0.09361541271209717,
                    -0.1127932071685791,
                    0.9891985058784485,
                    -0.005552228540182114,
                    0.010627444833517075,
                    -0.9936184883117676,
                    -0.11229144781827927,
                    0.011838972568511963,
                    0.0,
                    0.0,
                    0.0,
                    1.0
                ],
                "ParentIndex": 16,
                "Children": []
            },
            {
                "Name": "jnt_cloth_3_01",
                "Transform": [
                    -0.9268735647201538,
                    0.12295743823051453,
                    -0.3546651005744934,
                    0.009220438078045845,
                    0.04956476762890816,
                    -0.8964696526527405,
                    -0.44032570719718933,
                    0.056571729481220245,
                    -0.3720872104167938,
                    -0.4257047772407532,
                    0.8248201608657837,
                    -0.11646813154220581,
                    0.0,
                    0.0,
                    0.0,
                    1.0
                ],
                "ParentIndex": 50,
                "Children": [
                    15
                ]
            },
            {
                "Name": "jnt_cloth_front_01",
                "Transform": [
                    -0.9719295501708984,
                    0.23526744544506073,
                    0.0014787539839744568,
                    -0.07643812894821167,
                    -0.010523363947868347,
                    -0.04975103214383125,
                    0.9987062215805054,
                    -0.04989901930093765,
                    0.2350366711616516,
                    0.9706562757492065,
                    0.050830304622650146,
                    0.09361309558153152,
                    0.0,
                    0.0,
                    0.0,
                    1.0
                ],
                "ParentIndex": 50,
                "Children": []
            },
            {
                "Name": "jnt_Pouch_02",
                "Transform": [
                    0.9999999403953552,
                    1.8626374886920871e-9,
                    1.9872096856943244e-7,
                    0.09205204248428345,
                    -1.8626529207921294e-9,
                    0.9999999403953552,
                    7.776543498039246e-8,
                    -1.6600824892520905e-7,
                    -1.9872096856943244e-7,
                    -7.776543498039246e-8,
                    0.9999999403953552,
                    5.4016709327697754e-8,
                    0.0,
                    0.0,
                    0.0,
                    1.0
                ],
                "ParentIndex": 19,
                "Children": []
            },
            {
                "Name": "jnt_Pouch_01",
                "Transform": [
                    0.025601331144571304,
                    0.9994262456893921,
                    -0.022183788940310478,
                    -0.0023125349543988705,
                    0.9605621099472046,
                    -0.018447401002049446,
                    0.2774534821510315,
                    0.0027824025601148605,
                    0.276885062456131,
                    -0.0284121073782444,
                    -0.9604830145835876,
                    -0.08307712525129318,
                    0.0,
                    0.0,
                    0.0,
                    1.0
                ],
                "ParentIndex": 49,
                "Children": [
                    18
                ]
            },
            {
                "Name": "jnt_cape_L",
                "Transform": [
                    0.9092086553573608,
                    -0.008329784497618675,
                    -0.41625741124153137,
                    0.0207794401794672,
                    0.008894424885511398,
                    0.9999603033065796,
                    -0.0005827278364449739,
                    0.08689366281032562,
                    0.4162457287311554,
                    -0.003172549419105053,
                    0.9092466235160828,
                    -0.09162551164627075,
                    0.0,
                    0.0,
                    0.0,
                    1.0
                ],
                "ParentIndex": 48,
                "Children": []
            },
            {
                "Name": "jnt_cape_R",
                "Transform": [
                    0.9092085361480713,
                    -0.008329780772328377,
                    -0.4162575304508209,
                    0.017965974286198616,
                    0.008894427679479122,
                    0.9999603033065796,
                    -0.0005827129352837801,
                    -0.09582584351301193,
                    0.41624581813812256,
                    -0.003172565484419465,
                    0.909246563911438,
                    -0.09104428440332413,
                    0.0,
                    0.0,
                    0.0,
                    1.0
                ],
                "ParentIndex": 48,
                "Children": []
            },
            {
                "Name": "jnt_Lower_L_02",
                "Transform": [
                    -0.01822948083281517,
                    0.22357964515686035,
                    0.9745149612426758,
                    0.04674600437283516,
                    0.036510102450847626,
                    0.9741755127906799,
                    -0.22281891107559204,
                    0.0007574651390314102,
                    -0.99916672706604,
                    0.03151775896549225,
                    -0.02592157945036888,
                    0.00023621701984666288,
                    0.0,
                    0.0,
                    0.0,
                    1.0
                ],
                "ParentIndex": 23,
                "Children": []
            },
            {
                "Name": "jnt_Lower_L_01",
                "Transform": [
                    0.7643117904663086,
                    -0.2882107198238373,
                    0.5768556594848633,
                    0.10461024940013885,
                    -0.40412530303001404,
                    0.48301392793655396,
                    0.7767758369445801,
                    -0.009096363559365273,
                    -0.502504289150238,
                    -0.8268207311630249,
                    0.25269991159439087,
                    -0.053285617381334305,
                    0.0,
                    0.0,
                    0.0,
                    1.0
                ],
                "ParentIndex": 28,
                "Children": [
                    22
                ]
            },
            {
                "Name": "jnt_Thumb_L_02",
                "Transform": [
                    0.9997895359992981,
                    -0.02051142230629921,
                    0.00008251168037531897,
                    0.05046860873699188,
                    0.020092204213142395,
                    0.9801489114761353,
                    0.19724127650260925,
                    -0.0021127816289663315,
                    -0.0041265725158154964,
                    -0.19719810783863068,
                    0.980354905128479,
                    0.0032625198364257813,
                    0.0,
                    0.0,
                    0.0,
                    1.0
                ],
                "ParentIndex": 25,
                "Children": []
            },
            {
                "Name": "jnt_Thumb_L_01",
                "Transform": [
                    0.6545517444610596,
                    0.7063523530960083,
                    -0.269497275352478,
                    0.03455038368701935,
                    -0.6945306062698364,
                    0.4209997057914734,
                    -0.583426833152771,
                    -0.0455717109143734,
                    -0.29864659905433655,
                    0.5690569877624512,
                    0.7661492228507996,
                    0.007461296860128641,
                    0.0,
                    0.0,
                    0.0,
                    1.0
                ],
                "ParentIndex": 28,
                "Children": [
                    24
                ]
            },
            {
                "Name": "jnt_Upper_L_02",
                "Transform": [
                    0.015572905540466309,
                    -0.9659386277198792,
                    -0.2583019435405731,
                    0.05427242070436478,
                    -0.2378782033920288,
                    -0.25449511408805847,
                    0.9373612403869629,
                    0.0043280720710754395,
                    -0.9711700677871704,
                    0.04684698209166527,
                    -0.23373901844024658,
                    0.0010960213840007782,
                    0.0,
                    0.0,
                    0.0,
                    1.0
                ],
                "ParentIndex": 27,
                "Children": []
            },
            {
                "Name": "jnt_Upper_L_01",
                "Transform": [
                    0.566193163394928,
                    0.11301928758621216,
                    0.8164875507354736,
                    0.11719673126935959,
                    -0.6958492398262024,
                    0.5965067148208618,
                    0.399967223405838,
                    -0.03799464926123619,
                    -0.44183626770973206,
                    -0.7946111559867859,
                    0.4163823127746582,
                    -0.00819545891135931,
                    0.0,
                    0.0,
                    0.0,
                    1.0
                ],
                "ParentIndex": 28,
                "Children": [
                    26
                ]
            },
            {
                "Name": "jnt_wrist_L",
                "Transform": [
                    0.9563308358192444,
                    -0.1989246904850006,
                    -0.2141500860452652,
                    0.2560172975063324,
                    0.2844051718711853,
                    0.8023043274879456,
                    0.5248059630393982,
                    -9.476207196712494e-8,
                    0.06741668283939362,
                    -0.562793493270874,
                    0.8238437175750732,
                    -2.7939677238464355e-7,
                    0.0,
                    0.0,
                    0.0,
                    1.0
                ],
                "ParentIndex": 29,
                "Children": [
                    23,
                    25,
                    27
                ]
            },
            {
                "Name": "jnt_arm_L_02",
                "Transform": [
                    0.5001424551010132,
                    -0.05316745862364769,
                    -0.8643093109130859,
                    0.22345775365829468,
                    0.7962299585342407,
                    -0.36412522196769714,
                    0.4831465184688568,
                    -0.0016815601848065853,
                    -0.3404044806957245,
                    -0.9298312067985535,
                    -0.13978098332881927,
                    0.006828773766756058,
                    0.0,
                    0.0,
                    0.0,
                    1.0
                ],
                "ParentIndex": 30,
                "Children": [
                    28
                ]
            },
            {
                "Name": "jnt_arm_L_01",
                "Transform": [
                    0.40889766812324524,
                    -0.6207836270332336,
                    -0.6689025163650513,
                    0.08846952021121979,
                    -0.48237907886505127,
                    0.47518178820610046,
                    -0.7358755469322205,
                    -0.0011293813586235046,
                    0.7746697068214417,
                    0.6235623359680176,
                    -0.10515236854553223,
                    -0.003138870932161808,
                    0.0,
                    0.0,
                    0.0,
                    1.0
                ],
                "ParentIndex": 31,
                "Children": [
                    29
                ]
            },
            {
                "Name": "jnt_clavicle_L",
                "Transform": [
                    0.20174461603164673,
                    0.39775535464286804,
                    -0.8950362801551819,
                    0.08309430629014969,
                    0.9273920059204102,
                    0.2163493037223816,
                    0.30518388748168945,
                    0.0821361243724823,
                    0.3150291442871094,
                    -0.8916187286376953,
                    -0.325227826833725,
                    0.05699967220425606,
                    0.0,
                    0.0,
                    0.0,
                    1.0
                ],
                "ParentIndex": 48,
                "Children": [
                    30
                ]
            },
            {
                "Name": "jnt_Rower_R_02",
                "Transform": [
                    0.7938956022262573,
                    0.1361054629087448,
                    0.5926255583763123,
                    -0.04674588888883591,
                    0.07878454774618149,
                    0.9433859586715698,
                    -0.3222046494483948,
                    -0.000757366418838501,
                    -0.6029284596443176,
                    0.3024865686893463,
                    0.7382270097732544,
                    -0.0002361387014389038,
                    0.0,
                    0.0,
                    0.0,
                    1.0
                ],
                "ParentIndex": 33,
                "Children": []
            },
            {
                "Name": "jnt_Rower_R_01",
                "Transform": [
                    0.05419087037444115,
                    -0.41707077622413635,
                    0.9072569012641907,
                    -0.10449082404375076,
                    -0.7184620499610901,
                    0.6147060394287109,
                    0.3254975378513336,
                    0.004774462431669235,
                    -0.6934518814086914,
                    -0.6694687604904175,
                    -0.2663380801677704,
                    0.0540713407099247,
                    0.0,
                    0.0,
                    0.0,
                    1.0
                ],
                "ParentIndex": 38,
                "Children": [
                    32
                ]
            },
            {
                "Name": "jnt_Thumb_R_02",
                "Transform": [
                    0.9997895956039429,
                    -0.020512068644165993,
                    0.00008572381193516776,
                    -0.04959823191165924,
                    0.020092366263270378,
                    0.9801565408706665,
                    0.19720321893692017,
                    0.0015893727540969849,
                    -0.004129069857299328,
                    -0.19715999066829681,
                    0.980362594127655,
                    -0.0015404336154460907,
                    0.0,
                    0.0,
                    0.0,
                    1.0
                ],
                "ParentIndex": 35,
                "Children": []
            },
            {
                "Name": "jnt_Thumb_R_01",
                "Transform": [
                    0.7436984777450562,
                    0.5470374822616577,
                    -0.3842686116695404,
                    -0.03376667574048042,
                    -0.6500954627990723,
                    0.4577893912792206,
                    -0.6064689755439758,
                    0.04669923707842827,
                    -0.1558472067117691,
                    0.7008414268493652,
                    0.6960837841033936,
                    -0.0022250814363360405,
                    0.0,
                    0.0,
                    0.0,
                    1.0
                ],
                "ParentIndex": 38,
                "Children": [
                    34
                ]
            },
            {
                "Name": "jnt_Upper_R_02",
                "Transform": [
                    -0.041470762342214584,
                    -0.09207504987716675,
                    0.9948880672454834,
                    -0.05427323281764984,
                    -0.11639397591352463,
                    0.9894101023674011,
                    0.08671634644269943,
                    -0.004328414797782898,
                    -0.9923369288444519,
                    -0.11220277100801468,
                    -0.05174862593412399,
                    -0.0010959431529045105,
                    0.0,
                    0.0,
                    0.0,
                    1.0
                ],
                "ParentIndex": 37,
                "Children": []
            },
            {
                "Name": "jnt_Upper_R_01",
                "Transform": [
                    -0.14857707917690277,
                    0.04832196235656738,
                    0.9877192974090576,
                    -0.11654376983642578,
                    -0.7300394773483276,
                    0.6683799624443054,
                    -0.14251480996608734,
                    0.03879780322313309,
                    -0.6670584082603455,
                    -0.7422487139701843,
                    -0.06402897089719772,
                    0.012552659027278423,
                    0.0,
                    0.0,
                    0.0,
                    1.0
                ],
                "ParentIndex": 38,
                "Children": [
                    36
                ]
            },
            {
                "Name": "jnt_wrist_R",
                "Transform": [
                    1.0000001192092896,
                    -3.725323161063443e-9,
                    -2.454034984111786e-7,
                    -0.2560204863548279,
                    3.725257879949595e-9,
                    1.0,
                    -2.682209014892578e-7,
                    0.00000243261456489563,
                    2.45403526832888e-7,
                    2.682209014892578e-7,
                    1.0,
                    0.000003059394657611847,
                    0.0,
                    0.0,
                    0.0,
                    1.0
                ],
                "ParentIndex": 39,
                "Children": [
                    33,
                    35,
                    37
                ]
            },
            {
                "Name": "jnt_arm_R_02",
                "Transform": [
                    0.7078725695610046,
                    0.3003859519958496,
                    -0.6392846703529358,
                    -0.22132134437561035,
                    0.703860342502594,
                    -0.22420930862426758,
                    0.6740259528160095,
                    3.9301812648773193e-7,
                    0.05913427099585533,
                    -0.9270913600921631,
                    -0.37014147639274597,
                    0.0000037190038710832596,
                    0.0,
                    0.0,
                    0.0,
                    1.0
                ],
                "ParentIndex": 40,
                "Children": [
                    38
                ]
            },
            {
                "Name": "jnt_arm_R_01",
                "Transform": [
                    0.22644948959350586,
                    -0.09027145057916641,
                    -0.9698306918144226,
                    -0.0948357805609703,
                    -0.18349535763263702,
                    0.9739137291908264,
                    -0.1334965080022812,
                    2.775341272354126e-7,
                    0.9565825462341309,
                    0.20818963646888733,
                    0.20397786796092987,
                    -0.0000010058283805847168,
                    0.0,
                    0.0,
                    0.0,
                    1.0
                ],
                "ParentIndex": 41,
                "Children": [
                    39
                ]
            },
            {
                "Name": "jnt_clavicle_R1",
                "Transform": [
                    -0.21715021133422852,
                    -0.4013514220714569,
                    0.8898105025291443,
                    0.08444532006978989,
                    0.9218846559524536,
                    0.21534579992294312,
                    0.3221098482608795,
                    -0.08037716895341873,
                    -0.3208962380886078,
                    0.8902489542961121,
                    0.3232373297214508,
                    0.05751527100801468,
                    0.0,
                    0.0,
                    0.0,
                    1.0
                ],
                "ParentIndex": 48,
                "Children": [
                    40
                ]
            },
            {
                "Name": "jnt_Head_01",
                "Transform": [
                    8.344652542291442e-7,
                    0.9090649485588074,
                    -0.4166547954082489,
                    0.10937431454658508,
                    1.000000238418579,
                    -5.960465045973251e-7,
                    7.45058002848964e-7,
                    -5.122274160385132e-8,
                    4.172326271145721e-7,
                    -0.41665488481521606,
                    -0.9090647101402283,
                    -0.05057181417942047,
                    0.0,
                    0.0,
                    0.0,
                    1.0
                ],
                "ParentIndex": 45,
                "Children": []
            },
            {
                "Name": "jnt_Hood_L",
                "Transform": [
                    0.9965076446533203,
                    0.08315256983041763,
                    -0.007619597017765045,
                    0.008536748588085175,
                    -0.08315258473157883,
                    0.9798831939697266,
                    -0.18142350018024445,
                    0.06978555768728256,
                    -0.007619515061378479,
                    0.18142350018024445,
                    0.9833754897117615,
                    -0.048259761184453964,
                    0.0,
                    0.0,
                    0.0,
                    1.0
                ],
                "ParentIndex": 45,
                "Children": []
            },
            {
                "Name": "jnt_Hood_R",
                "Transform": [
                    0.9965075254440308,
                    -0.08322136849164963,
                    0.006824082229286432,
                    0.00001568952575325966,
                    -0.08315194398164749,
                    -0.9815653562545776,
                    0.1720905900001526,
                    -0.07952242344617844,
                    -0.007623336277902126,
                    -0.17205718159675598,
                    -0.9850566387176514,
                    -0.06371883302927017,
                    0.0,
                    0.0,
                    0.0,
                    1.0
                ],
                "ParentIndex": 45,
                "Children": []
            },
            {
                "Name": "jnt_Neck_01",
                "Transform": [
                    0.9111677408218384,
                    -0.006582677364349365,
                    -0.41198304295539856,
                    0.18033328652381897,
                    -0.23031775653362274,
                    0.8209415674209595,
                    -0.5225022435188293,
                    0.001695079728960991,
                    0.3416535258293152,
                    0.5709742307662964,
                    0.7464993000030518,
                    0.060774825513362885,
                    0.0,
                    0.0,
                    0.0,
                    1.0
                ],
                "ParentIndex": 48,
                "Children": [
                    42,
                    43,
                    44
                ]
            },
            {
                "Name": "Arrows_Quiver_jnt",
                "Transform": [
                    0.9989203214645386,
                    0.0026345686055719852,
                    -0.04638184234499931,
                    -0.06566035747528076,
                    9.743962436914444e-8,
                    0.9983905553817749,
                    0.056712400168180466,
                    0.05959795042872429,
                    0.046456608921289444,
                    -0.056651171296834946,
                    0.997312605381012,
                    0.004914810881018639,
                    0.0,
                    0.0,
                    0.0,
                    1.0
                ],
                "ParentIndex": 47,
                "Children": []
            },
            {
                "Name": "jnt_Quiver",
                "Transform": [
                    -0.008330345153808594,
                    0.9999650716781616,
                    -0.000421176286181435,
                    0.0400177463889122,
                    0.9999603629112244,
                    0.008328793570399284,
                    -0.003176163649186492,
                    0.04192961007356644,
                    -0.003172545228153467,
                    -0.0004476176400203258,
                    -0.9999949336051941,
                    0.1935654729604721,
                    0.0,
                    0.0,
                    0.0,
                    1.0
                ],
                "ParentIndex": 48,
                "Children": [
                    46
                ]
            },
            {
                "Name": "jnt_spine_03",
                "Transform": [
                    0.9999582171440125,
                    0.008318345062434673,
                    -0.0038146411534398794,
                    0.11617867648601532,
                    -0.008330466225743294,
                    0.9999602437019348,
                    -0.0031725603621453047,
                    -3.5390257835388184e-8,
                    0.003788099391385913,
                    0.0032042053062468767,
                    0.9999876618385315,
                    0.000391167588531971,
                    0.0,
                    0.0,
                    0.0,
                    1.0
                ],
                "ParentIndex": 49,
                "Children": [
                    20,
                    21,
                    31,
                    41,
                    45,
                    47
                ]
            },
            {
                "Name": "jnt_spine_02",
                "Transform": [
                    0.9996691942214966,
                    -3.6406629533303203e-7,
                    -0.025720058009028435,
                    0.1309846043586731,
                    -3.6422795801627217e-7,
                    -1.0,
                    -1.6027086324754691e-9,
                    -1.4901161193847656e-8,
                    -0.025720058009028435,
                    1.0970143016209022e-8,
                    -0.999669075012207,
                    -1.1641532182693481e-8,
                    0.0,
                    0.0,
                    0.0,
