{
    "Model": {
        "UID": 1457102566186639,
        "Scenes": [
            {
                "rootNode": 68
            }
        ],
        "Nodes": [
            {
                "Name": "Banshee",
                "Transform": [
                    1.0,
                    0.0,
                    0.0,
                    0.0,
                    0.0,
                    1.0,
                    0.0,
                    0.0,
                    0.0,
                    0.0,
                    1.0,
                    0.0,
                    0.0,
                    0.0,
                    0.0,
                    1.0
                ],
                "ParentIndex": 68,
                "Children": []
            },
            {
                "Name": "jnt_dangler_ring__01",
                "Transform": [
                    1.0,
                    -3.58046925441613e-15,
                    -4.6492797167729805e-8,
                    -0.1346951276063919,
                    3.58046925441613e-15,
                    1.0,
                    6.855627177060342e-15,
                    -0.08940940350294113,
                    4.6492797167729805e-8,
                    -6.855627177060342e-15,
                    1.0,
                    0.07815234363079071,
                    0.0,
                    0.0,
                    0.0,
                    1.0
                ],
                "ParentIndex": 11,
                "Children": []
            },
            {
                "Name": "jnt_dangler_ring__02",
                "Transform": [
                    1.0,
                    -9.243983356554963e-8,
                    -3.248917934683959e-8,
                    -0.06883767992258072,
                    9.243983356554963e-8,
                    1.0,
                    8.29821237766093e-16,
                    -0.12303873151540756,
                    3.248917934683959e-8,
                    -3.8331154656595645e-15,
                    1.0,
                    0.0781523659825325,
                    0.0,
                    0.0,
                    0.0,
                    1.0
                ],
                "ParentIndex": 11,
                "Children": []
            },
            {
                "Name": "jnt_dangler_ring__03",
                "Transform": [
                    1.0,
                    -4.621990967734746e-8,
                    -1.6690488990889207e-8,
                    0.06007479131221771,
                    4.621990967734746e-8,
                    1.0,
                    2.473107930603272e-15,
                    -0.19590230286121368,
                    1.6690488990889207e-8,
                    -3.2445406462162842e-15,
                    1.0,
                    0.07815232872962952,
                    0.0,
                    0.0,
                    0.0,
                    1.0
                ],
                "ParentIndex": 11,
                "Children": []
            },
            {
                "Name": "jnt_dangler_ring__04",
                "Transform": [
                    1.0,
                    3.524958103184872e-15,
                    -1.669047655639133e-8,
                    0.13994446396827698,
                    -3.524958103184872e-15,
                    1.0,
                    4.579669976578771e-15,
                    -0.24074138700962067,
                    1.669047655639133e-8,
                    -4.579669976578771e-15,
                    1.0,
                    0.07815232127904892,
                    0.0,
                    0.0,
                    0.0,
                    1.0
                ],
                "ParentIndex": 11,
                "Children": []
            },
            {
                "Name": "jnt_dangler_tail_01_end",
                "Transform": [
                    1.0,
                    1.078587956726551e-7,
                    1.1938971056224545e-7,
                    0.13847367465496063,
                    -1.078587956726551e-7,
                    1.0,
                    2.661258768910102e-8,
                    0.00032747670775279403,
                    -1.1938969635139074e-7,
                    -2.6612598347242056e-8,
                    1.0000001192092896,
                    -1.0414733964125844e-7,
                    0.0,
                    0.0,
                    0.0,
                    1.0
                ],
                "ParentIndex": 6,
                "Children": []
            },
            {
                "Name": "jnt_dangler_tail_01",
                "Transform": [
                    -0.006134986877441406,
                    -0.9999814629554749,
                    8.372822435376293e-10,
                    -0.19482740759849548,
                    -0.9999812245368958,
                    0.006134928669780493,
                    1.784447931640898e-7,
                    -0.04665382206439972,
                    -1.784465837317839e-7,
                    2.5747942666853874e-10,
                    -1.0,
                    0.08207656443119049,
                    0.0,
                    0.0,
                    0.0,
                    1.0
                ],
                "ParentIndex": 11,
                "Children": [
                    5
                ]
            },
            {
                "Name": "jnt_dangler_tail_02_end",
                "Transform": [
                    1.0,
                    -2.116430692922222e-7,
                    -1.210948283869584e-7,
                    0.14078769087791443,
                    2.1164304087051278e-7,
                    1.0,
                    -2.3781809943557164e-7,
                    -0.0032325834035873413,
                    1.2109489944123197e-7,
                    2.3781808522471692e-7,
                    0.9999999403953552,
                    -3.839798523586069e-8,
                    0.0,
                    0.0,
                    0.0,
                    1.0
                ],
                "ParentIndex": 8,
                "Children": []
            },
            {
                "Name": "jnt_dangler_tail_02",
                "Transform": [
                    0.01817852444946766,
                    0.9998348355293274,
                    1.4566114714398282e-7,
                    -0.01261936966329813,
                    -0.9998348355293274,
                    0.01817852444946766,
                    -1.3355300154671568e-7,
                    -0.17965133488178253,
                    -1.36178869070136e-7,
                    -1.4320930574740487e-7,
                    0.9999999403953552,
                    0.0820765346288681,
                    0.0,
                    0.0,
                    0.0,
                    1.0
                ],
                "ParentIndex": 11,
                "Children": [
                    7
                ]
            },
            {
                "Name": "jnt_dangler_tail_03_end",
                "Transform": [
                    1.0000001192092896,
                    -1.0322648336114071e-7,
                    2.980232594040899e-8,
                    0.14435403048992157,
                    1.0322649757199542e-7,
                    1.0,
                    -7.741986252085553e-8,
                    1.548798245210037e-8,
                    -2.9802318834981634e-8,
                    7.741985541542817e-8,
                    1.0000001192092896,
                    5.506701938884362e-8,
                    0.0,
                    0.0,
                    0.0,
                    1.0
                ],
                "ParentIndex": 10,
                "Children": []
            },
            {
                "Name": "jnt_dangler_tail_03",
                "Transform": [
                    -3.5762786865234375e-7,
                    0.9999999403953552,
                    5.161317062629678e-8,
                    0.19917315244674683,
                    -0.9999999403953552,
                    -3.5762786865234375e-7,
                    -2.384185791015625e-7,
                    -0.27025681734085083,
                    -2.3841855067985307e-7,
                    -5.161326299685243e-8,
                    1.0,
                    0.08207657933235168,
                    0.0,
                    0.0,
                    0.0,
                    1.0
                ],
                "ParentIndex": 11,
                "Children": [
                    9
                ]
            },
            {
                "Name": "jnt_dangler",
                "Transform": [
                    0.0,
                    0.9792603850364685,
                    0.20260579884052277,
                    -0.12048161029815674,
                    -1.0,
                    0.0,
                    1.4901161193847656e-8,
                    3.552713678800501e-15,
                    0.0,
                    -0.20260578393936157,
                    0.9792603850364685,
                    0.20022419095039368,
                    0.0,
                    0.0,
                    0.0,
                    1.0
                ],
                "ParentIndex": 63,
                "Children": [
                    1,
                    2,
                    3,
                    4,
                    6,
                    8,
                    10
                ]
            },
            {
                "Name": "jnt_side_cloth_L",
                "Transform": [
                    -2.3841856489070778e-7,
                    0.9792603850364685,
                    0.20260606706142426,
                    -0.07782955467700958,
                    -1.0,
                    -2.3841856489070778e-7,
                    -2.9802320611338473e-8,
                    -0.47687965631484985,
                    -1.4901160305669237e-8,
                    -0.20260606706142426,
                    0.979260265827179,
                    0.07570654153823853,
                    0.0,
                    0.0,
                    0.0,
                    1.0
                ],
                "ParentIndex": 63,
                "Children": []
            },
            {
                "Name": "jnt_side_cloth_R",
                "Transform": [
                    -1.1920928244535389e-7,
                    -0.9792603254318237,
                    -0.2026062309741974,
                    -0.07783006131649017,
                    -1.0,
                    -1.1920928244535389e-7,
                    8.195638656616211e-8,
                    0.4768799841403961,
                    -8.195637946073475e-8,
                    0.2026062160730362,
                    -0.9792604446411133,
                    0.0757068395614624,
                    0.0,
                    0.0,
                    0.0,
                    1.0
                ],
                "ParentIndex": 63,
                "Children": []
            },
            {
                "Name": "jnt_coin_L_01",
                "Transform": [
                    0.0,
                    0.9831018447875977,
                    -0.18305963277816772,
                    -0.07265713810920715,
                    -1.0,
                    0.0,
                    7.450580596923828e-8,
                    -0.08593538403511047,
                    7.450580596923828e-8,
                    0.18305963277816772,
                    0.9831017851829529,
                    0.2530805766582489,
                    0.0,
                    0.0,
                    0.0,
                    1.0
                ],
                "ParentIndex": 47,
                "Children": []
            },
            {
                "Name": "jnt_coin_L_02",
                "Transform": [
                    -2.384185791015625e-7,
                    0.9831018447875977,
                    -0.18305958807468414,
                    -0.08584647625684738,
                    -1.0,
                    -2.384185791015625e-7,
                    6.70552182668871e-8,
                    -0.17649519443511963,
                    3.725290298461914e-8,
                    0.18305960297584534,
                    0.9831017851829529,
                    0.2506246268749237,
                    0.0,
                    0.0,
                    0.0,
                    1.0
                ],
                "ParentIndex": 47,
                "Children": []
            },
            {
                "Name": "jnt_coin_L_04",
                "Transform": [
                    1.0,
                    9.636735853746359e-9,
                    -1.7950632980046066e-8,
                    -0.011739200912415981,
                    -9.636736741924778e-9,
                    0.9999999403953552,
                    4.4703497792397684e-8,
                    -0.09391389787197113,
                    1.7950632980046066e-8,
                    -4.4703494239684005e-8,
                    1.0,
                    0.019551098346710205,
                    0.0,
                    0.0,
                    0.0,
                    1.0
                ],
                "ParentIndex": 18,
                "Children": []
            },
            {
                "Name": "jnt_coin_L_05",
                "Transform": [
                    1.0,
                    -4.36650990023749e-15,
                    -9.98338389734954e-9,
                    0.11571531742811203,
                    4.5152742967637625e-15,
                    1.0,
                    1.4901170075631853e-8,
                    -0.10614916682243347,
                    9.98338389734954e-9,
                    -1.4901170075631853e-8,
                    1.0,
                    -0.06146712973713875,
                    0.0,
                    0.0,
                    0.0,
                    1.0
                ],
                "ParentIndex": 18,
                "Children": []
            },
            {
                "Name": "jnt_coin_L_03",
                "Transform": [
                    -1.1920928244535389e-7,
                    0.9831017255783081,
                    -0.1830601692199707,
                    -0.19457653164863586,
                    -1.0,
                    0.0,
                    1.2665987014770508e-7,
                    -0.22512918710708618,
                    1.2665985593685036e-7,
                    0.1830601543188095,
                    0.9831017255783081,
                    0.2299107313156128,
                    0.0,
                    0.0,
                    0.0,
                    1.0
                ],
                "ParentIndex": 47,
                "Children": [
                    16,
                    17
                ]
            },
            {
                "Name": "jnt_coin_R_02",
                "Transform": [
                    1.0,
                    5.9894589084946194e-15,
                    2.789147934834091e-8,
                    0.03186365216970444,
                    6.603888138103416e-16,
                    0.9999999403953552,
                    -2.384185791015625e-7,
                    -0.050310857594013214,
                    -2.7891481124697748e-8,
                    2.384185791015625e-7,
                    0.9999999403953552,
                    -2.8753566638783923e-8,
                    0.0,
                    0.0,
                    0.0,
                    1.0
                ],
                "ParentIndex": 20,
                "Children": []
            },
            {
                "Name": "jnt_coin_R_01",
                "Transform": [
                    -2.3841860752327193e-7,
                    0.9831017851829529,
                    -0.18306000530719757,
                    -0.021429667249321938,
                    -1.0000001192092896,
                    -2.384185791015625e-7,
                    1.9371512394172896e-7,
                    0.15388047695159912,
                    1.564622067462551e-7,
                    0.18305999040603638,
                    0.9831018447875977,
                    0.2619636058807373,
                    0.0,
                    0.0,
                    0.0,
                    1.0
                ],
                "ParentIndex": 47,
                "Children": [
                    19
                ]
            },
            {
                "Name": "jnt_coin_R_04",
                "Transform": [
                    1.0,
                    1.3107546159574213e-8,
                    -9.351579421945644e-8,
                    0.008385137654840946,
                    -1.3107594121208876e-8,
                    1.0,
                    -5.066394805908203e-7,
                    -0.0704355388879776,
                    9.351579421945644e-8,
                    5.066394805908203e-7,
                    1.0,
                    0.00412026047706604,
                    0.0,
                    0.0,
                    0.0,
                    1.0
                ],
                "ParentIndex": 22,
                "Children": []
            },
            {
                "Name": "jnt_coin_R_03",
                "Transform": [
                    0.0,
                    0.9831018447875977,
                    -0.1830596774816513,
                    -0.22144964337348938,
                    -1.0,
                    0.0,
                    1.4156101713069802e-7,
                    0.21425367891788483,
                    1.4156103134155273e-7,
                    0.1830596923828125,
                    0.9831017255783081,
                    0.22607821226119995,
                    0.0,
                    0.0,
                    0.0,
                    1.0
                ],
                "ParentIndex": 47,
                "Children": [
                    21
                ]
            },
            {
                "Name": "jnt_cloack",
                "Transform": [
                    -4.76837158203125e-7,
                    0.9460229277610779,
                    -0.32409995794296265,
                    -0.1330512911081314,
                    -0.9999999403953552,
                    -3.576279254957626e-7,
                    4.172325134277344e-7,
                    -0.37090003490448,
                    2.682209014892578e-7,
                    0.32409998774528503,
                    0.9460228681564331,
                    0.18051587045192719,
                    0.0,
                    0.0,
                    0.0,
                    1.0
                ],
                "ParentIndex": 46,
                "Children": []
            },
            {
                "Name": "jnt_cloack1",
                "Transform": [
                    4.172325134277344e-7,
                    0.9460228681564331,
                    -0.32409995794296265,
                    -0.13305124640464783,
                    -0.9999998807907104,
                    4.768372150465439e-7,
                    5.960464477539063e-8,
                    0.3829863965511322,
                    1.6391277313232422e-7,
                    0.32409998774528503,
                    0.9460228681564331,
                    0.18051566183567047,
                    0.0,
                    0.0,
                    0.0,
                    1.0
                ],
                "ParentIndex": 46,
                "Children": []
            },
            {
                "Name": "jnt_cloack_back",
                "Transform": [
                    -1.1920928244535389e-7,
                    0.9460225701332092,
                    0.324100136756897,
                    -0.28133460879325867,
                    1.0,
                    -1.1920925402364446e-7,
                    -1.341104507446289e-7,
                    5.960464477539063e-8,
                    -1.341104365337742e-7,
                    0.3241000473499298,
                    -0.9460229873657227,
                    0.2175179272890091,
                    0.0,
                    0.0,
                    0.0,
                    1.0
                ],
                "ParentIndex": 46,
                "Children": []
            },
            {
                "Name": "jnt_L_wirst",
                "Transform": [
                    0.9999999403953552,
                    -1.8626444830971423e-9,
                    -1.3969838619232178e-8,
                    0.2974969148635864,
                    1.862645815364772e-9,
                    0.9999998807907104,
                    9.499490261077881e-8,
                    -0.10932841897010803,
                    1.3969839507410597e-8,
                    -9.499490261077881e-8,
                    0.9999998807907104,
                    0.049570731818675995,
                    0.0,
                    0.0,
                    0.0,
                    1.0
                ],
                "ParentIndex": 27,
                "Children": []
            },
            {
                "Name": "jnt_L_arm_02",
                "Transform": [
                    0.9350499510765076,
                    0.10181834548711777,
                    0.33957985043525696,
                    0.33687660098075867,
                    -0.09864136576652527,
                    0.9947658777236938,
                    -0.026653042063117027,
                    0.031262390315532684,
                    -0.3405162990093231,
                    -0.008574692532420158,
                    0.9401994347572327,
                    -0.021249353885650635,
                    0.0,
                    0.0,
                    0.0,
                    1.0
                ],
                "ParentIndex": 28,
                "Children": [
                    26
                ]
            },
            {
                "Name": "jnt_L_arm_01",
                "Transform": [
                    0.8084164261817932,
                    -0.17616595327854156,
                    0.561630129814148,
                    0.1454518437385559,
                    0.05382167175412178,
                    0.972288191318512,
                    0.22750519216060638,
                    0.076152004301548,
                    -0.5861451029777527,
                    -0.15369106829166412,
                    0.795495331287384,
                    -0.010230794548988342,
                    0.0,
                    0.0,
                    0.0,
                    1.0
                ],
                "ParentIndex": 29,
                "Children": [
                    27
                ]
            },
            {
                "Name": "jnt_L_clavicle",
                "Transform": [
                    0.19919097423553467,
                    -0.324099600315094,
                    0.9248148202896118,
                    0.18410222232341766,
                    0.9775818586349487,
                    0.0,
                    -0.21055620908737183,
                    0.08508095145225525,
                    0.06824108958244324,
                    0.946023166179657,
                    0.3168337941169739,
                    -0.11553129553794861,
                    0.0,
                    0.0,
                    0.0,
                    1.0
                ],
                "ParentIndex": 46,
                "Children": [
                    28
                ]
            },
            {
                "Name": "jnt_HeadCover_L_02",
                "Transform": [
                    0.9930369257926941,
                    -8.628914542896382e-7,
                    0.11780301481485367,
                    0.26736968755722046,
                    -8.575216270401143e-7,
                    -1.000000238418579,
                    -9.62682804583892e-8,
                    -0.06930732727050781,
                    0.11780300736427307,
                    -5.420670134981265e-9,
                    -0.9930371046066284,
                    -6.69737346470356e-7,
                    0.0,
                    0.0,
                    0.0,
                    1.0
                ],
                "ParentIndex": 31,
                "Children": []
            },
            {
                "Name": "jnt_HeadCover_L_01",
                "Transform": [
                    0.9968516230583191,
                    0.07906822860240936,
                    -0.005923781543970108,
                    -0.0036947308108210564,
                    0.006184447556734085,
                    -0.003052353858947754,
                    0.9999762773513794,
                    -0.12612295150756836,
                    0.0790482759475708,
                    -0.9968645572662354,
                    -0.0035316944122314453,
                    -0.11587122827768326,
                    0.0,
                    0.0,
                    0.0,
                    1.0
                ],
                "ParentIndex": 40,
                "Children": [
                    30
                ]
            },
            {
                "Name": "jnt_HeadCover_M_end",
                "Transform": [
                    0.9999999403953552,
                    9.970299430506202e-8,
                    3.2782554626464844e-7,
                    0.2984560430049896,
                    -9.970302983219881e-8,
                    1.0,
                    1.4955443816688785e-7,
                    -2.980232949312267e-8,
                    -3.2782554626464844e-7,
                    -1.49554480799452e-7,
                    0.9999999403953552,
                    -0.016484007239341736,
                    0.0,
                    0.0,
                    0.0,
                    1.0
                ],
                "ParentIndex": 33,
                "Children": []
            },
            {
                "Name": "jnt_HeadCover_M_02",
                "Transform": [
                    0.99943608045578,
                    2.510939234312559e-9,
                    0.03357890248298645,
                    0.2358233481645584,
                    -2.510936791821905e-9,
                    -0.9999998807907104,
                    1.4951234561522142e-7,
                    -4.470348713425665e-8,
                    0.03357890248298645,
                    -1.495123314043667e-7,
                    -0.9994361400604248,
                    -0.049479275941848755,
                    0.0,
                    0.0,
                    0.0,
                    1.0
                ],
                "ParentIndex": 34,
                "Children": [
                    32
                ]
            },
            {
                "Name": "jnt_HeadCover_M_01",
                "Transform": [
                    0.6887391805648804,
                    -6.184128409358891e-8,
                    -0.7250092625617981,
                    -0.1354736089706421,
                    8.742801327343841e-8,
                    1.0,
                    -2.2429844648286235e-9,
                    0.0,
                    0.7250092625617981,
                    -6.184128409358891e-8,
                    0.6887391805648804,
                    0.045625701546669006,
                    0.0,
                    0.0,
                    0.0,
                    1.0
                ],
                "ParentIndex": 40,
                "Children": [
                    33
                ]
            },
            {
                "Name": "jnt_HeadCover_R_02",
                "Transform": [
                    0.9930369257926941,
                    -1.6915594258648525e-8,
                    0.11780349165201187,
                    -0.26737096905708313,
                    1.4843764439831375e-8,
                    -1.0000003576278687,
                    -2.6871870772993134e-7,
                    0.06930699944496155,
                    0.11780349165201187,
                    2.685962954274146e-7,
                    -0.9930371046066284,
                    6.591435521841049e-7,
                    0.0,
                    0.0,
                    0.0,
                    1.0
                ],
                "ParentIndex": 36,
                "Children": []
            },
            {
                "Name": "jnt_HeadCover_R_01",
                "Transform": [
                    -0.9968514442443848,
                    -0.07906832545995712,
                    0.0059233978390693665,
                    -0.0036956118419766426,
                    0.006184045225381851,
                    -0.0030519969295710325,
                    0.9999761581420898,
                    0.1261230707168579,
                    -0.07904834300279617,
                    0.9968646764755249,
                    0.0035313963890075684,
                    -0.11587115377187729,
                    0.0,
                    0.0,
                    0.0,
                    1.0
                ],
                "ParentIndex": 40,
                "Children": [
                    35
                ]
            },
            {
                "Name": "jnt_jaw",
                "Transform": [
                    1.0,
                    -1.7635093612936525e-15,
                    -2.2351745343485163e-8,
                    0.13094013929367065,
                    3.3435164461029492e-15,
                    1.0,
                    7.068831564538414e-8,
                    2.9802322387695313e-8,
                    2.2351745343485163e-8,
                    -7.068831564538414e-8,
                    1.0,
                    -0.014591336250305176,
                    0.0,
                    0.0,
                    0.0,
                    1.0
                ],
                "ParentIndex": 40,
                "Children": []
            },
            {
                "Name": "jnt_veil_L",
                "Transform": [
                    -0.05782639980316162,
                    -0.8579839468002319,
                    -0.5104114413261414,
                    0.11070225387811661,
                    0.99658203125,
                    -0.01939678192138672,
                    -0.08030116558074951,
                    -0.19434881210327148,
                    0.05899685621261597,
                    -0.5133103132247925,
                    0.8561728000640869,
                    0.09907947480678558,
                    0.0,
                    0.0,
                    0.0,
                    1.0
                ],
                "ParentIndex": 40,
                "Children": []
            },
            {
                "Name": "jnt_veil_R",
                "Transform": [
                    -0.05782627686858177,
                    -0.8579838275909424,
                    -0.510411262512207,
                    0.08903153985738754,
                    0.9965819120407104,
                    -0.01939677819609642,
                    -0.08030108362436295,
                    0.17912907898426056,
                    0.05899674817919731,
                    -0.5133100748062134,
                    0.8561728596687317,
                    0.1211891919374466,
                    0.0,
                    0.0,
                    0.0,
                    1.0
                ],
                "ParentIndex": 40,
                "Children": []
            },
            {
                "Name": "jnt_head",
                "Transform": [
                    -0.8589467406272888,
                    -3.552713467042264e-15,
                    -0.5120651125907898,
                    0.2508743703365326,
                    -8.687283781227961e-8,
                    0.9999999403953552,
                    1.4572194118045445e-7,
                    -2.9802320611338473e-8,
                    0.5120651125907898,
                    1.6965191207418684e-7,
                    -0.8589467406272888,
                    -0.0000011026859283447266,
                    0.0,
                    0.0,
                    0.0,
                    1.0
                ],
                "ParentIndex": 41,
                "Children": [
                    31,
                    34,
                    36,
                    37,
                    38,
                    39
                ]
            },
            {
                "Name": "jnt_neck",
                "Transform": [
                    0.9460228085517883,
                    -2.600512800654542e-7,
                    0.32409998774528503,
                    0.2423909306526184,
                    -2.0229965969065233e-7,
                    -1.000000238418579,
                    -2.1188266430272051e-7,
                    -2.980232949312267e-8,
                    0.32409995794296265,
                    1.34880522750791e-7,
                    -0.9460231065750122,
                    0.05738136172294617,
                    0.0,
                    0.0,
                    0.0,
                    1.0
                ],
                "ParentIndex": 46,
                "Children": [
                    40
                ]
            },
            {
                "Name": "jnt_R_wirst",
                "Transform": [
                    0.9999999403953552,
                    8.009371299522172e-8,
                    -0.0000012349337339401245,
                    -0.29749518632888794,
                    -8.009376983864058e-8,
                    0.9999999403953552,
                    -4.65660825454961e-8,
                    0.1093277633190155,
                    0.0000012349337339401245,
                    4.656618202147911e-8,
                    0.9999999403953552,
                    -0.04957445338368416,
                    0.0,
                    0.0,
                    0.0,
                    1.0
                ],
                "ParentIndex": 43,
                "Children": []
            },
            {
                "Name": "jnt_R_arm_02",
                "Transform": [
                    0.9346727728843689,
                    0.10163796693086624,
                    0.34067046642303467,
                    -0.34021174907684326,
                    -0.09828176349401474,
                    0.9947883486747742,
                    -0.027143444865942,
                    -0.030563458800315857,
                    -0.3416537940502167,
                    -0.008111454546451569,
                    0.9397908449172974,
                    0.019763652235269547,
                    0.0,
                    0.0,
                    0.0,
                    1.0
                ],
                "ParentIndex": 44,
                "Children": [
                    42
                ]
            },
            {
                "Name": "jnt_R_arm_01",
                "Transform": [
                    0.8075742721557617,
                    -0.1824018955230713,
                    0.5608505010604858,
                    -0.14186154305934906,
                    0.054794516414403915,
                    0.9700636267662048,
                    0.23658853769302368,
                    -0.07615269720554352,
                    -0.5872147679328918,
                    -0.16033130884170532,
                    0.7933931350708008,
                    0.009458910673856735,
                    0.0,
                    0.0,
                    0.0,
                    1.0
                ],
                "ParentIndex": 45,
                "Children": [
                    43
                ]
            },
            {
                "Name": "jnt_R_clavicle",
                "Transform": [
                    -0.19919119775295258,
                    0.3240998387336731,
                    -0.9248147010803223,
                    0.18410028517246246,
                    0.9775816798210144,
                    0.0,
                    -0.2105562835931778,
                    -0.08508093655109406,
                    -0.0682411715388298,
                    -0.9460228681564331,
                    -0.3168341815471649,
                    -0.11553218960762024,
                    0.0,
                    0.0,
                    0.0,
                    1.0
                ],
                "ParentIndex": 46,
                "Children": [
                    44
                ]
            },
            {
                "Name": "jnt_spine_03",
                "Transform": [
                    0.8707068562507629,
                    -1.1157963797359116e-7,
                    0.49180224537849426,
                    0.13424643874168396,
                    -1.272783549666201e-7,
                    -1.0,
                    -1.5402149555754363e-9,
                    1.4901161193847656e-8,
                    0.49180224537849426,
                    -6.125471685436423e-8,
                    -0.8707068562507629,
                    -0.022870957851409912,
                    0.0,
                    0.0,
                    0.0,
                    1.0
                ],
                "ParentIndex": 47,
                "Children": [
                    23,
                    24,
                    25,
                    29,
                    41,
                    45
                ]
            },
            {
                "Name": "jnt_spine_02",
                "Transform": [
                    0.9256234169006348,
                    -8.881784197001252e-16,
                    0.3784458041191101,
                    0.20420870184898376,
                    2.0705140713062065e-8,
                    1.0,
                    -5.064176633595707e-8,
                    4.440892098500626e-16,
                    -0.3784458041191101,
                    5.471098063480895e-8,
                    0.9256234169006348,
                    -0.07788476347923279,
                    0.0,
                    0.0,
                    0.0,
                    1.0
                ],
                "ParentIndex": 63,
                "Children": [
                    14,
                    15,
                    18,
                    20,
                    22,
                    46
                ]
            },
            {
                "Name": "jnt_Tail_L_Inner_end",
                "Transform": [
                    0.9999999403953552,
                    1.5273690223693848e-7,
                    -6.332993507385254e-8,
                    0.25814229249954224,
                    -1.5273690223693848e-7,
                    0.9999998807907104,
                    1.4901166522918174e-8,
                    -8.940696716308594e-8,
                    6.332993507385254e-8,
                    -1.4901156752955558e-8,
                    0.9999999403953552,
                    2.9802322387695313e-8,
                    0.0,
                    0.0,
                    0.0,
                    1.0
                ],
                "ParentIndex": 49,
                "Children": []
            },
            {
                "Name": "jnt_Tail_L_Inner_02",
                "Transform": [
                    0.9987906217575073,
                    1.0562922092560711e-8,
                    0.049166444689035416,
                    0.2458018958568573,
                    7.016756597977292e-8,
                    0.9999999403953552,
                    -0.0000016402573237428442,
                    2.2351741790771484e-8,
                    -0.049166448414325714,
                    0.0000016417234292021021,
                    0.9987905621528625,
                    -5.271285772323608e-7,
                    0.0,
                    0.0,
                    0.0,
                    1.0
                ],
                "ParentIndex": 50,
                "Children": [
                    48
                ]
            },
            {
                "Name": "jnt_Tail_L_Inner_01",
                "Transform": [
