{
    "Model": {
        "UID": 1430171191636502,
        "Scenes": [
            {
                "rootNode": 164
            }
        ],
        "Nodes": [
            {
                "Name": "hair_jnt_03",
                "Transform": [
                    1.0000001192092896,
                    -2.531823195715756e-15,
                    -5.5511141305090476e-17,
                    -9.523347666018367e-10,
                    2.531823195715756e-15,
                    1.0000001192092896,
                    -7.4505797087454084e-9,
                    0.11352331936359406,
                    5.551116446614763e-17,
                    7.450580596923828e-9,
                    1.0,
                    0.06647182255983353,
                    0.0,
                    0.0,
                    0.0,
                    1.0
                ],
                "ParentIndex": 1,
                "Children": []
            },
            {
                "Name": "hair_jnt_02",
                "Transform": [
                    1.0000001192092896,
                    9.313266824406696e-10,
                    1.46431737846342e-8,
                    -4.1660896954454074e-11,
                    -1.464317556099104e-8,
                    -1.1920930376163597e-7,
                    0.9999999403953552,
                    0.10992690920829773,
                    9.31328458797509e-10,
                    -1.0,
                    -1.1920928955078125e-7,
                    -0.015267615206539631,
                    0.0,
                    0.0,
                    0.0,
                    1.0
                ],
                "ParentIndex": 2,
                "Children": [
                    0
                ]
            },
            {
                "Name": "hair_jnt_01",
                "Transform": [
                    0.9985155463218689,
                    -0.01648627407848835,
                    -0.05191272124648094,
                    -0.0008438341901637614,
                    0.0541062206029892,
                    0.19060450792312622,
                    0.980174720287323,
                    1.4597924947738647,
                    -0.006264625117182732,
                    -0.9815285205841064,
                    0.19121359288692474,
                    0.19920673966407776,
                    0.0,
                    0.0,
                    0.0,
                    1.0
                ],
                "ParentIndex": 65,
                "Children": [
                    1
                ]
            },
            {
                "Name": "jnt_cloth_end",
                "Transform": [
                    0.9999999403953552,
                    -1.3722452507636262e-8,
                    -9.092037345226345e-8,
                    2.1478626877069473e-8,
                    1.3722454283993102e-8,
                    0.9999998211860657,
                    7.85803333513968e-9,
                    0.1022774949669838,
                    9.092037345226345e-8,
                    -7.8580342233181e-9,
                    0.9999999403953552,
                    1.5948890208505873e-8,
                    0.0,
                    0.0,
                    0.0,
                    1.0
                ],
                "ParentIndex": 4,
                "Children": []
            },
            {
                "Name": "jnt_cloth_03",
                "Transform": [
                    -0.9993641972541809,
                    0.035650186240673065,
                    -2.0110152831875894e-7,
                    1.3974018031603919e-7,
                    0.03565018251538277,
                    0.9993641972541809,
                    1.281293862120947e-7,
                    0.13574101030826569,
                    2.0554153934426722e-7,
                    1.2087865286503074e-7,
                    -0.9999998211860657,
                    -1.9758590497076511e-7,
                    0.0,
                    0.0,
                    0.0,
                    1.0
                ],
                "ParentIndex": 5,
                "Children": [
                    3
                ]
            },
            {
                "Name": "jnt_cloth_02",
                "Transform": [
                    -0.9981182813644409,
                    -0.061320122331380844,
                    -1.6864381890968616e-8,
                    -1.9865768763338565e-7,
                    -0.06132013723254204,
                    0.9981180429458618,
                    -2.499768356756249e-7,
                    0.1563870757818222,
                    3.2161267426999984e-8,
                    -2.4847230406521703e-7,
                    -0.9999999403953552,
                    2.200976751964845e-7,
                    0.0,
                    0.0,
                    0.0,
                    1.0
                ],
                "ParentIndex": 6,
                "Children": [
                    4
                ]
            },
            {
                "Name": "jnt_cloth_01",
                "Transform": [
                    0.31191620230674744,
                    -0.12106603384017944,
                    -0.9423660039901733,
                    -0.09454070031642914,
                    -0.17261093854904175,
                    -0.9825636148452759,
                    0.0690975934267044,
                    0.11881392449140549,
                    -0.9343001246452332,
                    0.1411096155643463,
                    -0.3273749351501465,
                    0.05640657618641853,
                    0.0,
                    0.0,
                    0.0,
                    1.0
                ],
                "ParentIndex": 64,
                "Children": [
                    5
                ]
            },
            {
                "Name": "jnt_foot_L_End",
                "Transform": [
                    1.0,
                    -3.0849911514252426e-9,
                    0.0000012468082104533096,
                    -9.75068488173747e-8,
                    3.0850617616096088e-9,
                    1.0,
                    -5.681068060425787e-8,
                    0.09005701541900635,
                    -0.0000012468082104533096,
                    5.6810687709685226e-8,
                    1.0,
                    5.820808723910886e-9,
                    0.0,
                    0.0,
                    0.0,
                    1.0
                ],
                "ParentIndex": 8,
                "Children": []
            },
            {
                "Name": "jnt_foot_L_01",
                "Transform": [
                    0.9995158910751343,
                    -0.029705805703997612,
                    -0.00925920158624649,
                    -0.003990484867244959,
                    0.02977369911968708,
                    0.999530017375946,
                    0.007282312028110027,
                    0.08692794293165207,
                    0.009038526564836502,
                    -0.007554466370493174,
                    0.9999305605888367,
                    -0.017459850758314133,
                    0.0,
                    0.0,
                    0.0,
                    1.0
                ],
                "ParentIndex": 9,
                "Children": [
                    7
                ]
            },
            {
                "Name": "jnt_leg_L_03",
                "Transform": [
                    -0.8042210936546326,
                    0.5939562320709229,
                    -0.02108648605644703,
                    0.010067486204206944,
                    0.25358694791793823,
                    0.3108384609222412,
                    -0.9160094857215881,
                    0.43346312642097473,
                    -0.5375149846076965,
                    -0.7420210242271423,
                    -0.40060263872146606,
                    0.03153407201170921,
                    0.0,
                    0.0,
                    0.0,
                    1.0
                ],
                "ParentIndex": 10,
                "Children": [
                    8
                ]
            },
            {
                "Name": "jnt_leg_L_02",
                "Transform": [
                    0.8538851141929626,
                    0.5204398036003113,
                    -0.004756868351250887,
                    -0.0031267604790627956,
                    0.18959850072860718,
                    -0.3195599615573883,
                    -0.9284040927886963,
                    0.41662490367889404,
                    -0.4846983850002289,
                    0.7918486595153809,
                    -0.3715421259403229,
                    -0.01540444977581501,
                    0.0,
                    0.0,
                    0.0,
                    1.0
                ],
                "ParentIndex": 11,
                "Children": [
                    9
                ]
            },
            {
                "Name": "jnt_leg_L_01",
                "Transform": [
                    0.9106983542442322,
                    -0.11592714488506317,
                    -0.39648526906967163,
                    0.09316543489694595,
                    -0.15261541306972504,
                    -0.9863314628601074,
                    -0.06215260550379753,
                    -0.010816648602485657,
                    -0.3838624954223633,
                    0.1171114593744278,
                    -0.9159349203109741,
                    -0.0016665825387462974,
                    0.0,
                    0.0,
                    0.0,
                    1.0
                ],
                "ParentIndex": 64,
                "Children": [
                    10
                ]
            },
            {
                "Name": "jnt_foot_R_End",
                "Transform": [
                    1.0,
                    2.1886055634467994e-8,
                    0.0000011066439356000046,
                    -3.075820842468602e-8,
                    -2.188606984532271e-8,
                    1.0,
                    1.3038505386475663e-8,
                    0.09005700796842575,
                    -0.0000011066439356000046,
                    -1.3038530255471414e-8,
                    1.0,
                    -2.0372675990643074e-8,
                    0.0,
                    0.0,
                    0.0,
                    1.0
                ],
                "ParentIndex": 13,
                "Children": []
            },
            {
                "Name": "jnt_foot_R_01",
                "Transform": [
                    0.9995153546333313,
                    0.029719486832618713,
                    0.009265834465622902,
                    0.0040439716540277,
                    -0.029787421226501465,
                    0.9995297193527222,
                    0.007282100152224302,
                    0.08715087920427322,
                    -0.009045056998729706,
                    -0.007554576266556978,
                    0.9999305605888367,
                    -0.017598463222384453,
                    0.0,
                    0.0,
                    0.0,
                    1.0
                ],
                "ParentIndex": 14,
                "Children": [
                    12
                ]
            },
            {
                "Name": "jnt_leg_R_03",
                "Transform": [
                    -0.988089382648468,
                    -0.015803135931491852,
                    -0.15306825935840607,
                    0.011682081036269665,
                    0.15058501064777374,
                    -0.3040996789932251,
                    -0.9406633973121643,
                    0.4402744472026825,
                    -0.03168255835771561,
                    -0.9525092244148254,
                    0.3028571605682373,
                    0.02331894263625145,
                    0.0,
                    0.0,
                    0.0,
                    1.0
                ],
                "ParentIndex": 15,
                "Children": [
                    13
                ]
            },
            {
                "Name": "jnt_leg_R_02",
                "Transform": [
                    0.981688916683197,
                    -0.1868298202753067,
                    -0.03716672956943512,
                    0.013787256553769112,
                    0.059889424592256546,
                    0.48792362213134766,
                    -0.8708294630050659,
                    0.41356515884399414,
                    0.1808314025402069,
                    0.8526579141616821,
                    0.49017828702926636,
                    0.006167333107441664,
                    0.0,
                    0.0,
                    0.0,
                    1.0
                ],
                "ParentIndex": 16,
                "Children": [
                    14
                ]
            },
            {
                "Name": "jnt_leg_R_01",
                "Transform": [
                    0.7601091861724854,
                    -0.6052008271217346,
                    0.2365749031305313,
                    -0.093165323138237,
                    0.41756471991539,
                    0.17597590386867523,
                    -0.8914452791213989,
                    -0.010816794820129871,
                    0.49787193536758423,
                    0.7763791680335999,
                    0.3864712715148926,
                    -0.0016740680439397693,
                    0.0,
                    0.0,
                    0.0,
                    1.0
                ],
                "ParentIndex": 64,
                "Children": [
                    15
                ]
            },
            {
                "Name": "jnt_Index_L_End",
                "Transform": [
                    1.0,
                    2.584419611650901e-8,
                    1.0806252248585224e-7,
                    -0.005686923395842314,
                    -2.5844203221936368e-8,
                    1.0,
                    6.100162863731384e-8,
                    0.045117057859897614,
                    -1.0806252248585224e-7,
                    -6.100162863731384e-8,
                    1.0,
                    0.011108219623565674,
                    0.0,
                    0.0,
                    0.0,
                    1.0
                ],
                "ParentIndex": 18,
                "Children": []
            },
            {
                "Name": "jnt_Index_L_02",
                "Transform": [
                    0.9659745097160339,
                    0.07736972719430923,
                    0.24679343402385712,
                    -0.004851827397942543,
                    -0.07076425850391388,
                    0.9968598484992981,
                    -0.03553694486618042,
                    0.04201500117778778,
                    -0.2487679421901703,
                    0.0168636292219162,
                    0.9684162735939026,
                    0.014560926705598831,
                    0.0,
                    0.0,
                    0.0,
                    1.0
                ],
                "ParentIndex": 19,
                "Children": [
                    17
                ]
            },
            {
                "Name": "jnt_Index_L_01",
                "Transform": [
                    0.8048967123031616,
                    0.5494472980499268,
                    0.22416220605373383,
                    0.05762813240289688,
                    -0.4252625107765198,
                    0.7975409030914307,
                    -0.427878737449646,
                    0.045195531100034714,
                    -0.4138752818107605,
                    0.2490704506635666,
                    0.8755975961685181,
                    0.08804718405008316,
                    0.0,
                    0.0,
                    0.0,
                    1.0
                ],
                "ParentIndex": 32,
                "Children": [
                    18
                ]
            },
            {
                "Name": "jnt_Mid_L_End",
                "Transform": [
                    1.0000001192092896,
                    -1.303851426825986e-8,
                    -1.30385116037246e-8,
                    0.0066598886623978615,
                    1.30385160446167e-8,
                    1.0,
                    -6.332992796842518e-8,
                    0.046243347227573395,
                    1.303851426825986e-8,
                    6.332993507385254e-8,
                    0.9999999403953552,
                    0.02130236104130745,
                    0.0,
                    0.0,
                    0.0,
                    1.0
                ],
                "ParentIndex": 21,
                "Children": []
            },
            {
                "Name": "jnt_Mid_L_02",
                "Transform": [
                    0.9521432518959045,
                    -0.04122474044561386,
                    -0.3028591275215149,
                    -0.0019954824820160866,
                    0.08077236264944077,
                    0.9895747900009155,
                    0.11923665553331375,
                    0.04129350930452347,
                    0.2947862446308136,
                    -0.1379930078983307,
                    0.9455469250679016,
                    0.011340699158608913,
                    0.0,
                    0.0,
                    0.0,
                    1.0
                ],
                "ParentIndex": 22,
                "Children": [
                    20
                ]
            },
            {
                "Name": "jnt_Mid_L_01",
                "Transform": [
                    0.8563942909240723,
                    0.5086567997932434,
                    0.08864079415798187,
                    0.04280431196093559,
                    -0.4524703919887543,
                    0.8220421075820923,
                    -0.34571290016174316,
                    0.06820115447044373,
                    -0.2487156242132187,
                    0.2559592127799988,
                    0.9341442584991455,
                    0.07244160771369934,
                    0.0,
                    0.0,
                    0.0,
                    1.0
                ],
                "ParentIndex": 32,
                "Children": [
                    21
                ]
            },
            {
                "Name": "jnt_Pink_L_End",
                "Transform": [
                    0.9999998211860657,
                    4.8428766774577525e-8,
                    2.1606683731079102e-7,
                    0.010168522596359253,
                    -4.8428766774577525e-8,
                    0.9999998807907104,
                    -5.564992910933597e-15,
                    0.030651312321424484,
                    -2.1606679467822687e-7,
                    -4.89885867264203e-15,
                    1.0,
                    -0.0047440603375434875,
                    0.0,
                    0.0,
                    0.0,
                    1.0
                ],
                "ParentIndex": 24,
                "Children": []
            },
            {
                "Name": "jnt_Pink_L_02",
                "Transform": [
                    0.5460363626480103,
                    -0.18699349462985992,
                    -0.8166257739067078,
                    0.004616623278707266,
                    0.2651122212409973,
                    0.9632447361946106,
                    -0.04329962283372879,
                    0.036983538419008255,
                    0.7947072982788086,
                    -0.19285428524017334,
                    0.5755410194396973,
                    0.0008377297199331224,
                    0.0,
                    0.0,
                    0.0,
                    1.0
                ],
                "ParentIndex": 25,
                "Children": [
                    23
                ]
            },
            {
                "Name": "jnt_Pink_L_01",
                "Transform": [
                    0.8626425266265869,
                    0.3817653954029083,
                    -0.33181804418563843,
                    0.014123897068202496,
                    -0.4557722806930542,
                    0.8711672425270081,
                    -0.18259184062480927,
                    0.10459692776203156,
                    0.21936167776584625,
                    0.30874505639076233,
                    0.9255037903785706,
                    0.0350637212395668,
                    0.0,
                    0.0,
                    0.0,
                    1.0
                ],
                "ParentIndex": 32,
                "Children": [
                    24
                ]
            },
            {
                "Name": "jnt_Ring_L_End",
                "Transform": [
                    1.0000001192092896,
                    -4.6566128730773926e-8,
                    -2.514571129097476e-8,
                    0.011921193450689316,
                    4.6566135836201283e-8,
                    1.0,
                    7.264316082000732e-8,
                    0.04283694177865982,
                    2.514571129097476e-8,
                    -7.264316082000732e-8,
                    1.0,
                    0.009359858930110931,
                    0.0,
                    0.0,
                    0.0,
                    1.0
                ],
                "ParentIndex": 27,
                "Children": []
            },
            {
                "Name": "jnt_Ring_L_02",
                "Transform": [
                    0.9594594240188599,
                    -0.024187404662370682,
                    -0.28080645203590393,
                    0.005706139840185642,
                    0.08930391073226929,
                    0.9710647463798523,
                    0.22149056196212769,
                    0.03849975764751434,
                    0.26732388138771057,
                    -0.23758834600448608,
                    0.9338574409484863,
                    0.003638731548562646,
                    0.0,
                    0.0,
                    0.0,
                    1.0
                ],
                "ParentIndex": 28,
                "Children": [
                    26
                ]
            },
            {
                "Name": "jnt_Ring_L_01",
                "Transform": [
                    0.8671056032180786,
                    0.3882913589477539,
                    -0.3120224177837372,
                    0.031194746494293213,
                    -0.45812973380088806,
                    0.8675674796104431,
                    -0.19350512325763702,
                    0.09066908806562424,
                    0.1955641210079193,
                    0.31073614954948425,
                    0.9301599860191345,
                    0.056069958955049515,
                    0.0,
                    0.0,
                    0.0,
                    1.0
                ],
                "ParentIndex": 32,
                "Children": [
                    27
                ]
            },
            {
                "Name": "jnt_Thumb_L_End",
                "Transform": [
                    0.9999999403953552,
                    -1.21071970227149e-8,
                    -9.709039261451835e-8,
                    -0.0005243504419922829,
                    1.210719791089332e-8,
                    0.9999998211860657,
                    -9.3132579426225e-10,
                    0.04084362834692001,
                    9.709037129823628e-8,
                    9.31324350972318e-10,
                    1.0000001192092896,
                    0.013987204059958458,
                    0.0,
                    0.0,
                    0.0,
                    1.0
                ],
                "ParentIndex": 30,
                "Children": []
            },
            {
                "Name": "jnt_Thumb_L_02",
                "Transform": [
                    0.9098580479621887,
                    -0.10382071137428284,
                    -0.40172117948532104,
                    -0.009348686784505844,
                    0.20336474478244781,
                    0.9555063843727112,
                    0.2136598825454712,
                    0.047534599900245667,
                    0.361664742231369,
                    -0.27609604597091675,
                    0.8904885053634644,
                    0.01800711266696453,
                    0.0,
                    0.0,
                    0.0,
                    1.0
                ],
                "ParentIndex": 31,
                "Children": [
                    29
                ]
            },
            {
                "Name": "jnt_Thumb_L_01",
                "Transform": [
                    0.5382577776908875,
                    0.7509989738464355,
                    0.3824646472930908,
                    0.03881523385643959,
                    -0.28438499569892883,
                    0.5890440940856934,
                    -0.7564074397087097,
                    -0.011653232388198376,
                    -0.7933498620986938,
                    0.2983749508857727,
                    0.530630350112915,
                    0.010418163612484932,
                    0.0,
                    0.0,
                    0.0,
                    1.0
                ],
                "ParentIndex": 32,
                "Children": [
                    30
                ]
            },
            {
                "Name": "jnt_wrist_L",
                "Transform": [
                    0.6732736825942993,
                    -0.3260456323623657,
                    0.6636239886283875,
                    0.00814811047166586,
                    0.07310978323221207,
                    0.9224824905395508,
                    0.3790527880191803,
                    0.267002135515213,
                    -0.7357699275016785,
                    -0.20668885111808777,
                    0.6449204087257385,
                    0.07835675030946732,
                    0.0,
                    0.0,
                    0.0,
                    1.0
                ],
                "ParentIndex": 33,
                "Children": [
                    19,
                    22,
                    25,
                    28,
                    31
                ]
            },
            {
                "Name": "jnt_arm_L_02",
                "Transform": [
                    0.7488865256309509,
                    0.652657687664032,
                    -0.11492078006267548,
                    -0.014952522702515125,
                    -0.5226497650146484,
                    0.4750578999519348,
                    -0.7079246044158936,
                    0.23437903821468353,
                    -0.40743836760520935,
                    0.5902185440063477,
                    0.6968759298324585,
                    -0.05249566212296486,
                    0.0,
                    0.0,
                    0.0,
                    1.0
                ],
                "ParentIndex": 34,
                "Children": [
                    32
                ]
            },
            {
                "Name": "jnt_arm_L_01",
                "Transform": [
                    0.494183212518692,
                    0.7851831912994385,
                    0.3731890022754669,
                    -0.010688107460737228,
                    -0.8659512400627136,
                    0.4066222906112671,
                    0.29118117690086365,
                    0.09681050479412079,
                    0.07688361406326294,
                    -0.4670603573322296,
                    0.8808764815330505,
                    -0.00982828438282013,
                    0.0,
                    0.0,
                    0.0,
                    1.0
                ],
                "ParentIndex": 35,
                "Children": [
                    33
                ]
            },
            {
                "Name": "jnt_clavicle_L",
                "Transform": [
                    0.5424978733062744,
                    0.7597418427467346,
                    -0.3584529757499695,
                    0.09170442819595337,
                    0.21187424659729004,
                    0.2891618609428406,
                    0.9335389137268066,
                    0.07229727506637573,
                    0.8128994107246399,
                    -0.5823898315429688,
                    -0.00410008430480957,
                    0.05140971019864082,
                    0.0,
                    0.0,
                    0.0,
                    1.0
                ],
                "ParentIndex": 61,
                "Children": [
                    34
                ]
            },
            {
                "Name": "jnt_Index_R_End",
                "Transform": [
                    1.0000001192092896,
                    -3.958120942115784e-8,
                    -3.899911504845477e-9,
                    -0.005703938193619251,
                    3.9581212973871516e-8,
                    1.0,
                    -9.266661038509483e-8,
                    0.045253023505210876,
                    3.899915057559156e-9,
                    9.266659617424011e-8,
                    1.0000001192092896,
                    -0.011141611263155937,
                    0.0,
                    0.0,
                    0.0,
                    1.0
                ],
                "ParentIndex": 37,
                "Children": []
            },
            {
                "Name": "jnt_Index_R_02",
                "Transform": [
                    -0.2003321349620819,
                    0.7747288346290588,
                    -0.5997186303138733,
                    -0.00486715417355299,
                    -0.9783850312232971,
                    -0.12615787982940674,
                    0.16384989023208618,
                    0.04214087128639221,
                    0.05128004401922226,
                    0.6195802092552185,
                    0.783256471157074,
                    -0.01460481807589531,
                    0.0,
                    0.0,
                    0.0,
                    1.0
                ],
                "ParentIndex": 38,
                "Children": [
                    36
                ]
            },
            {
                "Name": "jnt_Index_R_01",
                "Transform": [
                    0.4461778998374939,
                    0.6060206294059753,
                    0.6585321426391602,
                    -0.11076868325471878,
                    -0.21408113837242126,
                    0.7867466807365417,
                    -0.5789638757705688,
                    0.07304325699806213,
                    -0.8689621090888977,
                    0.11734157800674438,
                    0.4807663559913635,
                    0.023045722395181656,
                    0.0,
                    0.0,
                    0.0,
                    1.0
                ],
                "ParentIndex": 52,
                "Children": [
                    37
                ]
            },
            {
                "Name": "jnt_Mid_R_End",
                "Transform": [
                    1.0,
                    1.8626448161640496e-9,
                    -1.2433156371116638e-7,
                    0.006679798010736704,
                    -1.86265114443529e-9,
                    1.0,
                    -5.168839933844538e-8,
                    0.04638231173157692,
                    1.243315779220211e-7,
                    5.168840289115906e-8,
                    0.9999999403953552,
                    -0.021366838365793228,
                    0.0,
                    0.0,
                    0.0,
                    1.0
                ],
                "ParentIndex": 40,
                "Children": []
            },
            {
                "Name": "jnt_Mid_R_02",
                "Transform": [
                    0.5566084384918213,
                    0.5860092639923096,
                    -0.5888805389404297,
                    -0.002001475775614381,
                    -0.42146921157836914,
                    -0.4116586446762085,
                    -0.8080230355262756,
                    0.04141761735081673,
                    -0.7159266471862793,
                    0.6979474425315857,
                    0.017852067947387695,
                    -0.01137493271380663,
                    0.0,
                    0.0,
                    0.0,
                    1.0
                ],
                "ParentIndex": 41,
                "Children": [
                    39
                ]
            },
            {
                "Name": "jnt_Mid_R_01",
                "Transform": [
                    0.1318039745092392,
                    0.5617302060127258,
                    0.8167538642883301,
                    -0.09511664509773254,
                    0.249441459774971,
                    0.7786344885826111,
                    -0.5757668018341064,
                    0.05817505717277527,
                    -0.959378182888031,
                    0.2796206772327423,
                    -0.037491679191589355,
                    0.046120867133140564,
                    0.0,
                    0.0,
                    0.0,
                    1.0
                ],
                "ParentIndex": 52,
                "Children": [
                    40
                ]
            },
            {
                "Name": "jnt_Pink_R_End",
                "Transform": [
                    0.9999999403953552,
                    3.3527616238870905e-8,
                    7.450578820566989e-9,
                    0.010199323296546936,
                    -3.3527612686157227e-8,
                    1.0,
                    -9.685754776000977e-8,
                    0.030743367969989777,
                    -7.450581485102248e-9,
                    9.685754776000977e-8,
                    1.0,
                    0.004757985472679138,
                    0.0,
                    0.0,
                    0.0,
                    1.0
                ],
                "ParentIndex": 43,
                "Children": []
            },
            {
                "Name": "jnt_Pink_R_02",
                "Transform": [
                    0.8526174426078796,
                    -0.03297386318445206,
                    0.5214945673942566,
                    0.004630568437278271,
                    0.522385835647583,
                    0.0777185708284378,
                    -0.849160373210907,
                    0.03709452599287033,
                    -0.012529733590781689,
                    0.9964302182197571,
                    0.08348924666643143,
                    -0.0008404944092035294,
                    0.0,
                    0.0,
                    0.0,
                    1.0
                ],
                "ParentIndex": 44,
                "Children": [
                    42
                ]
            },
            {
                "Name": "jnt_Pink_R_01",
                "Transform": [
                    -0.5252435803413391,
                    0.6701371073722839,
                    0.5244383811950684,
                    -0.057626351714134216,
                    0.48857736587524414,
                    0.7420819997787476,
                    -0.4589189291000366,
                    0.029407955706119537,
                    -0.6967148780822754,
                    0.015184491872787476,
                    -0.7171875834465027,
                    0.08262598514556885,
                    0.0,
                    0.0,
                    0.0,
                    1.0
                ],
                "ParentIndex": 52,
                "Children": [
                    43
                ]
            },
            {
                "Name": "jnt_Ring_R_End",
                "Transform": [
                    1.0000001192092896,
                    -3.97209106495211e-7,
                    -1.0617074508445512e-7,
                    0.011957027018070221,
                    3.97209106495211e-7,
                    1.0000001192092896,
                    -1.4761465649826278e-7,
                    0.0429656021296978,
                    1.0617080192787398e-7,
                    1.4761462807655334e-7,
                    1.0000001192092896,
                    -0.009387324564158916,
                    0.0,
                    0.0,
                    0.0,
                    1.0
                ],
                "ParentIndex": 46,
                "Children": []
            },
            {
                "Name": "jnt_Ring_R_02",
                "Transform": [
                    0.9361844062805176,
                    0.1967495083808899,
                    -0.291287362575531,
                    0.005723196547478437,
                    -0.27015212178230286,
                    -0.12745298445224762,
                    -0.9543447494506836,
                    0.038615453988313675,
                    -0.22489218413829803,
                    0.9721347093582153,
                    -0.06616723537445068,
                    -0.0036498275585472584,
                    0.0,
                    0.0,
                    0.0,
                    1.0
                ],
                "ParentIndex": 47,
                "Children": [
                    45
                ]
            },
            {
                "Name": "jnt_Ring_R_01",
                "Transform": [
                    -0.1724255234003067,
                    0.827562689781189,
                    0.5342376828193665,
                    -0.07869550585746765,
                    0.29010382294654846,
                    0.5609695315361023,
                    -0.7753408551216125,
                    0.04653048515319824,
                    -0.9413339495658875,
                    0.0212958175688982,
                    -0.33680459856987,
                    0.0686560645699501,
                    0.0,
                    0.0,
                    0.0,
                    1.0
                ],
                "ParentIndex": 52,
                "Children": [
                    46
                ]
            },
            {
                "Name": "jnt_Thumb_R_End",
                "Transform": [
                    1.0,
                    -1.164152441113231e-9,
                    -2.0838339054307653e-8,
                    -0.0005240850150585175,
                    1.1641531072470457e-9,
                    1.0,
                    3.061722608777018e-8,
                    0.040843889117240906,
                    2.0838340830664492e-8,
                    -3.0617229640483856e-8,
                    0.9999998807907104,
                    -0.013987226411700249,
                    0.0,
                    0.0,
                    0.0,
                    1.0
                ],
                "ParentIndex": 49,
                "Children": []
            },
            {
                "Name": "jnt_Thumb_R_02",
                "Transform": [
                    0.9602052569389343,
                    0.11452391743659973,
                    0.2547351121902466,
                    -0.0093766450881958,
                    0.047827474772930145,
                    0.8311688899993896,
                    -0.553959310054779,
