{
    "Model": {
        "UID": 1456758275117469,
        "Scenes": [
            {
                "rootNode": 66
            }
        ],
        "Nodes": [
            {
                "Name": "jnt_cloth_end",
                "Transform": [
                    1.0,
                    7.255584222320977e-8,
                    7.395283319056034e-8,
                    0.10227739810943604,
                    -7.255584932863712e-8,
                    0.9999999403953552,
                    -5.366747046764431e-8,
                    -2.9423972591757774e-8,
                    -7.395283319056034e-8,
                    5.366745980950327e-8,
                    1.0,
                    -3.271270543336868e-8,
                    0.0,
                    0.0,
                    0.0,
                    1.0
                ],
                "ParentIndex": 1,
                "Children": []
            },
            {
                "Name": "jnt_cloth_03",
                "Transform": [
                    0.9993643164634705,
                    -2.9248275268400903e-7,
                    0.035649992525577545,
                    0.13574108481407166,
                    -2.8924461048518424e-7,
                    -0.9999998211860657,
                    -9.599025219131363e-8,
                    -2.154556568711996e-7,
                    0.035649996250867844,
                    8.561765696413204e-8,
                    -0.9993643164634705,
                    4.270987119525671e-7,
                    0.0,
                    0.0,
                    0.0,
                    1.0
                ],
                "ParentIndex": 2,
                "Children": [
                    0
                ]
            },
            {
                "Name": "jnt_cloth_02",
                "Transform": [
                    0.9981181025505066,
                    -6.766234150745731e-7,
                    -0.06131986901164055,
                    0.15638653934001923,
                    -6.480156002908188e-7,
                    -1.0000003576278687,
                    4.86418173295533e-7,
                    1.527660060673952e-7,
                    -0.06131986901164055,
                    -4.457667159840639e-7,
                    -0.9981183409690857,
                    -1.2678826522005693e-7,
                    0.0,
                    0.0,
                    0.0,
                    1.0
                ],
                "ParentIndex": 3,
                "Children": [
                    1
                ]
            },
            {
                "Name": "jnt_cloth_01",
                "Transform": [
                    -0.055415861308574677,
                    -0.9984633922576904,
                    0.000039920207200339064,
                    -0.07138156145811081,
                    -0.9944607615470886,
                    0.055189963430166245,
                    -0.08945289999246597,
                    0.11081934720277786,
                    0.08931323885917664,
                    -0.00499679846689105,
                    -0.9959911704063416,
                    0.08200442790985107,
                    0.0,
                    0.0,
                    0.0,
                    1.0
                ],
                "ParentIndex": 61,
                "Children": [
                    2
                ]
            },
            {
                "Name": "jnt_foot_L_End",
                "Transform": [
                    1.0000001192092896,
                    7.450580596923828e-8,
                    1.955777229056821e-8,
                    0.09005700051784515,
                    -7.450580596923828e-8,
                    1.0000001192092896,
                    -3.259629011154175e-8,
                    -2.9802322387695313e-8,
                    -1.9557777619638728e-8,
                    3.259629366425543e-8,
                    1.0,
                    -2.4396285880357027e-8,
                    0.0,
                    0.0,
                    0.0,
                    1.0
                ],
                "ParentIndex": 5,
                "Children": []
            },
            {
                "Name": "jnt_foot_L_01",
                "Transform": [
                    0.999530017375946,
                    0.007282227743417025,
                    0.0297746192663908,
                    0.08692812919616699,
                    -0.007554338313639164,
                    0.9999305605888367,
                    0.00903677474707365,
                    -0.01745983585715294,
                    -0.029706742614507675,
                    -0.009257455356419086,
                    0.9995157122612,
                    -0.003990401979535818,
                    0.0,
                    0.0,
                    0.0,
                    1.0
                ],
                "ParentIndex": 6,
                "Children": [
                    4
                ]
            },
            {
                "Name": "jnt_leg_L_03",
                "Transform": [
                    0.16943144798278809,
                    -0.9601793885231018,
                    -0.22214694321155548,
                    0.43346279859542847,
                    -0.9831337332725525,
                    -0.18041592836380005,
                    0.029969943687319756,
                    0.03153415024280548,
                    -0.06885533779859543,
                    0.21332240104675293,
                    -0.97455233335495,
                    0.010067764669656754,
                    0.0,
                    0.0,
                    0.0,
                    1.0
                ],
                "ParentIndex": 7,
                "Children": [
                    5
                ]
            },
            {
                "Name": "jnt_leg_L_02",
                "Transform": [
                    0.992784857749939,
                    -0.11549408733844757,
                    -0.032237228006124496,
                    0.416625440120697,
                    0.11544399708509445,
                    0.9933081269264221,
                    -0.0034169028513133526,
                    -0.015404526144266129,
                    0.03241613134741783,
                    -0.00032934476621448994,
                    0.9994743466377258,
                    -0.0031266845762729645,
                    0.0,
                    0.0,
                    0.0,
                    1.0
                ],
                "ParentIndex": 8,
                "Children": [
                    6
                ]
            },
            {
                "Name": "jnt_leg_L_01",
                "Transform": [
                    0.21147507429122925,
                    -0.2613726556301117,
                    0.9417870044708252,
                    0.09316544979810715,
                    -0.9759827852249146,
                    -0.10803806781768799,
                    0.18917003273963928,
                    -0.010816446505486965,
                    0.052305012941360474,
                    -0.9591726064682007,
                    -0.27794256806373596,
                    -0.001666541094891727,
                    0.0,
                    0.0,
                    0.0,
                    1.0
                ],
                "ParentIndex": 61,
                "Children": [
                    7
                ]
            },
            {
                "Name": "jnt_foot_R_End",
                "Transform": [
                    1.0,
                    1.6111879119762307e-7,
                    2.6158522814512253e-7,
                    0.09005693346261978,
                    -1.6111880540847778e-7,
                    0.9999999403953552,
                    2.5378520618346556e-8,
                    -1.862645149230957e-9,
                    -2.6158522814512253e-7,
                    -2.5378561474553862e-8,
                    1.0,
                    1.3526005204766989e-8,
                    0.0,
                    0.0,
                    0.0,
                    1.0
                ],
                "ParentIndex": 10,
                "Children": []
            },
            {
                "Name": "jnt_foot_R_01",
                "Transform": [
                    0.9995297193527222,
                    0.007282635197043419,
                    -0.02978735789656639,
                    0.0871506929397583,
                    -0.007555169984698296,
                    0.9999305605888367,
                    -0.009047036990523338,
                    -0.017598552629351616,
                    0.02971940115094185,
                    0.009267831221222878,
                    0.9995152950286865,
                    0.0040442245081067085,
                    0.0,
                    0.0,
                    0.0,
                    1.0
                ],
                "ParentIndex": 11,
                "Children": [
                    9
                ]
            },
            {
                "Name": "jnt_leg_R_03",
                "Transform": [
                    0.14253519475460052,
                    -0.9531306028366089,
                    0.2668803036212921,
                    0.44027405977249146,
                    -0.9895870685577393,
                    -0.14268378913402557,
                    0.01894022338092327,
                    0.023318998515605927,
                    0.020026979967951775,
                    -0.2668008804321289,
                    -0.963543713092804,
                    0.011682390235364437,
                    0.0,
                    0.0,
                    0.0,
                    1.0
                ],
                "ParentIndex": 12,
                "Children": [
                    10
                ]
            },
            {
                "Name": "jnt_leg_R_02",
                "Transform": [
                    0.9727643132209778,
                    -0.22862835228443146,
                    0.03819286823272705,
                    0.41356489062309265,
                    0.22811011970043182,
                    0.9734786152839661,
                    0.017473822459578514,
                    0.006167415529489517,
                    -0.04117495194077492,
                    -0.008285731077194214,
                    0.9991174936294556,
                    0.01378751453012228,
                    0.0,
                    0.0,
                    0.0,
                    1.0
                ],
                "ParentIndex": 13,
                "Children": [
                    11
                ]
            },
            {
                "Name": "jnt_leg_R_01",
                "Transform": [
                    -0.2539590299129486,
                    0.19306695461273193,
                    0.9477500915527344,
                    -0.0931655764579773,
                    -0.959987223148346,
                    -0.16988122463226318,
                    -0.2226315438747406,
                    -0.010816870257258415,
                    0.11802210658788681,
                    -0.9663671851158142,
                    0.22848471999168396,
                    -0.001673714374192059,
                    0.0,
                    0.0,
                    0.0,
                    1.0
                ],
                "ParentIndex": 61,
                "Children": [
                    12
                ]
            },
            {
                "Name": "jnt_Index_L_End",
                "Transform": [
                    1.0,
                    -7.56699307657982e-8,
                    6.598419872716477e-7,
                    0.04511696472764015,
                    7.56699805037897e-8,
                    0.9999999403953552,
                    -6.897604976074945e-8,
                    0.01110827550292015,
                    -6.598420441150665e-7,
                    6.897610660416831e-8,
                    0.9999998807907104,
                    -0.005686735734343529,
                    0.0,
                    0.0,
                    0.0,
                    1.0
                ],
                "ParentIndex": 15,
                "Children": []
            },
            {
                "Name": "jnt_Index_L_02",
                "Transform": [
                    0.9968598484992981,
                    -0.03553608059883118,
                    -0.07076473534107208,
                    0.04201522469520569,
                    0.016862764954566956,
                    0.9684165120124817,
                    -0.24876685440540314,
                    0.014560632407665253,
                    0.07736994326114655,
                    0.24679237604141235,
                    0.9659748673439026,
                    -0.0048517268151044846,
                    0.0,
                    0.0,
                    0.0,
                    1.0
                ],
                "ParentIndex": 16,
                "Children": [
                    14
                ]
            },
            {
                "Name": "jnt_Index_L_01",
                "Transform": [
                    0.5494470000267029,
                    0.22416293621063232,
                    0.804896891117096,
                    0.05762716382741928,
                    -0.7975410223007202,
                    0.4278795123100281,
                    0.4252617657184601,
                    -0.04519505426287651,
                    -0.249070942401886,
                    -0.8755972385406494,
                    0.41387617588043213,
                    -0.08804740756750107,
                    0.0,
                    0.0,
                    0.0,
                    1.0
                ],
                "ParentIndex": 29,
                "Children": [
                    15
                ]
            },
            {
                "Name": "jnt_Mid_L_End",
                "Transform": [
                    1.0,
                    5.587933227246822e-9,
                    5.21540641784668e-8,
                    0.046243347227573395,
                    -5.587940776763389e-9,
                    0.9999999403953552,
                    1.3783575525394554e-7,
                    0.02130233682692051,
                    -5.21540641784668e-8,
                    -1.3783574104309082e-7,
                    1.0,
                    0.00665980763733387,
                    0.0,
                    0.0,
                    0.0,
                    1.0
                ],
                "ParentIndex": 18,
                "Children": []
            },
            {
                "Name": "jnt_Mid_L_02",
                "Transform": [
                    0.9895750880241394,
                    0.11923631280660629,
                    0.08077186346054077,
                    0.04129352048039436,
                    -0.13799257576465607,
                    0.9455468654632568,
                    0.2947864532470703,
                    0.011340459808707237,
                    -0.041224345564842224,
                    -0.3028591573238373,
                    0.9521433115005493,
                    -0.001995299942791462,
                    0.0,
                    0.0,
                    0.0,
                    1.0
                ],
                "ParentIndex": 19,
                "Children": [
                    17
                ]
            },
            {
                "Name": "jnt_Mid_L_01",
                "Transform": [
                    0.5086561441421509,
                    0.0886412188410759,
                    0.8563946485519409,
                    0.04280362278223038,
                    -0.8220426440238953,
                    0.3457127511501312,
                    0.4524696171283722,
                    -0.06820062547922134,
                    -0.2559591829776764,
                    -0.9341441988945007,
                    0.24871575832366943,
                    -0.07244214415550232,
                    0.0,
                    0.0,
                    0.0,
                    1.0
                ],
                "ParentIndex": 29,
                "Children": [
                    18
                ]
            },
            {
                "Name": "jnt_Pink_L_End",
                "Transform": [
                    1.0,
                    -2.458691312767769e-7,
                    -5.960462345910855e-8,
                    0.030651336535811424,
                    2.4586915969848633e-7,
                    0.9999998807907104,
                    -1.825392388354885e-7,
                    -0.004744160920381546,
                    5.96046660916727e-8,
                    1.8253918199206964e-7,
                    1.0,
                    0.010168608278036118,
                    0.0,
                    0.0,
                    0.0,
                    1.0
                ],
                "ParentIndex": 21,
                "Children": []
            },
            {
                "Name": "jnt_Pink_L_02",
                "Transform": [
                    0.9632448554039001,
                    -0.04329994320869446,
                    0.26511186361312866,
                    0.03698364272713661,
                    -0.19285394251346588,
                    0.5755404233932495,
                    0.7947076559066772,
                    0.0008375067263841629,
                    -0.18699344992637634,
                    -0.8166259527206421,
                    0.5460359454154968,
                    0.00461651012301445,
                    0.0,
                    0.0,
                    0.0,
                    1.0
                ],
                "ParentIndex": 22,
                "Children": [
                    20
                ]
            },
            {
                "Name": "jnt_Pink_L_01",
                "Transform": [
                    0.3817642331123352,
                    -0.33181703090667725,
                    0.8626433610916138,
                    0.014123201370239258,
                    -0.8711670637130737,
                    0.18259364366531372,
                    0.4557712972164154,
                    -0.1045961081981659,
                    -0.3087458610534668,
                    -0.9255036115646362,
                    -0.2193603515625,
                    -0.03506382182240486,
                    0.0,
                    0.0,
                    0.0,
                    1.0
                ],
                "ParentIndex": 29,
                "Children": [
                    21
                ]
            },
            {
                "Name": "jnt_Ring_L_End",
                "Transform": [
                    1.0,
                    -7.078052988163108e-8,
                    -8.242203364261513e-8,
                    0.04283713549375534,
                    7.078050145992165e-8,
                    1.0,
                    -3.026798367500305e-7,
                    0.009359845891594887,
                    8.242206206432456e-8,
                    3.026798367500305e-7,
                    1.0,
                    0.011921118944883347,
                    0.0,
                    0.0,
                    0.0,
                    1.0
                ],
                "ParentIndex": 24,
                "Children": []
            },
            {
                "Name": "jnt_Ring_L_02",
                "Transform": [
                    0.9710649251937866,
                    0.22149035334587097,
                    0.08930372446775436,
                    0.03849894553422928,
                    -0.23758815228939056,
                    0.9338575005531311,
                    0.2673236131668091,
                    0.0036389371380209923,
                    -0.024187367409467697,
                    -0.2808060646057129,
                    0.959459662437439,
                    0.005705757066607475,
                    0.0,
                    0.0,
                    0.0,
                    1.0
                ],
                "ParentIndex": 25,
                "Children": [
                    23
                ]
            },
            {
                "Name": "jnt_Ring_L_01",
                "Transform": [
                    0.3882906436920166,
                    -0.3120223581790924,
                    0.8671057820320129,
                    0.03119468316435814,
                    -0.867567241191864,
                    0.19350609183311462,
                    0.45812922716140747,
                    -0.09066924452781677,
                    -0.31073683500289917,
                    -0.9301597476005554,
                    -0.19556379318237305,
                    -0.056070100516080856,
                    0.0,
                    0.0,
                    0.0,
                    1.0
                ],
                "ParentIndex": 29,
                "Children": [
                    24
                ]
            },
            {
                "Name": "jnt_Thumb_L_End",
                "Transform": [
                    1.0,
                    4.190955582572542e-9,
                    -9.220093488693237e-8,
                    0.040843453258275986,
                    -4.1909480330559745e-9,
                    1.0000001192092896,
                    8.149071817342701e-8,
                    0.013987231999635696,
                    9.220093488693237e-8,
                    -8.149072527885437e-8,
                    1.0,
                    -0.0005243923515081406,
                    0.0,
                    0.0,
                    0.0,
                    1.0
                ],
                "ParentIndex": 27,
                "Children": []
            },
            {
                "Name": "jnt_Thumb_L_02",
                "Transform": [
                    0.955506443977356,
                    0.21365925669670105,
                    0.203365296125412,
                    0.047534920275211334,
                    -0.2760956287384033,
                    0.8904888033866882,
                    0.36166441440582275,
                    0.018007509410381317,
                    -0.10382155328989029,
                    -0.40172091126441956,
                    0.9098580479621887,
                    -0.009348100051283836,
                    0.0,
                    0.0,
                    0.0,
                    1.0
                ],
                "ParentIndex": 28,
                "Children": [
                    26
                ]
            },
            {
                "Name": "jnt_Thumb_L_01",
                "Transform": [
                    0.7509989142417908,
                    0.3824656009674072,
                    0.5382571816444397,
                    0.0388142429292202,
                    -0.5890447497367859,
                    0.7564069032669067,
                    0.28438517451286316,
                    0.011653520166873932,
                    -0.29837390780448914,
                    -0.5306304693222046,
                    0.7933502197265625,
                    -0.010418431833386421,
                    0.0,
                    0.0,
                    0.0,
                    1.0
                ],
                "ParentIndex": 29,
                "Children": [
                    27
                ]
            },
            {
                "Name": "jnt_wrist_L",
                "Transform": [
                    0.19119279086589813,
                    -0.6727548837661743,
                    -0.7147351503372192,
                    0.2737594544887543,
                    -0.4480606019496918,
                    0.5880560874938965,
                    -0.6733734607696533,
                    0.06255047023296356,
                    0.8733195662498474,
                    0.4489889144897461,
                    -0.18900299072265625,
                    0.0068593937903642654,
                    0.0,
                    0.0,
                    0.0,
                    1.0
                ],
                "ParentIndex": 30,
                "Children": [
                    16,
                    19,
                    22,
                    25,
                    28
                ]
            },
            {
                "Name": "jnt_arm_L_02",
                "Transform": [
                    0.9582745432853699,
                    0.057131070643663406,
                    -0.2800816297531128,
                    0.233111172914505,
                    -0.14284881949424744,
                    0.9444134831428528,
                    -0.2961030900478363,
                    -0.050204262137413025,
                    0.24759621918201447,
                    0.3237574100494385,
                    0.913168728351593,
                    -0.022624079138040543,
                    0.0,
                    0.0,
                    0.0,
                    1.0
                ],
                "ParentIndex": 31,
                "Children": [
                    29
                ]
            },
            {
                "Name": "jnt_arm_L_01",
                "Transform": [
                    0.603969156742096,
                    0.362514853477478,
                    -0.7097917199134827,
                    0.0968107059597969,
                    -0.6901113390922546,
                    0.6833801865577698,
                    -0.2381971925497055,
                    -0.009827427566051483,
                    0.39870768785476685,
                    0.6336990594863892,
                    0.6629160642623901,
                    -0.010688239708542824,
                    0.0,
                    0.0,
                    0.0,
                    1.0
                ],
                "ParentIndex": 32,
                "Children": [
                    30
                ]
            },
            {
                "Name": "jnt_clavicle_L",
                "Transform": [
                    0.09592539072036743,
                    0.9918397068977356,
                    -0.08397778868675232,
                    0.07229675352573395,
                    -0.5909531712532043,
                    0.12463641166687012,
                    0.7970195412635803,
                    0.05140959098935127,
                    0.8009823560714722,
                    -0.026827454566955566,
                    0.5980865955352783,
                    0.09170443564653397,
                    0.0,
                    0.0,
                    0.0,
                    1.0
                ],
                "ParentIndex": 58,
                "Children": [
                    31
                ]
            },
            {
                "Name": "jnt_Index_R_End",
                "Transform": [
                    1.0,
                    -8.149073238428173e-8,
                    -9.778888809819364e-9,
                    -0.04525290057063103,
                    8.149072527885437e-8,
                    1.0000001192092896,
                    2.287561073899269e-8,
                    -0.011141538619995117,
                    9.778886145284105e-9,
                    -2.287561073899269e-8,
                    1.0000001192092896,
                    0.005703887902200222,
                    0.0,
                    0.0,
                    0.0,
                    1.0
                ],
                "ParentIndex": 34,
                "Children": []
            },
            {
                "Name": "jnt_Index_R_02",
                "Transform": [
                    0.9968598484992981,
                    -0.03553628548979759,
                    -0.07076407223939896,
                    -0.04214112460613251,
                    0.016863001510500908,
                    0.9684160947799683,
                    -0.2487683743238449,
                    -0.0146050825715065,
                    0.07736939191818237,
                    0.24679389595985413,
                    0.9659744501113892,
                    0.004867006093263626,
                    0.0,
                    0.0,
                    0.0,
                    1.0
                ],
                "ParentIndex": 35,
                "Children": [
                    33
                ]
            },
            {
                "Name": "jnt_Index_R_01",
                "Transform": [
                    0.5494473576545715,
                    0.2241613268852234,
                    0.8048971891403198,
                    -0.07304386794567108,
                    -0.7975406646728516,
                    0.427879273891449,
                    0.4252626597881317,
                    0.023046191781759262,
                    -0.24907124042510986,
                    -0.8755977153778076,
                    0.41387492418289185,
                    0.1107683926820755,
                    0.0,
                    0.0,
                    0.0,
                    1.0
                ],
                "ParentIndex": 49,
                "Children": [
                    34
                ]
            },
            {
                "Name": "jnt_Mid_R_End",
                "Transform": [
                    1.0,
                    2.0815060963741416e-7,
                    4.214235005406408e-8,
                    -0.04638221114873886,
                    -2.0815058121570473e-7,
                    1.0000001192092896,
                    -1.8626495901230555e-9,
                    -0.021366722881793976,
                    -4.21423465013504e-8,
                    1.8626407083388585e-9,
                    1.0000001192092896,
                    -0.006679533049464226,
                    0.0,
                    0.0,
                    0.0,
                    1.0
                ],
                "ParentIndex": 37,
                "Children": []
            },
            {
                "Name": "jnt_Mid_R_02",
                "Transform": [
                    0.9895748496055603,
                    0.11923649162054062,
                    0.08077236264944077,
                    -0.04141703620553017,
                    -0.13799285888671875,
                    0.9455468654632568,
                    0.2947860062122345,
                    -0.011374743655323982,
                    -0.04122481122612953,
                    -0.3028588593006134,
                    0.9521432518959045,
                    0.002001756802201271,
                    0.0,
                    0.0,
                    0.0,
                    1.0
                ],
                "ParentIndex": 38,
                "Children": [
                    36
                ]
            },
            {
                "Name": "jnt_Mid_R_01",
                "Transform": [
                    0.5086570382118225,
                    0.08863988518714905,
                    0.8563941717147827,
                    -0.058174893260002136,
                    -0.8220415115356445,
                    0.34571343660354614,
                    0.4524707794189453,
                    0.04612090066075325,
                    -0.25595998764038086,
                    -0.934144139289856,
                    0.24871528148651123,
                    0.0951164960861206,
                    0.0,
                    0.0,
                    0.0,
                    1.0
                ],
                "ParentIndex": 49,
                "Children": [
                    37
                ]
            },
            {
                "Name": "jnt_Pink_R_End",
                "Transform": [
                    1.0,
                    -1.2293457984924316e-7,
                    -3.91155481338501e-8,
                    -0.030743570998311043,
                    1.2293457984924316e-7,
                    1.0,
                    7.450578376477779e-9,
                    0.004758073017001152,
                    3.91155481338501e-8,
                    -7.450583261459087e-9,
                    1.0,
                    -0.010199233889579773,
                    0.0,
                    0.0,
                    0.0,
                    1.0
                ],
                "ParentIndex": 40,
                "Children": []
            },
            {
                "Name": "jnt_Pink_R_02",
                "Transform": [
                    0.963969886302948,
                    -0.021864106878638268,
                    0.2651110589504242,
                    -0.03709479048848152,
                    -0.205607071518898,
                    0.5711086392402649,
                    0.7947078943252563,
                    -0.00083969347178936,
                    -0.1687828004360199,
                    -0.820583164691925,
                    0.5460362434387207,
                    -0.004630878567695618,
                    0.0,
                    0.0,
                    0.0,
                    1.0
                ],
                "ParentIndex": 41,
                "Children": [
                    39
                ]
            },
            {
                "Name": "jnt_Pink_R_01",
                "Transform": [
                    0.381764680147171,
                    -0.33181747794151306,
                    0.8626430034637451,
                    -0.029408050701022148,
                    -0.8711672425270081,
                    0.18259218335151672,
                    0.45577171444892883,
                    0.0826258659362793,
                    -0.30874499678611755,
                    -0.925503671169281,
                    -0.2193613052368164,
                    0.05762556940317154,
                    0.0,
                    0.0,
                    0.0,
                    1.0
                ],
                "ParentIndex": 49,
                "Children": [
                    40
                ]
            },
            {
                "Name": "jnt_Ring_R_End",
                "Transform": [
                    1.0,
                    8.475035429000854e-8,
                    -4.656637853095447e-10,
                    -0.042965251952409744,
                    -8.475035429000854e-8,
                    1.0,
                    -4.6566135836201283e-8,
                    -0.009387343190610409,
                    4.656597607510804e-10,
                    4.6566128730773926e-8,
                    1.0000001192092896,
                    -0.011956939473748207,
                    0.0,
                    0.0,
                    0.0,
                    1.0
                ],
                "ParentIndex": 43,
                "Children": []
            },
            {
                "Name": "jnt_Ring_R_02",
                "Transform": [
                    0.9710649847984314,
                    0.22148962318897247,
                    0.08930345624685287,
                    -0.038616303354501724,
                    -0.23758728802204132,
                    0.9338579773902893,
                    0.2673232853412628,
                    -0.003649686463177204,
                    -0.02418740838766098,
                    -0.28080570697784424,
                    0.9594598412513733,
                    -0.005723734386265278,
                    0.0,
                    0.0,
                    0.0,
                    1.0
                ],
                "ParentIndex": 44,
                "Children": [
                    42
                ]
            },
            {
                "Name": "jnt_Ring_R_01",
                "Transform": [
                    0.3882908523082733,
                    -0.3120228946208954,
                    0.8671054244041443,
                    -0.04653029516339302,
                    -0.867567241191864,
                    0.19350537657737732,
                    0.4581294357776642,
                    0.06865611672401428,
                    -0.3107364773750305,
                    -0.9301597476005554,
                    -0.19556449353694916,
                    0.07869506627321243,
                    0.0,
                    0.0,
                    0.0,
                    1.0
                ],
                "ParentIndex": 49,
                "Children": [
                    43
                ]
            },
            {
                "Name": "jnt_Thumb_R_End",
                "Transform": [
                    1.0,
                    -8.515780791640282e-8,
                    5.8673322200775146e-8,
                    -0.04084380343556404,
                    8.515780791640282e-8,
                    1.0,
                    2.9103832233090543e-8,
                    -0.01398695632815361,
                    -5.8673322200775146e-8,
                    -2.9103828680376864e-8,
                    1.0,
                    0.0005240999162197113,
                    0.0,
                    0.0,
                    0.0,
                    1.0
                ],
                "ParentIndex": 46,
                "Children": []
            },
            {
                "Name": "jnt_Thumb_R_02",
                "Transform": [
                    0.9555061459541321,
                    0.21365965902805328,
                    0.20336490869522095,
                    -0.04767826199531555,
                    -0.27609583735466003,
                    0.8904885649681091,
                    0.36166444420814514,
                    -0.0180609580129385,
                    -0.10382102429866791,
                    -0.40172088146209717,
                    0.9098578691482544,
                    0.00937687698751688,
                    0.0,
                    0.0,
                    0.0,
                    1.0
                ],
                "ParentIndex": 47,
                "Children": [
                    45
                ]
            },
            {
                "Name": "jnt_Thumb_R_01",
                "Transform": [
                    0.750998854637146,
                    0.3824642300605774,
                    0.5382580757141113,
                    -0.054173145443201065,
                    -0.589043915271759,
                    0.7564075589179993,
                    0.2843852937221527,
                    -0.033974789083004,
                    -0.2983752191066742,
                    -0.5306307673454285,
                    0.7933493852615356,
                    0.032906338572502136,
                    0.0,
                    0.0,
                    0.0,
                    1.0
                ],
                "ParentIndex": 49,
                "Children": [
                    46
                ]
            },
            {
                "Name": "jnt_WeaponHandle",
                "Transform": [
                    0.24025192856788635,
                    -0.7551963925361633,
                    -0.609883189201355,
                    -0.9536942839622498,
                    0.5225721597671509,
                    -0.4288516640663147,
                    0.7368884682655334,
                    0.623519241809845,
                    -0.8180449604988098,
                    -0.4957468807697296,
                    0.29161205887794495,
                    -0.03633887320756912,
                    0.0,
                    0.0,
                    0.0,
                    1.0
                ],
                "ParentIndex": 49,
                "Children": []
            },
            {
                "Name": "jnt_wrist_R",
                "Transform": [
                    0.19119320809841156,
                    -0.6727544665336609,
                    -0.7147353291511536,
                    -0.27060750126838684,
                    -0.4480610191822052,
                    0.5880560278892517,
                    -0.6733731627464294,
                    -0.04134412109851837,
                    0.8733192086219788,
