{
    "Model": {
        "UID": 1463658931578532,
        "Scenes": [
            {
                "rootNode": 156
            }
        ],
        "Nodes": [
            {
                "Name": "jnt_Arrow",
                "Transform": [
                    1.0,
                    2.254869409193174e-22,
                    -5.07751423128866e-8,
                    -1.948484182357788,
                    2.254869409193174e-22,
                    1.0,
                    8.881784197001252e-15,
                    0.39660993218421936,
                    5.07751423128866e-8,
                    -8.881784197001252e-15,
                    1.0,
                    0.003063543001189828,
                    0.0,
                    0.0,
                    0.0,
                    1.0
                ],
                "ParentIndex": 50,
                "Children": []
            },
            {
                "Name": "jnt_Bow",
                "Transform": [
                    1.0,
                    2.370130948905847e-22,
                    -5.075930431530651e-8,
                    -1.2239432334899902,
                    -8.036217849244815e-19,
                    1.0,
                    -1.5827339439056232e-11,
                    1.2140823602676392,
                    5.075930431530651e-8,
                    1.5827339439056232e-11,
                    1.0,
                    0.00012226428952999413,
                    0.0,
                    0.0,
                    0.0,
                    1.0
                ],
                "ParentIndex": 50,
                "Children": []
            },
            {
                "Name": "jnt_foot_L_01",
                "Transform": [
                    0.33749300241470337,
                    0.9407222270965576,
                    0.033761166036129,
                    0.04577005282044411,
                    -0.5617772936820984,
                    0.17250534892082214,
                    0.8091030716896057,
                    -0.07618538290262222,
                    0.7553174495697021,
                    -0.29203301668167114,
                    0.5866958498954773,
                    0.1024358868598938,
                    0.0,
                    0.0,
                    0.0,
                    1.0
                ],
                "ParentIndex": 3,
                "Children": []
            },
            {
                "Name": "jnt_leg_L_03",
                "Transform": [
                    0.1453462690114975,
                    -0.9829691052436829,
                    -0.11245585978031158,
                    0.4193028211593628,
                    0.9140028357505798,
                    0.17691779136657715,
                    -0.36510103940963745,
                    2.2491440176963806e-7,
                    0.3787783980369568,
                    -0.049718886613845825,
                    0.9241509437561035,
                    1.2246891856193542e-7,
                    0.0,
                    0.0,
                    0.0,
                    1.0
                ],
                "ParentIndex": 4,
                "Children": [
                    2
                ]
            },
            {
                "Name": "jnt_leg_L_02",
                "Transform": [
                    0.9805118441581726,
                    2.086162567138672e-7,
                    0.19646002352237701,
                    0.38598525524139404,
                    -0.19551779329776764,
                    -0.09782111644744873,
                    0.9758092761039734,
                    -9.685754776000977e-8,
                    0.019218146800994873,
                    -0.9952040910720825,
                    -0.09591471403837204,
                    -1.3294629752635956e-7,
                    0.0,
                    0.0,
                    0.0,
                    1.0
                ],
                "ParentIndex": 5,
                "Children": [
                    3
                ]
            },
            {
                "Name": "jnt_leg_L_01",
                "Transform": [
                    -0.9184525609016418,
                    0.3647422790527344,
                    -0.1529965102672577,
                    -0.03852961212396622,
                    0.20152105391025543,
                    0.0986785963177681,
                    -0.974500834941864,
                    0.10801484435796738,
                    -0.3403443396091461,
                    -0.9258642792701721,
                    -0.16413509845733643,
                    0.013951519504189491,
                    0.0,
                    0.0,
                    0.0,
                    1.0
                ],
                "ParentIndex": 49,
                "Children": [
                    4
                ]
            },
            {
                "Name": "jnt_foot_R_01",
                "Transform": [
                    -0.3374927341938019,
                    -0.9407230019569397,
                    0.03375890851020813,
                    -0.045770030468702316,
                    -0.561776876449585,
                    0.17250701785087585,
                    -0.80910325050354,
                    -0.0761854350566864,
                    0.7553181648254395,
                    -0.2920316457748413,
                    -0.5866959095001221,
                    0.10243584960699081,
                    0.0,
                    0.0,
                    0.0,
                    1.0
                ],
                "ParentIndex": 7,
                "Children": []
            },
            {
                "Name": "jnt_leg_R_03",
                "Transform": [
                    -0.14534831047058105,
                    -0.9829685688018799,
                    -0.11245517432689667,
                    0.41930335760116577,
                    -0.9140060544013977,
                    0.17691874504089355,
                    -0.36509278416633606,
                    -7.543712854385376e-8,
                    0.37877029180526733,
                    0.049719080328941345,
                    -0.9241544008255005,
                    1.019798219203949e-7,
                    0.0,
                    0.0,
                    0.0,
                    1.0
                ],
                "ParentIndex": 8,
                "Children": [
                    6
                ]
            },
            {
                "Name": "jnt_leg_R_02",
                "Transform": [
                    0.9805120825767517,
                    -0.0000016540288925170898,
                    -0.19645874202251434,
                    0.3859846293926239,
                    -0.19551683962345123,
                    -0.09781289100646973,
                    -0.9758103489875793,
                    -5.8673322200775146e-8,
                    -0.01921457052230835,
                    0.9952048659324646,
                    -0.09590709209442139,
                    5.394686013460159e-7,
                    0.0,
                    0.0,
                    0.0,
                    1.0
                ],
                "ParentIndex": 9,
                "Children": [
                    7
                ]
            },
            {
                "Name": "jnt_leg_R_01",
                "Transform": [
                    -0.9184529781341553,
                    0.36474335193634033,
                    0.15299217402935028,
                    -0.03852976858615875,
                    -0.2015194445848465,
                    -0.09868630766868591,
                    -0.9745002388954163,
                    -0.10801506787538528,
                    -0.3403443992137909,
                    -0.9258632659912109,
                    0.16414152085781097,
                    0.013951386325061321,
                    0.0,
                    0.0,
                    0.0,
                    1.0
                ],
                "ParentIndex": 49,
                "Children": [
                    8
                ]
            },
            {
                "Name": "jnt_cloth_1_02",
                "Transform": [
                    0.9999999403953552,
                    6.388872293427994e-7,
                    -3.67406869372644e-7,
                    0.08041752129793167,
                    -6.388873430296371e-7,
                    0.9999999403953552,
                    -3.930180128008942e-7,
                    -0.006889198906719685,
                    3.67406670420678e-7,
                    3.930182685962791e-7,
                    0.9999998807907104,
                    -0.011575079523026943,
                    0.0,
                    0.0,
                    0.0,
                    1.0
                ],
                "ParentIndex": 11,
                "Children": []
            },
            {
                "Name": "jnt_cloth_1_01",
                "Transform": [
                    -0.8974787592887878,
                    0.0856875628232956,
                    -0.4326540231704712,
                    -0.020995022729039192,
                    0.43830063939094543,
                    0.06376197189092636,
                    -0.8965640664100647,
                    0.14802563190460205,
                    -0.049237485975027084,
                    -0.9942800402641296,
                    -0.09478189051151276,
                    0.0076833623461425304,
                    0.0,
                    0.0,
                    0.0,
                    1.0
                ],
                "ParentIndex": 48,
                "Children": [
                    10
                ]
            },
            {
                "Name": "jnt_cloth_2_02",
                "Transform": [
                    0.9965769648551941,
                    -1.4528630742915993e-7,
                    -0.08266925811767578,
                    0.10857155174016953,
                    0.08220746368169785,
                    0.10555195063352585,
                    0.9910100698471069,
                    -1.4901161193847656e-8,
                    0.008725768886506557,
                    -0.9944137930870056,
                    0.10519063472747803,
                    -2.8870999813079834e-8,
                    0.0,
                    0.0,
                    0.0,
                    1.0
                ],
                "ParentIndex": 13,
                "Children": []
            },
            {
                "Name": "jnt_cloth_2_01",
                "Transform": [
                    -0.9567215442657471,
                    0.02520657330751419,
                    -0.28991174697875977,
                    0.001750579453073442,
                    0.2525469660758972,
                    -0.4230536222457886,
                    -0.870198667049408,
                    0.12910419702529907,
                    -0.14458291232585907,
                    -0.905754029750824,
                    0.39837855100631714,
                    -0.06025249511003494,
                    0.0,
                    0.0,
                    0.0,
                    1.0
                ],
                "ParentIndex": 48,
                "Children": [
                    12
                ]
            },
            {
                "Name": "jnt_cloth_3_02",
                "Transform": [
                    0.9955517053604126,
                    1.6391277313232422e-7,
                    0.09421652555465698,
                    0.09834110736846924,
                    -0.09361525624990463,
                    -0.11279380321502686,
                    0.989198625087738,
                    -9.685754776000977e-8,
                    0.01062719151377678,
                    -0.9936185479164124,
                    -0.11229205131530762,
                    -8.754432201385498e-8,
                    0.0,
                    0.0,
                    0.0,
                    1.0
                ],
                "ParentIndex": 15,
                "Children": []
            },
            {
                "Name": "jnt_cloth_3_01",
                "Transform": [
                    -0.9268736243247986,
                    0.12295810878276825,
                    -0.3546631634235382,
                    0.009220457635819912,
                    0.04956350848078728,
                    -0.8964689373970032,
                    -0.4403246343135834,
                    0.056571703404188156,
                    -0.3720865845680237,
                    -0.42570412158966064,
                    0.82481849193573,
                    -0.11646823585033417,
                    0.0,
                    0.0,
                    0.0,
                    1.0
                ],
                "ParentIndex": 48,
                "Children": [
                    14
                ]
            },
            {
                "Name": "jnt_cloth_front_01",
                "Transform": [
                    -0.9719299077987671,
                    0.23526668548583984,
                    0.0014804378151893616,
                    -0.07643807679414749,
                    -0.010521584190428257,
                    -0.049751050770282745,
                    0.9987061619758606,
                    -0.049899060279130936,
                    0.2350359559059143,
                    0.9706568121910095,
                    0.050829946994781494,
                    0.09361318498849869,
                    0.0,
                    0.0,
                    0.0,
                    1.0
                ],
                "ParentIndex": 48,
                "Children": []
            },
            {
                "Name": "jnt_Pouch_02",
                "Transform": [
                    1.0,
                    8.055940270423889e-8,
                    -5.66942546242899e-8,
                    0.09205205738544464,
                    -8.055939559881153e-8,
                    0.9999998807907104,
                    1.327134668827057e-7,
                    9.010545909404755e-8,
                    5.669426883514461e-8,
                    -1.3271345267185097e-7,
                    1.0,
                    3.725290298461914e-9,
                    0.0,
                    0.0,
                    0.0,
                    1.0
                ],
                "ParentIndex": 18,
                "Children": []
            },
            {
                "Name": "jnt_Pouch_01",
                "Transform": [
                    0.025600848719477654,
                    0.9994260668754578,
                    -0.022184135392308235,
                    -0.0023122455459088087,
                    0.9605619311332703,
                    -0.018446801230311394,
                    0.2774535119533539,
                    0.002782382071018219,
                    0.2768849730491638,
                    -0.028412288054823875,
                    -0.960483193397522,
                    -0.08307722955942154,
                    0.0,
                    0.0,
                    0.0,
                    1.0
                ],
                "ParentIndex": 47,
                "Children": [
                    17
                ]
            },
            {
                "Name": "jnt_cape_L",
                "Transform": [
                    0.9092087745666504,
                    -0.008330881595611572,
                    -0.41625720262527466,
                    0.0207793191075325,
                    0.008895490318536758,
                    0.9999602437019348,
                    -0.0005830370937474072,
                    0.08689360320568085,
                    0.4162454605102539,
                    -0.0031727091409265995,
                    0.9092468619346619,
                    -0.09162569046020508,
                    0.0,
                    0.0,
                    0.0,
                    1.0
                ],
                "ParentIndex": 46,
                "Children": []
            },
            {
                "Name": "jnt_cape_R",
                "Transform": [
                    0.9092087745666504,
                    -0.008330881595611572,
                    -0.41625720262527466,
                    0.0179658904671669,
                    0.008895490318536758,
                    0.9999602437019348,
                    -0.0005830370937474072,
                    -0.0958259180188179,
                    0.4162454605102539,
                    -0.0031727091409265995,
                    0.9092468619346619,
                    -0.09104444086551666,
                    0.0,
                    0.0,
                    0.0,
                    1.0
                ],
                "ParentIndex": 46,
                "Children": []
            },
            {
                "Name": "jnt_Lower_L_02",
                "Transform": [
                    0.9986326694488525,
                    -0.03783330321311951,
                    0.03607534244656563,
                    0.04674602672457695,
                    0.04890723153948784,
                    0.9198809862136841,
                    -0.3891359567642212,
                    0.0007573442999273539,
                    -0.01846272498369217,
                    0.39036816358566284,
                    0.9204736948013306,
                    0.00023609434720128775,
                    0.0,
                    0.0,
                    0.0,
                    1.0
                ],
                "ParentIndex": 22,
                "Children": []
            },
            {
                "Name": "jnt_Lower_L_01",
                "Transform": [
                    0.8684112429618835,
                    -0.2488563507795334,
                    0.4288734197616577,
                    0.10461030900478363,
                    -0.2701089680194855,
                    0.4879135489463806,
                    0.8300490379333496,
                    -0.009096351452171803,
                    -0.41581615805625916,
                    -0.8366665244102478,
                    0.3564912974834442,
                    -0.053285446017980576,
                    0.0,
                    0.0,
                    0.0,
                    1.0
                ],
                "ParentIndex": 27,
                "Children": [
                    21
                ]
            },
            {
                "Name": "jnt_Thumb_L_02",
                "Transform": [
                    0.9997895956039429,
                    -0.020511770620942116,
                    0.00008170981163857505,
                    0.050468601286411285,
                    0.02009270340204239,
                    0.98014897108078,
                    0.19724130630493164,
                    -0.0021128058433532715,
                    -0.00412585586309433,
                    -0.19719815254211426,
                    0.980354905128479,
                    0.003262709826231003,
                    0.0,
                    0.0,
                    0.0,
                    1.0
                ],
                "ParentIndex": 24,
                "Children": []
            },
            {
                "Name": "jnt_Thumb_L_01",
                "Transform": [
                    0.6545512080192566,
                    0.7063525915145874,
                    -0.2694973349571228,
                    0.034550510346889496,
                    -0.6945309638977051,
                    0.4209994375705719,
                    -0.5834263563156128,
                    -0.04557156562805176,
                    -0.2986465394496918,
                    0.5690565705299377,
                    0.7661493420600891,
                    0.00746137835085392,
                    0.0,
                    0.0,
                    0.0,
                    1.0
                ],
                "ParentIndex": 27,
                "Children": [
                    23
                ]
            },
            {
                "Name": "jnt_Upper_L_02",
                "Transform": [
                    0.9922319650650024,
                    -0.02856454998254776,
                    0.1210765689611435,
                    0.05427221208810806,
                    -0.12410195171833038,
                    -0.15990467369556427,
                    0.9793002605438232,
                    0.004328008741140366,
                    -0.008612564764916897,
                    -0.9867189526557922,
                    -0.16220757365226746,
                    0.0010959841310977936,
                    0.0,
                    0.0,
                    0.0,
                    1.0
                ],
                "ParentIndex": 26,
                "Children": []
            },
            {
                "Name": "jnt_Upper_L_01",
                "Transform": [
                    0.7146745920181274,
                    0.12826262414455414,
                    0.6875964999198914,
                    0.11719691008329391,
                    -0.6047224998474121,
                    0.6073118448257446,
                    0.5152504444122314,
                    -0.03799465671181679,
                    -0.35149818658828735,
                    -0.7840413451194763,
                    0.5115936994552612,
                    -0.008195264264941216,
                    0.0,
                    0.0,
                    0.0,
                    1.0
                ],
                "ParentIndex": 27,
                "Children": [
                    25
                ]
            },
            {
                "Name": "jnt_wrist_L",
                "Transform": [
                    0.9980654716491699,
                    -0.03467679023742676,
                    -0.051602285355329514,
                    0.25601714849472046,
                    0.055644601583480835,
                    0.8684441447257996,
                    0.4926545321941376,
                    -1.7890124581754208e-7,
                    0.027730030938982964,
                    -0.49457287788391113,
                    0.8686936497688293,
                    3.655441105365753e-8,
                    0.0,
                    0.0,
                    0.0,
                    1.0
                ],
                "ParentIndex": 28,
                "Children": [
                    22,
                    24,
                    26
                ]
            },
            {
                "Name": "jnt_arm_L_02",
                "Transform": [
                    0.9799677133560181,
                    0.00915689766407013,
                    -0.1989465057849884,
                    0.22345814108848572,
                    0.18981634080410004,
                    -0.34528493881225586,
                    0.9191017150878906,
                    -0.0016818046569824219,
                    -0.06027713418006897,
                    -0.938453197479248,
                    -0.3401062488555908,
                    0.006828902289271355,
                    0.0,
                    0.0,
                    0.0,
                    1.0
                ],
                "ParentIndex": 29,
                "Children": [
                    27
                ]
            },
            {
                "Name": "jnt_arm_L_01",
                "Transform": [
                    0.4775241017341614,
                    -0.537416398525238,
                    -0.6950932145118713,
                    0.08846968412399292,
                    -0.168484166264534,
                    0.720429003238678,
                    -0.6727521419525146,
                    -0.0011292509734630585,
                    0.8623132109642029,
                    0.4383676052093506,
                    0.25347596406936646,
                    -0.003138926811516285,
                    0.0,
                    0.0,
                    0.0,
                    1.0
                ],
                "ParentIndex": 30,
                "Children": [
                    28
                ]
            },
            {
                "Name": "jnt_clavicle_L",
                "Transform": [
                    0.2017446756362915,
                    0.3977542817592621,
                    -0.8950367569923401,
                    0.08309423923492432,
                    0.9273921251296997,
                    0.21634924411773682,
                    0.305183470249176,
                    0.08213604241609573,
                    0.3150286078453064,
                    -0.8916191458702087,
                    -0.32522690296173096,
                    0.056999869644641876,
                    0.0,
                    0.0,
                    0.0,
                    1.0
                ],
                "ParentIndex": 46,
                "Children": [
                    29
                ]
            },
            {
                "Name": "jnt_Rower_R_02",
                "Transform": [
                    0.9986326098442078,
                    -0.03783440962433815,
                    0.036075472831726074,
                    -0.04674625024199486,
                    0.048908282071352005,
                    0.9198814034461975,
                    -0.3891352415084839,
                    -0.0007572770118713379,
                    -0.01846245303750038,
                    0.3903675079345703,
                    0.9204739928245544,
                    -0.00023649213835597038,
                    0.0,
                    0.0,
                    0.0,
                    1.0
                ],
                "ParentIndex": 32,
                "Children": []
            },
            {
                "Name": "jnt_Rower_R_01",
                "Transform": [
                    0.8641186356544495,
                    -0.23976515233516693,
                    0.44250598549842834,
                    -0.10449115186929703,
                    -0.23596613109111786,
                    0.5835964679718018,
                    0.7770038843154907,
                    0.004774749279022217,
                    -0.4445434510707855,
                    -0.7758400440216064,
                    0.4477201998233795,
                    0.05407162755727768,
                    0.0,
                    0.0,
                    0.0,
                    1.0
                ],
                "ParentIndex": 37,
                "Children": [
                    31
                ]
            },
            {
                "Name": "jnt_Thumb_R_02",
                "Transform": [
                    0.9997895956039429,
                    -0.02051159366965294,
                    0.00008584697934566066,
                    -0.0495983250439167,
                    0.020091872662305832,
                    0.9801566004753113,
                    0.19720369577407837,
                    0.0015894398093223572,
                    -0.004129106178879738,
                    -0.1971605122089386,
                    0.9803624153137207,
                    -0.0015404820442199707,
                    0.0,
                    0.0,
                    0.0,
                    1.0
                ],
                "ParentIndex": 34,
                "Children": []
            },
            {
                "Name": "jnt_Thumb_R_01",
                "Transform": [
                    0.7436984777450562,
                    0.5470370650291443,
                    -0.3842693269252777,
                    -0.03376651555299759,
                    -0.6500955820083618,
                    0.4577895402908325,
                    -0.6064687371253967,
                    0.04669944941997528,
                    -0.15584641695022583,
                    0.7008417844772339,
                    0.6960837244987488,
                    -0.0022249072790145874,
                    0.0,
                    0.0,
                    0.0,
                    1.0
                ],
                "ParentIndex": 37,
                "Children": [
                    33
                ]
            },
            {
                "Name": "jnt_Upper_R_02",
                "Transform": [
                    0.998728334903717,
                    -0.0009080492309294641,
                    0.050407811999320984,
                    -0.054273150861263275,
                    9.092036634683609e-8,
                    0.9998377561569214,
                    0.018009336665272713,
                    -0.004328280687332153,
                    -0.050415992736816406,
                    -0.01798642799258232,
                    0.9985663294792175,
                    -0.0010964423418045044,
                    0.0,
                    0.0,
                    0.0,
                    1.0
                ],
                "ParentIndex": 36,
                "Children": []
            },
            {
                "Name": "jnt_Upper_R_01",
                "Transform": [
                    0.7046840190887451,
                    0.13926678895950317,
                    0.6957190632820129,
                    -0.11654356867074966,
                    -0.5730602145195007,
                    0.6898775696754456,
                    0.4423469007015228,
                    0.038798294961452484,
                    -0.41835683584213257,
                    -0.7104038000106812,
                    0.5659538507461548,
                    0.012553013861179352,
                    0.0,
                    0.0,
                    0.0,
                    1.0
                ],
                "ParentIndex": 37,
                "Children": [
                    35
                ]
            },
            {
                "Name": "jnt_wrist_R",
                "Transform": [
                    1.0,
                    -5.140900611877441e-7,
                    5.215419918158659e-8,
                    -0.25602075457572937,
                    5.140900611877441e-7,
                    1.0,
                    -5.438923267320206e-7,
                    0.00000251084566116333,
                    -5.2153925622633324e-8,
                    5.438923835754395e-7,
                    0.9999999403953552,
                    0.000003039836883544922,
                    0.0,
                    0.0,
                    0.0,
                    1.0
                ],
                "ParentIndex": 38,
                "Children": [
                    32,
                    34,
                    36
                ]
            },
            {
                "Name": "jnt_arm_R_02",
                "Transform": [
                    0.9491934180259705,
                    -2.980232238769531e-7,
                    -0.31469327211380005,
                    -0.2213214486837387,
                    0.2950059473514557,
                    -0.34814679622650146,
                    0.8898119330406189,
                    -7.022172212600708e-7,
                    -0.10955972969532013,
                    -0.9374399781227112,
                    -0.33045852184295654,
                    0.000003209570422768593,
                    0.0,
                    0.0,
                    0.0,
                    1.0
                ],
                "ParentIndex": 39,
                "Children": [
                    37
                ]
            },
            {
                "Name": "jnt_arm_R_01",
                "Transform": [
                    0.27556005120277405,
                    -0.11300535500049591,
                    -0.9546184539794922,
                    -0.09483600407838821,
                    -0.004548236262053251,
                    0.9929018020629883,
                    -0.11885013431310654,
                    -3.91155481338501e-7,
                    0.9612730145454407,
                    0.0370921865105629,
                    0.273090124130249,
                    -0.0000013383105397224426,
                    0.0,
                    0.0,
                    0.0,
                    1.0
                ],
                "ParentIndex": 40,
                "Children": [
                    38
                ]
            },
            {
                "Name": "jnt_clavicle_R1",
                "Transform": [
                    -0.21715164184570313,
                    -0.4013499617576599,
                    0.889811098575592,
                    0.08444567024707794,
                    0.9218846559524536,
                    0.21534529328346252,
                    0.3221105635166168,
                    -0.08037705719470978,
                    -0.32089561223983765,
                    0.8902499675750732,
                    0.32323572039604187,
                    0.05751534551382065,
                    0.0,
                    0.0,
                    0.0,
                    1.0
                ],
                "ParentIndex": 46,
                "Children": [
                    39
                ]
            },
            {
                "Name": "jnt_Head_01",
                "Transform": [
                    5.960464477539063e-8,
                    0.9090650677680969,
                    -0.41665494441986084,
                    0.10937449336051941,
                    1.0000001192092896,
                    -1.1920931797249068e-7,
                    1.1920928955078125e-7,
                    7.450564165623064e-9,
                    7.450580596923828e-8,
                    -0.4166550040245056,
                    -0.909064769744873,
                    -0.05057184025645256,
                    0.0,
                    0.0,
                    0.0,
                    1.0
                ],
                "ParentIndex": 44,
                "Children": []
            },
            {
                "Name": "jnt_Hood_L",
                "Transform": [
                    1.0,
                    -7.311549410360385e-8,
                    -7.174437884670888e-16,
                    0.005474414676427841,
                    7.311549410360385e-8,
                    1.0,
                    -3.6557747051801925e-8,
                    0.0930856242775917,
                    3.390381085008635e-15,
                    3.6557743499088247e-8,
                    1.0000001192092896,
                    -0.04944418743252754,
                    0.0,
                    0.0,
                    0.0,
                    1.0
                ],
                "ParentIndex": 44,
                "Children": []
            },
            {
                "Name": "jnt_Hood_R",
                "Transform": [
                    1.0,
                    4.934826165481354e-7,
                    -1.7614657110698317e-7,
                    0.0071137272752821445,
                    4.917840783491556e-7,
                    -0.9999546408653259,
                    -0.009516200982034206,
                    -0.08948157727718353,
                    -1.8083468944496417e-7,
                    0.009516200982034206,
                    -0.9999546408653259,
                    -0.048232387751340866,
                    0.0,
                    0.0,
                    0.0,
                    1.0
                ],
                "ParentIndex": 44,
                "Children": []
            },
            {
                "Name": "jnt_Neck_01",
                "Transform": [
                    0.9092087745666504,
                    -0.00833078008145094,
                    -0.41625720262527466,
                    0.18033377826213837,
                    0.00889537762850523,
                    0.9999602437019348,
                    -0.0005830361624248326,
                    0.001695173908956349,
                    0.4162454605102539,
                    -0.0031726632732897997,
                    0.9092468619346619,
                    0.06077471002936363,
                    0.0,
                    0.0,
                    0.0,
                    1.0
                ],
                "ParentIndex": 46,
                "Children": [
                    41,
                    42,
                    43
                ]
            },
            {
                "Name": "jnt_Quiver",
                "Transform": [
                    -0.008330583572387695,
                    0.9999651312828064,
                    -0.0004216105444356799,
                    0.018933484330773354,
                    0.9999603629112244,
                    0.008329092524945736,
                    -0.00317632919177413,
                    -0.006818428169935942,
                    -0.003172706812620163,
                    -0.0004480544594116509,
                    -0.9999949932098389,
                    0.20165909826755524,
                    0.0,
                    0.0,
                    0.0,
                    1.0
                ],
                "ParentIndex": 46,
                "Children": []
            },
            {
                "Name": "jnt_spine_03",
                "Transform": [
                    0.9999580383300781,
                    0.008318755775690079,
                    -0.0038148423191159964,
                    0.11617927253246307,
                    -0.008330876007676125,
                    0.9999603629112244,
                    -0.0031725873704999685,
                    -2.980232594040899e-8,
                    0.003788298461586237,
                    0.003204236039891839,
                    0.9999876618385315,
                    0.0003911638632416725,
                    0.0,
                    0.0,
                    0.0,
                    1.0
                ],
                "ParentIndex": 47,
                "Children": [
                    19,
                    20,
                    30,
                    40,
                    44,
                    45
                ]
            },
            {
                "Name": "jnt_spine_02",
                "Transform": [
                    0.9996691942214966,
                    -6.481284398063281e-10,
                    -0.025720058009028435,
                    0.13098450005054474,
                    6.48128661850933e-10,
                    -0.9999998807907104,
                    5.039034434162204e-8,
                    1.4901162970204496e-8,
                    -0.025720058009028435,
                    -5.039034434162204e-8,
                    -0.999669075012207,
                    -8.381901395182467e-9,
                    0.0,
                    0.0,
                    0.0,
                    1.0
                ],
                "ParentIndex": 48,
                "Children": [
                    18,
                    46
                ]
            },
            {
                "Name": "jnt_spine_01",
                "Transform": [
                    0.9694032669067383,
                    -1.6323035607172673e-16,
                    0.24547334015369415,
                    0.12405695021152496,
                    -2.6919773795859613e-16,
                    -0.9999999403953552,
                    3.981322726264781e-16,
                    -4.470348358154297e-8,
                    0.24547332525253296,
                    -4.520315730986702e-16,
                    -0.9694033861160278,
                    5.21540641784668e-8,
                    0.0,
                    0.0,
                    0.0,
                    1.0
                ],
                "ParentIndex": 49,
                "Children": [
                    11,
                    13,
                    15,
                    16,
                    47
                ]
            },
            {
                "Name": "jnt_Pelvis",
                "Transform": [
                    5.960464477539063e-8,
                    1.0,
                    1.341104507446289e-7,
