{
    "Model": {
        "UID": 1490288275393574,
        "Scenes": [
            {
                "rootNode": 68
            }
        ],
        "Nodes": [
            {
                "Name": "CH_Ferdiad",
                "Transform": [
                    1.0,
                    0.0,
                    0.0,
                    0.0,
                    0.0,
                    1.0,
                    0.0,
                    0.0,
                    0.0,
                    0.0,
                    1.0,
                    0.0,
                    0.0,
                    0.0,
                    0.0,
                    1.0
                ],
                "ParentIndex": 68,
                "Children": []
            },
            {
                "Name": "jnt_cloth_Center_03",
                "Transform": [
                    0.9946454763412476,
                    0.0674491673707962,
                    -0.07830208539962769,
                    -0.000931448012124747,
                    -0.0668448731303215,
                    0.9977100491523743,
                    0.0103160934522748,
                    -0.2106570154428482,
                    0.07881858944892883,
                    -0.005026761442422867,
                    0.9968764185905457,
                    0.007828126661479473,
                    0.0,
                    0.0,
                    0.0,
                    1.0
                ],
                "ParentIndex": 2,
                "Children": []
            },
            {
                "Name": "jnt_cloth_Center_02",
                "Transform": [
                    1.0,
                    1.1641532182693481e-8,
                    -3.492460542986464e-9,
                    1.2665987014770508e-7,
                    -1.1641533070871901e-8,
                    0.9999999403953552,
                    -5.56465309387022e-8,
                    -0.1875132918357849,
                    3.4924596548080444e-9,
                    5.564652028056116e-8,
                    1.0000001192092896,
                    0.011500557884573936,
                    0.0,
                    0.0,
                    0.0,
                    1.0
                ],
                "ParentIndex": 3,
                "Children": [
                    1
                ]
            },
            {
                "Name": "jnt_cloth_Center_01",
                "Transform": [
                    1.0,
                    3.68982497889192e-8,
                    1.9111910276592425e-8,
                    -0.0003639776259660721,
                    -3.760756328574644e-8,
                    0.9992567300796509,
                    0.038548558950424194,
                    -0.094273142516613,
                    -1.7675331420718976e-8,
                    -0.038548558950424194,
                    0.9992567300796509,
                    0.05559394136071205,
                    0.0,
                    0.0,
                    0.0,
                    1.0
                ],
                "ParentIndex": 4,
                "Children": [
                    2
                ]
            },
            {
                "Name": "jnt_cloth_front",
                "Transform": [
                    1.0,
                    -3.026799788585777e-8,
                    7.427296822015705e-8,
                    0.0003639664500951767,
                    3.0267973016862015e-8,
                    1.0000001192092896,
                    2.859160304069519e-7,
                    0.03263935446739197,
                    -7.427298243101177e-8,
                    -2.8591605882866133e-7,
                    1.0,
                    0.13030460476875305,
                    0.0,
                    0.0,
                    0.0,
                    1.0
                ],
                "ParentIndex": 59,
                "Children": [
                    3
                ]
            },
            {
                "Name": "jnt_knife",
                "Transform": [
                    -3.5762786865234375e-7,
                    -8.940698847936801e-8,
                    1.0000001192092896,
                    -9.313225746154785e-10,
                    -0.8362100124359131,
                    0.5484094023704529,
                    -2.3841860752327193e-7,
                    -0.07144372910261154,
                    -0.5484092235565186,
                    -0.8362101912498474,
                    -2.3841860752327193e-7,
                    -0.2511763572692871,
                    0.0,
                    0.0,
                    0.0,
                    1.0
                ],
                "ParentIndex": 59,
                "Children": []
            },
            {
                "Name": "jnt_knee_L",
                "Transform": [
                    -0.8896368741989136,
                    -0.2533455491065979,
                    -0.3799510896205902,
                    -0.05095701664686203,
                    -0.3496789038181305,
                    0.9130409359931946,
                    0.20995405316352844,
                    -0.05713251233100891,
                    0.29371997714042664,
                    0.3196435868740082,
                    -0.9008647203445435,
                    -0.07868636399507523,
                    0.0,
                    0.0,
                    0.0,
                    1.0
                ],
                "ParentIndex": 9,
                "Children": []
            },
            {
                "Name": "jnt_foot_L_01",
                "Transform": [
                    1.0,
                    1.5553088417163963e-7,
                    8.614732394107705e-8,
                    0.019100520759820938,
                    -1.555308557499302e-7,
                    1.0,
                    -1.7066486179828644e-7,
                    -0.06851775199174881,
                    -8.614735236278648e-8,
                    1.7066486179828644e-7,
                    1.0,
                    0.15522684156894684,
                    0.0,
                    0.0,
                    0.0,
                    1.0
                ],
                "ParentIndex": 8,
                "Children": []
            },
            {
                "Name": "jnt_leg_L_03",
                "Transform": [
                    -0.8896368145942688,
                    -0.2533452808856964,
                    -0.37995103001594543,
                    0.09078626334667206,
                    -0.3496786057949066,
                    0.9130412340164185,
                    0.20995432138442993,
                    -0.5976431965827942,
                    0.29371994733810425,
                    0.3196438252925873,
                    -0.9008644819259644,
                    -0.11654002219438553,
                    0.0,
                    0.0,
                    0.0,
                    1.0
                ],
                "ParentIndex": 9,
                "Children": [
                    7
                ]
            },
            {
                "Name": "jnt_leg_L_02",
                "Transform": [
                    0.9991912245750427,
                    0.03872404247522354,
                    0.010819942690432072,
                    0.046018391847610474,
                    -0.038385435938835144,
                    0.9988148212432861,
                    -0.029922017827630043,
                    -0.41405192017555237,
                    -0.011965819634497166,
                    0.029482489451766014,
                    0.9994936585426331,
                    -0.09372766315937042,
                    0.0,
                    0.0,
                    0.0,
                    1.0
                ],
                "ParentIndex": 10,
                "Children": [
                    6,
                    8
                ]
            },
            {
                "Name": "jnt_leg_L_01",
                "Transform": [
                    -0.899280309677124,
                    -0.323903888463974,
                    0.2939070165157318,
                    0.09316572546958923,
                    -0.2143254280090332,
                    0.9121193289756775,
                    0.3494318127632141,
                    -0.010723330080509186,
                    -0.38126060366630554,
                    0.25124531984329224,
                    -0.889672040939331,
                    -0.0021856753155589104,
                    0.0,
                    0.0,
                    0.0,
                    1.0
                ],
                "ParentIndex": 59,
                "Children": [
                    9
                ]
            },
            {
                "Name": "jnt_knee_R",
                "Transform": [
                    -0.9512538909912109,
                    -0.2946555018424988,
                    -0.09107545018196106,
                    0.028433846309781075,
                    0.3082819879055023,
                    -0.9169560670852661,
                    -0.2532861828804016,
                    -0.05135118588805199,
                    -0.0088800098747015,
                    -0.269016295671463,
                    0.9630947113037109,
                    -0.09213221073150635,
                    0.0,
                    0.0,
                    0.0,
                    1.0
                ],
                "ParentIndex": 14,
                "Children": []
            },
            {
                "Name": "jnt_foot_R_01",
                "Transform": [
                    0.9999999403953552,
                    9.126961941774425e-8,
                    -2.1420420992512845e-8,
                    -0.019096605479717255,
                    -9.126961941774425e-8,
                    0.9999999403953552,
                    1.1175873559921001e-8,
                    -0.06851928681135178,
                    2.1420419216156006e-8,
                    -1.1175870895385742e-8,
                    1.0,
                    0.15520133078098297,
                    0.0,
                    0.0,
                    0.0,
                    1.0
                ],
                "ParentIndex": 13,
                "Children": []
            },
            {
                "Name": "jnt_leg_R_03",
                "Transform": [
                    -0.951253354549408,
                    0.29465577006340027,
                    0.09107562154531479,
                    -0.09397385269403458,
                    0.3082822561264038,
                    0.9169557690620422,
                    0.25328606367111206,
                    -0.5977175235748291,
                    -0.008880111388862133,
                    0.26901623606681824,
                    -0.9630945920944214,
                    -0.1090327799320221,
                    0.0,
                    0.0,
                    0.0,
                    1.0
                ],
                "ParentIndex": 14,
                "Children": [
                    12
                ]
            },
            {
                "Name": "jnt_leg_R_02",
                "Transform": [
                    0.9999369978904724,
                    -0.007261259946972132,
                    -0.008544333279132843,
                    -0.06177845969796181,
                    0.006837179884314537,
                    0.9987921118736267,
                    -0.04865666851401329,
                    -0.41229063272476196,
                    0.008887320756912231,
                    0.048595182597637177,
                    0.9987791180610657,
                    -0.09659445285797119,
                    0.0,
                    0.0,
                    0.0,
                    1.0
                ],
                "ParentIndex": 15,
                "Children": [
                    11,
                    13
                ]
            },
            {
                "Name": "jnt_leg_R_01",
                "Transform": [
                    -0.9533566236495972,
                    0.30183789134025574,
                    -0.0023425330873578787,
                    -0.09316594898700714,
                    0.28568026423454285,
                    0.9047738313674927,
                    0.31586557626724243,
                    -0.010724984109401703,
                    0.09745965898036957,
                    0.3004632890224457,
                    -0.9488012194633484,
                    -0.002185584045946598,
                    0.0,
                    0.0,
                    0.0,
                    1.0
                ],
                "ParentIndex": 59,
                "Children": [
                    14
                ]
            },
            {
                "Name": "jnt_Index_L_02",
                "Transform": [
                    1.0,
                    -2.169981598854065e-7,
                    6.053694878715987e-9,
                    0.01269859354943037,
                    2.169981740962612e-7,
                    0.9999999403953552,
                    -9.047799380823562e-7,
                    -0.03918801248073578,
                    -6.053499035374443e-9,
                    9.047799380823562e-7,
                    0.9999999403953552,
                    0.009294774383306503,
                    0.0,
                    0.0,
                    0.0,
                    1.0
                ],
                "ParentIndex": 17,
                "Children": []
            },
            {
                "Name": "jnt_Index_L_01",
                "Transform": [
                    1.0,
                    3.5203990478294145e-7,
                    2.398164866690422e-8,
                    0.06458477675914764,
                    -3.520399332046509e-7,
                    0.9999999403953552,
                    5.291076377034187e-7,
                    -0.12990975379943848,
                    -2.3981465702149762e-8,
                    -5.291076377034187e-7,
                    0.9999999403953552,
                    0.07746319472789764,
                    0.0,
                    0.0,
                    0.0,
                    1.0
                ],
                "ParentIndex": 26,
                "Children": [
                    16
                ]
            },
            {
                "Name": "jnt_Ling_L_02",
                "Transform": [
                    1.0,
                    4.470348358154297e-8,
                    -1.885928568867712e-8,
                    0.018539128825068474,
                    -4.470348358154297e-8,
                    1.0,
                    -1.5855766832828522e-7,
                    -0.039423126727342606,
                    1.885927858324976e-8,
                    1.5855766832828522e-7,
                    1.0,
                    0.00128129031509161,
                    0.0,
                    0.0,
                    0.0,
                    1.0
                ],
                "ParentIndex": 19,
                "Children": []
            },
            {
                "Name": "jnt_Ling_L_01",
                "Transform": [
                    1.0,
                    -1.6903506150356407e-7,
                    4.284081001060258e-8,
                    0.06272179633378983,
                    1.6903503308185464e-7,
                    1.0,
                    3.398163244128227e-7,
                    -0.12809449434280396,
                    -4.284086685402144e-8,
                    -3.398163244128227e-7,
                    1.0,
                    0.003197507932782173,
                    0.0,
                    0.0,
                    0.0,
                    1.0
                ],
                "ParentIndex": 26,
                "Children": [
                    18
                ]
            },
            {
                "Name": "jnt_Mid_L_02",
                "Transform": [
                    1.0,
                    2.1187587151416665e-7,
                    4.656617313969491e-9,
                    0.01984213851392269,
                    -2.1187589993587608e-7,
                    0.9999998807907104,
                    4.3655745685100555e-8,
                    -0.04034139961004257,
                    -4.656608432185294e-9,
                    -4.3655742132386877e-8,
                    1.0,
                    0.005321703851222992,
                    0.0,
                    0.0,
                    0.0,
                    1.0
                ],
                "ParentIndex": 21,
                "Children": []
            },
            {
                "Name": "jnt_Mid_L_01",
                "Transform": [
                    1.0,
                    -1.6437843441963196e-7,
                    2.444718916194688e-8,
                    0.07706929743289948,
                    1.6437843441963196e-7,
                    1.0,
                    3.4028198570013046e-7,
                    -0.12743088603019714,
                    -2.444724600536574e-8,
                    -3.4028198570013046e-7,
                    1.0,
                    0.04136328026652336,
                    0.0,
                    0.0,
                    0.0,
                    1.0
                ],
                "ParentIndex": 26,
                "Children": [
                    20
                ]
            },
            {
                "Name": "jnt_Pink_L_02",
                "Transform": [
                    1.0,
                    2.3283055483602766e-9,
                    9.778887033462524e-9,
                    0.01169320847839117,
                    -2.328307546761721e-9,
                    0.9999999403953552,
                    1.8335414608827705e-7,
                    -0.033499546349048615,
                    -9.778887921640944e-9,
                    -1.8335414608827705e-7,
                    0.9999999403953552,
                    -0.00008470937609672546,
                    0.0,
                    0.0,
                    0.0,
                    1.0
                ],
                "ParentIndex": 23,
                "Children": []
            },
            {
                "Name": "jnt_Pink_L_01",
                "Transform": [
                    1.0,
                    2.7939706104262996e-9,
                    1.0011715900759555e-8,
                    0.050132907927036285,
                    -2.7939646152219666e-9,
                    0.9999999403953552,
                    -6.400514394044876e-7,
                    -0.13778601586818695,
                    -1.0011718565294814e-8,
                    6.400514394044876e-7,
                    0.9999999403953552,
                    -0.03718502074480057,
                    0.0,
                    0.0,
                    0.0,
                    1.0
                ],
                "ParentIndex": 26,
                "Children": [
                    22
                ]
            },
            {
                "Name": "jnt_Thumb_L_02",
                "Transform": [
                    0.9999999403953552,
                    -9.313229298868464e-9,
                    2.9336664653101252e-8,
                    -0.001684362068772316,
                    9.313223081619526e-9,
                    1.0,
                    1.8207359175903548e-7,
                    -0.035970330238342285,
                    -2.9336659324030734e-8,
                    -1.8207356333732605e-7,
                    1.0000001192092896,
                    0.03614083305001259,
                    0.0,
                    0.0,
                    0.0,
                    1.0
                ],
                "ParentIndex": 25,
                "Children": []
            },
            {
                "Name": "jnt_Thumb_L_01",
                "Transform": [
                    0.9999897480010986,
                    -0.003985218238085508,
                    0.0021552906837314367,
                    -0.017407376319169998,
                    0.004309338517487049,
                    0.9834957122802734,
                    -0.1808796375989914,
                    -0.04950170964002609,
                    -0.001398874563165009,
                    0.18088705837726593,
                    0.9835027456283569,
                    0.05561390146613121,
                    0.0,
                    0.0,
                    0.0,
                    1.0
                ],
                "ParentIndex": 26,
                "Children": [
                    24
                ]
            },
            {
                "Name": "jnt_wrist_L",
                "Transform": [
                    1.0,
                    -1.9231811165809631e-7,
                    5.8673322200775146e-8,
                    0.16934318840503693,
                    1.9231811165809631e-7,
                    1.0,
                    8.73115446609063e-9,
                    -0.17520557343959808,
                    -5.8673325753488825e-8,
                    -8.731144696128013e-9,
                    0.9999999403953552,
                    0.07680365443229675,
                    0.0,
                    0.0,
                    0.0,
                    1.0
                ],
                "ParentIndex": 27,
                "Children": [
                    17,
                    19,
                    21,
                    23,
                    25
                ]
            },
            {
                "Name": "jnt_arm_L_02",
                "Transform": [
                    0.9996891021728516,
                    0.009821796789765358,
                    0.022918686270713806,
                    0.1684347242116928,
                    -0.00918674562126398,
                    0.9995753169059753,
                    -0.027651607990264893,
                    -0.2521899342536926,
                    -0.02318054437637329,
                    0.027432462200522423,
                    0.9993548393249512,
                    -0.03879524767398834,
                    0.0,
                    0.0,
                    0.0,
                    1.0
                ],
                "ParentIndex": 28,
                "Children": [
                    26
                ]
            },
            {
                "Name": "jnt_arm_L_01",
                "Transform": [
                    1.0000001192092896,
                    1.955776873785453e-8,
                    5.98374754190445e-8,
                    0.09181617945432663,
                    -1.9557781172352406e-8,
                    1.0,
                    1.695007085800171e-7,
                    0.01545137632638216,
                    -5.983748252447185e-8,
                    -1.695007085800171e-7,
                    1.0,
                    -0.08013078570365906,
                    0.0,
                    0.0,
                    0.0,
                    1.0
                ],
                "ParentIndex": 30,
                "Children": [
                    27
                ]
            },
            {
                "Name": "jnt_shoulder_L",
                "Transform": [
                    1.0000001192092896,
                    -6.05359673500061e-8,
                    4.656576513273336e-10,
                    0.09181858599185944,
                    6.053597445543346e-8,
                    1.0,
                    9.103678166866302e-8,
                    0.11649053543806076,
                    -4.656632301980324e-10,
                    -9.103678166866302e-8,
                    1.0,
                    -0.06254802644252777,
                    0.0,
                    0.0,
                    0.0,
                    1.0
                ],
                "ParentIndex": 30,
                "Children": []
            },
            {
                "Name": "jnt_clavicle_L",
                "Transform": [
                    1.0000001192092896,
                    1.0545673223560925e-9,
                    -8.288632358244286e-8,
                    0.15170007944107056,
                    -8.08077715852562e-10,
                    0.9999955892562866,
                    0.002973772818222642,
                    0.0772852748632431,
                    8.288909469911232e-8,
                    -0.0029737723525613546,
                    0.9999957084655762,
                    0.04355207830667496,
                    0.0,
                    0.0,
                    0.0,
                    1.0
                ],
                "ParentIndex": 56,
                "Children": [
                    28,
                    29
                ]
            },
            {
                "Name": "jnt_Index_R_02",
                "Transform": [
                    0.9999998807907104,
                    2.6402994990348816e-7,
                    2.3283169170440488e-8,
                    -0.012699142098426819,
                    -2.6402994990348816e-7,
                    0.9999998807907104,
                    7.757917614981125e-7,
                    -0.03918801248073578,
                    -2.3282961336690278e-8,
                    -7.757917046546936e-7,
                    0.9999999403953552,
                    0.009294845163822174,
                    0.0,
                    0.0,
                    0.0,
                    1.0
                ],
                "ParentIndex": 32,
                "Children": []
            },
            {
                "Name": "jnt_Index_R_01",
                "Transform": [
                    0.9999998807907104,
                    -3.2596292331987797e-9,
                    -1.862645149230957e-9,
                    -0.06458441913127899,
                    3.259629011154175e-9,
                    0.9999999403953552,
                    4.6566133171666024e-9,
                    -0.12990933656692505,
                    1.862645149230957e-9,
                    -4.6566133171666024e-9,
                    0.9999998807907104,
                    0.07746332883834839,
                    0.0,
                    0.0,
                    0.0,
                    1.0
                ],
                "ParentIndex": 41,
                "Children": [
                    31
                ]
            },
            {
                "Name": "jnt_Mid_R_02",
                "Transform": [
                    1.0,
                    7.916241884231567e-8,
                    1.07102184898622e-8,
                    -0.01984206959605217,
                    -7.916241884231567e-8,
                    1.0,
                    2.207234501838684e-7,
                    -0.04034150019288063,
                    -1.0710200726293806e-8,
                    -2.207234501838684e-7,
                    1.0,
                    0.005321696400642395,
                    0.0,
                    0.0,
                    0.0,
                    1.0
                ],
                "ParentIndex": 34,
                "Children": []
            },
            {
                "Name": "jnt_Mid_R_01",
                "Transform": [
                    0.9999998807907104,
                    -8.237548172473907e-7,
                    -1.1176073400065434e-8,
                    -0.07706935703754425,
                    8.237548172473907e-7,
                    0.9999998807907104,
                    4.898756742477417e-7,
                    -0.1274310052394867,
                    1.117567016706289e-8,
                    -4.898756742477417e-7,
                    0.9999999403953552,
                    0.04136348515748978,
                    0.0,
                    0.0,
                    0.0,
                    1.0
                ],
                "ParentIndex": 41,
                "Children": [
                    33
                ]
            },
            {
                "Name": "jnt_Pink_R_02",
                "Transform": [
                    1.0,
                    -5.867331154263411e-8,
                    7.147902181259269e-8,
                    -0.011693152599036694,
                    5.867333285891618e-8,
                    1.0,
                    -2.877787039778923e-7,
                    -0.03349946439266205,
                    -7.147900049631062e-8,
                    2.8777867555618286e-7,
                    1.0000001192092896,
                    -0.00008487701416015625,
                    0.0,
                    0.0,
                    0.0,
                    1.0
                ],
                "ParentIndex": 36,
                "Children": []
            },
            {
                "Name": "jnt_Pink_R_01",
                "Transform": [
                    0.9999999403953552,
                    6.28642737865448e-7,
                    -7.054762107827628e-8,
                    -0.05013274401426315,
                    -6.28642737865448e-7,
                    0.9999999403953552,
                    2.0070004325134505e-7,
                    -0.1377861648797989,
                    7.054774897596872e-8,
                    -2.007000006187809e-7,
                    0.9999998807907104,
                    -0.03718460351228714,
                    0.0,
                    0.0,
                    0.0,
                    1.0
                ],
                "ParentIndex": 41,
                "Children": [
                    35
                ]
            },
            {
                "Name": "jnt_Ring_R_02",
                "Transform": [
                    0.9999999403953552,
                    3.771856427192688e-8,
                    -3.9581213862049935e-9,
                    -0.018538925796747208,
                    -3.771856427192688e-8,
                    0.9999999403953552,
                    7.450580596923828e-9,
                    -0.03942329064011574,
                    3.958120942115784e-9,
                    -7.450580152834618e-9,
                    1.0,
                    0.0012809112668037415,
                    0.0,
                    0.0,
                    0.0,
                    1.0
                ],
                "ParentIndex": 38,
                "Children": []
            },
            {
                "Name": "jnt_Ring_R_01",
                "Transform": [
                    0.9999999403953552,
                    -5.154870450496674e-7,
                    3.958078753640848e-9,
                    -0.06272163987159729,
                    5.154870450496674e-7,
                    0.9999998807907104,
                    1.6461127927414054e-7,
                    -0.1280941665172577,
                    -3.958164018769139e-9,
                    -1.6461127927414054e-7,
                    0.9999998807907104,
                    0.003197699785232544,
                    0.0,
                    0.0,
                    0.0,
                    1.0
                ],
                "ParentIndex": 41,
                "Children": [
                    37
                ]
            },
            {
                "Name": "jnt_Thumb_R_02",
                "Transform": [
                    1.0,
                    5.587933671336032e-9,
                    -2.6542693376541138e-8,
                    0.0016841823235154152,
                    -5.587936779960501e-9,
                    1.0000001192092896,
                    -1.4528630742915993e-7,
                    -0.035970188677310944,
                    2.6542695152897977e-8,
                    1.4528633585086936e-7,
                    0.9999999403953552,
                    0.03614073619246483,
                    0.0,
                    0.0,
                    0.0,
                    1.0
                ],
                "ParentIndex": 40,
                "Children": []
            },
            {
                "Name": "jnt_Thumb_R_01",
                "Transform": [
                    0.9999896287918091,
                    0.0039841667748987675,
                    -0.0021552618127316236,
                    0.01740739308297634,
                    -0.004308299161493778,
                    0.9834957122802734,
                    -0.1808801144361496,
                    -0.049501609057188034,
                    0.0013990345178171992,
                    0.18088756501674652,
                    0.9835026264190674,
                    0.05561429634690285,
                    0.0,
                    0.0,
                    0.0,
                    1.0
                ],
                "ParentIndex": 41,
                "Children": [
                    39
                ]
            },
            {
                "Name": "jnt_wrist_R",
                "Transform": [
                    1.0,
                    1.9790604710578918e-7,
                    -4.633331229797477e-8,
                    -0.16503497958183289,
                    -1.9790604710578918e-7,
                    1.0,
                    -1.1664815247058868e-7,
                    -0.17524737119674683,
                    4.633328387626534e-8,
                    1.1664815247058868e-7,
                    1.0000001192092896,
                    0.07670470327138901,
                    0.0,
                    0.0,
                    0.0,
                    1.0
                ],
                "ParentIndex": 42,
                "Children": [
                    32,
                    34,
                    36,
                    38,
                    40
                ]
            },
            {
                "Name": "jnt_arm_R_02",
                "Transform": [
                    0.9996891021728516,
                    -0.009821686893701553,
                    -0.02291877008974552,
                    -0.16843467950820923,
                    0.009186634793877602,
                    0.9995754361152649,
                    -0.027651511132717133,
                    -0.25218987464904785,
                    0.023180624470114708,
                    0.027432367205619812,
                    0.9993548393249512,
                    -0.03879562392830849,
                    0.0,
                    0.0,
                    0.0,
                    1.0
                ],
                "ParentIndex": 43,
                "Children": [
                    41
                ]
            },
            {
                "Name": "jnt_arm_R_01",
                "Transform": [
                    0.9999999403953552,
                    9.732321615274486e-8,
                    2.3283067918100642e-8,
                    -0.0918157771229744,
                    -9.732321615274486e-8,
                    0.9999999403953552,
                    5.401671288041143e-8,
                    0.015745429322123528,
                    -2.3283064365386963e-8,
                    -5.401671288041143e-8,
                    0.9999999403953552,
                    -0.08053337782621384,
                    0.0,
                    0.0,
                    0.0,
                    1.0
                ],
                "ParentIndex": 45,
                "Children": [
                    42
                ]
            },
            {
                "Name": "jnt_shoulder_L.001",
                "Transform": [
                    0.9999999403953552,
                    1.2246891856193542e-7,
                    4.749745485810308e-8,
                    -0.14572817087173462,
                    -1.2246891856193542e-7,
                    0.9999999403953552,
                    1.0011715012581135e-8,
                    0.09306389838457108,
                    -4.749745485810308e-8,
                    -1.0011720341651653e-8,
                    0.9999999403953552,
                    -0.11307565122842789,
                    0.0,
                    0.0,
                    0.0,
                    1.0
                ],
                "ParentIndex": 45,
                "Children": []
            },
            {
                "Name": "jnt_clavicle_R",
                "Transform": [
                    1.0000001192092896,
                    -1.195440830770167e-7,
                    -8.818793162390648e-8,
                    -0.15322628617286682,
                    1.19805832810016e-7,
                    0.9999955892562866,
                    0.002973975846543908,
                    0.07728531956672668,
                    8.783202076756425e-8,
                    -0.002973975380882621,
                    0.9999957084655762,
                    0.04355214908719063,
                    0.0,
                    0.0,
                    0.0,
                    1.0
                ],
                "ParentIndex": 56,
                "Children": [
                    43,
                    44
                ]
            },
            {
                "Name": "jnt_braid_end",
                "Transform": [
                    0.9999999403953552,
                    -1.8626449271863521e-9,
                    1.1175872671742582e-8,
                    0.29554706811904907,
                    1.8626460374093767e-9,
                    0.9999999403953552,
                    -1.0803342576082287e-7,
                    0.01485520601272583,
                    -1.1175871783564162e-8,
                    1.0803341865539551e-7,
                    1.0,
                    -0.003805801272392273,
                    0.0,
                    0.0,
                    0.0,
                    1.0
                ],
                "ParentIndex": 47,
                "Children": []
            },
            {
                "Name": "jnt_braid_5",
                "Transform": [
                    0.9993262887001038,
                    -0.00431870948523283,
                    0.03644151613116264,
                    0.40458330512046814,
                    0.002973042894154787,
                    0.9993144273757935,
                    0.03690044581890106,
                    0.007131144404411316,
                    -0.03657589852809906,
                    -0.036767251789569855,
                    0.9986542463302612,
                    0.00353887677192688,
                    0.0,
                    0.0,
                    0.0,
                    1.0
                ],
                "ParentIndex": 48,
                "Children": [
                    46
                ]
            },
            {
                "Name": "jnt_braid_4",
                "Transform": [
                    0.9854520559310913,
                    0.1692052036523819,
                    0.015934042632579803,
                    0.40338200330734253,
                    -0.16933570802211761,
                    0.9855319857597351,
                    0.007222831714898348,
                    -0.013813364319503307,
                    -0.014481368474662304,
                    -0.009815956465899944,
                    0.9998469352722168,
                    -0.027659669518470764,
                    0.0,
                    0.0,
                    0.0,
                    1.0
                ],
                "ParentIndex": 49,
                "Children": [
                    47
                ]
            },
            {
                "Name": "jnt_braid_3",
                "Transform": [
                    0.991727888584137,
                    -0.05143091455101967,
                    0.11760310083627701,
                    0.4291626811027527,
                    0.055283837020397186,
                    0.9980279207229614,
                    -0.02973613142967224,
                    0.010351652279496193,
                    -0.11584179103374481,
                    0.03599170595407486,
                    0.9926154613494873,
                    -0.01367398351430893,
                    0.0,
                    0.0,
                    0.0,
                    1.0
                ],
