{
    "Model": {
        "UID": 1422382634512479,
        "Scenes": [
            {
                "rootNode": 282
            }
        ],
        "Nodes": [
            {
                "Name": "jnt_cloth_Center_03",
                "Transform": [
                    0.994645357131958,
                    0.06744921207427979,
                    -0.07830208539962769,
                    -0.0007354263216257095,
                    -0.06684491783380508,
                    0.9977101683616638,
                    0.01031600870192051,
                    -0.13511419296264648,
                    0.07881858944892883,
                    -0.005026674829423428,
                    0.9968762993812561,
                    0.006181923672556877,
                    0.0,
                    0.0,
                    0.0,
                    1.0
                ],
                "ParentIndex": 1,
                "Children": []
            },
            {
                "Name": "jnt_cloth_Center_02",
                "Transform": [
                    1.0,
                    1.4551917448812901e-9,
                    -1.0019786825184471e-17,
                    -1.0058248456346064e-8,
                    -1.4551917448812901e-9,
                    1.0,
                    -6.885549908020039e-9,
                    -0.09097116440534592,
                    -8.271806125530277e-24,
                    6.885549908020039e-9,
                    1.0,
                    0.009081664495170116,
                    0.0,
                    0.0,
                    0.0,
                    1.0
                ],
                "ParentIndex": 2,
                "Children": [
                    0
                ]
            },
            {
                "Name": "jnt_cloth_Center_01",
                "Transform": [
                    1.0,
                    -6.795446531914298e-25,
                    -4.447171789013333e-17,
                    0.030695840716362,
                    -6.795446531914298e-25,
                    1.0,
                    -3.0560755703845643e-8,
                    -0.08131033182144165,
                    4.447171789013333e-17,
                    3.0560755703845643e-8,
                    1.0,
                    0.007267429959028959,
                    0.0,
                    0.0,
                    0.0,
                    1.0
                ],
                "ParentIndex": 9,
                "Children": [
                    1
                ]
            },
            {
                "Name": "jnt_cloth_L_03",
                "Transform": [
                    1.0,
                    4.0894936326196785e-9,
                    -1.1901987505392745e-17,
                    0.005693995393812656,
                    -4.0894936326196785e-9,
                    1.0,
                    -8.178986377060937e-9,
                    -0.11327003687620163,
                    -2.1545924139748434e-17,
                    8.178986377060937e-9,
                    1.0,
                    0.010164993815124035,
                    0.0,
                    0.0,
                    0.0,
                    1.0
                ],
                "ParentIndex": 4,
                "Children": []
            },
            {
                "Name": "jnt_cloth_L_02",
                "Transform": [
                    1.0,
                    -6.295471795305101e-17,
                    -1.1920927533992653e-7,
                    0.0041550579480826855,
                    1.0379658202684444e-15,
                    1.0,
                    8.178986377060937e-9,
                    -0.07171272486448288,
                    1.1920927533992653e-7,
                    -8.178986377060937e-9,
                    1.0,
                    0.008837781846523285,
                    0.0,
                    0.0,
                    0.0,
                    1.0
                ],
                "ParentIndex": 5,
                "Children": [
                    3
                ]
            },
            {
                "Name": "jnt_cloth_L_04",
                "Transform": [
                    1.0,
                    2.5032574794081926e-17,
                    1.1920927533992653e-7,
                    0.08798200637102127,
                    4.576946765653348e-15,
                    0.9999999403953552,
                    -3.860420605406034e-8,
                    -0.07015329599380493,
                    -1.1920927533992653e-7,
                    3.860420250134666e-8,
                    1.0,
                    0.007597371935844421,
                    0.0,
                    0.0,
                    0.0,
                    1.0
                ],
                "ParentIndex": 9,
                "Children": [
                    4
                ]
            },
            {
                "Name": "jnt_cloth_R_03",
                "Transform": [
                    1.0,
                    -4.274625098332763e-11,
                    1.9099388737231493e-11,
                    1.1103111319243908e-8,
                    4.274625098332763e-11,
                    1.0,
                    2.793939302137005e-9,
                    -0.10027795284986496,
                    -1.9099388737231493e-11,
                    -2.793939302137005e-9,
                    1.0,
                    0.001823016325943172,
                    0.0,
                    0.0,
                    0.0,
                    1.0
                ],
                "ParentIndex": 7,
                "Children": []
            },
            {
                "Name": "jnt_cloth_R_02",
                "Transform": [
                    1.0,
                    -3.2843672670423985e-8,
                    -4.9113726974248095e-11,
                    3.173045115545392e-8,
                    3.2843672670423985e-8,
                    1.0,
                    6.145628361764466e-8,
                    -0.06737638264894485,
                    4.911171122556901e-11,
                    -6.145629072307202e-8,
                    0.9999999403953552,
                    0.001225086278282106,
                    0.0,
                    0.0,
                    0.0,
                    1.0
                ],
                "ParentIndex": 8,
                "Children": [
                    6
                ]
            },
            {
                "Name": "jnt_cloth_R_01",
                "Transform": [
                    0.9999994039535522,
                    -0.0007523813401348889,
                    -0.0006708018481731415,
                    -0.03399628773331642,
                    0.0007367401849478483,
                    0.9997345805168152,
                    -0.02302021160721779,
                    -0.09990572929382324,
                    0.0006879438296891749,
                    0.02301970310509205,
                    0.9997347593307495,
                    0.010912074707448483,
                    0.0,
                    0.0,
                    0.0,
                    1.0
                ],
                "ParentIndex": 9,
                "Children": [
                    7
                ]
            },
            {
                "Name": "jnt_cloth_front",
                "Transform": [
                    1.0,
                    1.0929214006043646e-17,
                    3.828410299888674e-8,
                    0.0003639782371465117,
                    -1.0929212351682421e-17,
                    1.0,
                    -2.785533028878036e-17,
                    0.032639145851135254,
                    -3.828410299888674e-8,
                    2.785533028878036e-17,
                    1.0,
                    0.1303047239780426,
                    0.0,
                    0.0,
                    0.0,
                    1.0
                ],
                "ParentIndex": 78,
                "Children": [
                    2,
                    5,
                    8
                ]
            },
            {
                "Name": "jnt_foot_L_01",
                "Transform": [
                    1.0,
                    1.778031178691511e-17,
                    -1.3504436680022991e-8,
                    0.01901998557150364,
                    -1.7780301860747758e-17,
                    1.0,
                    8.462737410357645e-16,
                    -0.05650010704994202,
                    1.3504436680022991e-8,
                    -8.462737410357645e-16,
                    1.0,
                    0.15021999180316925,
                    0.0,
                    0.0,
                    0.0,
                    1.0
                ],
                "ParentIndex": 11,
                "Children": []
            },
            {
                "Name": "jnt_leg_L_03",
                "Transform": [
                    0.9895623922348022,
                    -0.016291538253426552,
                    0.1431812345981598,
                    0.06632102280855179,
                    0.012885615229606628,
                    0.9996122717857361,
                    0.02468271739780903,
                    -0.48920559883117676,
                    -0.14352785050868988,
                    -0.022580115124583244,
                    0.9893885254859924,
                    -0.12054233253002167,
                    0.0,
                    0.0,
                    0.0,
                    1.0
                ],
                "ParentIndex": 12,
                "Children": [
                    10
                ]
            },
            {
                "Name": "jnt_leg_L_02",
                "Transform": [
                    0.9999999403953552,
                    -3.026798367500305e-8,
                    1.1987867765128613e-7,
                    0.06947959214448929,
                    3.026798367500305e-8,
                    0.9999999403953552,
                    -7.85803244696126e-9,
                    -0.33459991216659546,
                    -1.1987867765128613e-7,
                    7.85803599967494e-9,
                    0.9999999403953552,
                    0.03670719638466835,
                    0.0,
                    0.0,
                    0.0,
                    1.0
                ],
                "ParentIndex": 13,
                "Children": [
                    11
                ]
            },
            {
                "Name": "jnt_leg_L_01",
                "Transform": [
                    0.9895623326301575,
                    0.012885652482509613,
                    -0.14352788031101227,
                    0.09316542744636536,
                    -0.016291575506329536,
                    0.9996122717857361,
                    -0.022580111399292946,
                    -0.010724365711212158,
                    0.14318126440048218,
                    0.024682724848389626,
                    0.989388644695282,
                    -0.00218586134724319,
                    0.0,
                    0.0,
                    0.0,
                    1.0
                ],
                "ParentIndex": 78,
                "Children": [
                    12
                ]
            },
            {
                "Name": "jnt_foot_R_01",
                "Transform": [
                    1.0,
                    7.522589601816087e-17,
                    1.9611299251209857e-8,
                    -0.019020283594727516,
                    1.7329440715128626e-15,
                    1.0,
                    -9.220040908530791e-8,
                    -0.056500036269426346,
                    -1.9611299251209857e-8,
                    9.220040908530791e-8,
                    1.0,
                    0.15022002160549164,
                    0.0,
                    0.0,
                    0.0,
                    1.0
                ],
                "ParentIndex": 15,
                "Children": []
            },
            {
                "Name": "jnt_leg_R_03",
                "Transform": [
                    0.9895627498626709,
                    0.01629135012626648,
                    -0.14317959547042847,
                    -0.06632114946842194,
                    -0.012885503470897675,
                    0.9996123909950256,
                    0.024682432413101196,
                    -0.4892057478427887,
                    0.14352621138095856,
                    -0.022579872980713844,
                    0.9893888831138611,
                    -0.12054228782653809,
                    0.0,
                    0.0,
                    0.0,
                    1.0
                ],
                "ParentIndex": 16,
                "Children": [
                    14
                ]
            },
            {
                "Name": "jnt_leg_R_02",
                "Transform": [
                    1.0000001192092896,
                    4.4819898903369904e-8,
                    -8.149075858554511e-10,
                    -0.06947921961545944,
                    -4.4819898903369904e-8,
                    1.0000001192092896,
                    -9.66247171163559e-9,
                    -0.33459946513175964,
                    8.149071417662412e-10,
                    9.66247171163559e-9,
                    1.0000001192092896,
                    0.03670715540647507,
                    0.0,
                    0.0,
                    0.0,
                    1.0
                ],
                "ParentIndex": 17,
                "Children": [
                    15
                ]
            },
            {
                "Name": "jnt_leg_R_01",
                "Transform": [
                    0.9895625710487366,
                    -0.012885544449090958,
                    0.14352615177631378,
                    -0.09316544979810715,
                    0.01629137434065342,
                    0.9996123909950256,
                    -0.02257978729903698,
                    -0.010724663734436035,
                    -0.1431795358657837,
                    0.024682356044650078,
                    0.9893888831138611,
                    -0.002185845049098134,
                    0.0,
                    0.0,
                    0.0,
                    1.0
                ],
                "ParentIndex": 78,
                "Children": [
                    16
                ]
            },
            {
                "Name": "jnt_pelt_end",
                "Transform": [
                    -2.384185791015625e-7,
                    -0.9937222003936768,
                    -0.11187741160392761,
                    0.1736518144607544,
                    1.4901161193847656e-7,
                    0.11187726259231567,
                    -0.9937222003936768,
                    0.002340652048587799,
                    1.0000001192092896,
                    -2.9802322387695313e-8,
                    0.0,
                    2.5350797017154036e-8,
                    0.0,
                    0.0,
                    0.0,
                    1.0
                ],
                "ParentIndex": 19,
                "Children": []
            },
            {
                "Name": "jnt_pelt_02",
                "Transform": [
                    0.9931848049163818,
                    -0.1118169054389,
                    0.032877322286367416,
                    0.08988095074892044,
                    -0.032670922577381134,
                    0.00367814302444458,
                    0.999459445476532,
                    -0.0029566350858658552,
                    -0.11187738180160522,
                    -0.9937220215797424,
                    -1.1920928955078125e-7,
                    -0.037344805896282196,
                    0.0,
                    0.0,
                    0.0,
                    1.0
                ],
                "ParentIndex": 20,
                "Children": [
                    18
                ]
            },
            {
                "Name": "jnt_pelt_01",
                "Transform": [
                    0.032877326011657715,
                    0.9994593262672424,
                    7.921112654685203e-8,
                    4.583738943964022e-10,
                    -0.9994593262672424,
                    0.032877326011657715,
                    -8.073264012864456e-8,
                    -0.04203641414642334,
                    -8.329323719635795e-8,
                    -7.651403421959913e-8,
                    1.0,
                    -0.1049751341342926,
                    0.0,
                    0.0,
                    0.0,
                    1.0
                ],
                "ParentIndex": 78,
                "Children": [
                    19
                ]
            },
            {
                "Name": "jnt_pelt_1_L_02",
                "Transform": [
                    1.0,
                    1.4624673916330266e-8,
                    4.656611762854368e-10,
                    0.11936988681554794,
                    -1.4624674804508686e-8,
                    0.9999999403953552,
                    -1.4435500794718337e-8,
                    0.013792083598673344,
                    -4.656613983300417e-10,
                    1.4435499906539917e-8,
                    1.0,
                    0.024558212608098984,
                    0.0,
                    0.0,
                    0.0,
                    1.0
                ],
                "ParentIndex": 22,
                "Children": []
            },
            {
                "Name": "jnt_pelt_1_L_01",
                "Transform": [
                    0.3323628604412079,
                    0.9430725574493408,
                    -0.012207088991999626,
                    0.15422554314136505,
                    -0.9431109428405762,
                    0.33220067620277405,
                    -0.013575810007750988,
                    -0.02704942226409912,
                    -0.008747769519686699,
                    0.016024736687541008,
                    0.9998332858085632,
                    0.048172663897275925,
                    0.0,
                    0.0,
                    0.0,
                    1.0
                ],
                "ParentIndex": 78,
                "Children": [
                    21
                ]
            },
            {
                "Name": "jnt_pelt_1_R_02",
                "Transform": [
                    1.0,
                    4.3260661186650395e-7,
                    8.661299233381214e-8,
                    0.07645174860954285,
                    -4.3260661186650395e-7,
                    1.0,
                    -4.610048520703458e-8,
                    -0.09224976599216461,
                    -8.661300654466686e-8,
                    4.610044967989779e-8,
                    1.0,
                    0.024032671004533768,
                    0.0,
                    0.0,
                    0.0,
                    1.0
                ],
                "ParentIndex": 24,
                "Children": []
            },
            {
                "Name": "jnt_pelt_1_R_01",
                "Transform": [
                    0.45332109928131104,
                    0.8912636041641235,
                    -0.012207141146063805,
                    -0.15651586651802063,
                    -0.8913230299949646,
                    0.4531653821468353,
                    -0.01357558649033308,
                    -0.019902288913726807,
                    -0.006567573640495539,
                    0.017034603282809258,
                    0.999833345413208,
                    0.04747198522090912,
                    0.0,
                    0.0,
                    0.0,
                    1.0
                ],
                "ParentIndex": 78,
                "Children": [
                    23
                ]
            },
            {
                "Name": "jnt_pelt_2_L_02",
                "Transform": [
                    0.9941665530204773,
                    -0.049397245049476624,
                    0.09587805718183517,
                    0.04060397669672966,
                    0.031837161630392075,
                    0.9837472438812256,
                    0.17671363055706024,
                    -0.09173083305358887,
                    -0.10304893553256989,
                    -0.17263032495975494,
                    0.979581356048584,
                    -0.016542740166187286,
                    0.0,
                    0.0,
                    0.0,
                    1.0
                ],
                "ParentIndex": 26,
                "Children": []
            },
            {
                "Name": "jnt_pelt_2_L_01",
                "Transform": [
                    1.0,
                    -2.4459029264033583e-17,
                    7.492491960192638e-8,
                    0.11775561422109604,
                    2.769769361917829e-15,
                    1.0,
                    -3.664081660303964e-8,
                    -0.03773164749145508,
                    -7.492491960192638e-8,
                    3.664081660303964e-8,
                    1.0,
                    -0.052504777908325195,
                    0.0,
                    0.0,
                    0.0,
                    1.0
                ],
                "ParentIndex": 78,
                "Children": [
                    25
                ]
            },
            {
                "Name": "jnt_pelt_2_R_02",
                "Transform": [
                    0.9941665530204773,
                    -0.04939721152186394,
                    0.09587790071964264,
                    -0.040603991597890854,
                    0.03183716908097267,
                    0.9837472438812256,
                    0.17671354115009308,
                    0.09173083305358887,
                    -0.10304877161979675,
                    -0.1726302206516266,
                    0.9795814156532288,
                    0.016542742028832436,
                    0.0,
                    0.0,
                    0.0,
                    1.0
                ],
                "ParentIndex": 28,
                "Children": []
            },
            {
                "Name": "jnt_pelt_2_R_01",
                "Transform": [
                    1.0,
                    -1.0929205734237521e-17,
                    1.5099580252808664e-7,
                    -0.11963029950857162,
                    -1.0929210697321196e-17,
                    -1.0,
                    2.785532698005791e-17,
                    -0.023533999919891357,
                    1.5099580252808664e-7,
                    -2.785532698005791e-17,
                    -1.0,
                    -0.040171317756175995,
                    0.0,
                    0.0,
                    0.0,
                    1.0
                ],
                "ParentIndex": 78,
                "Children": [
                    27
                ]
            },
            {
                "Name": "jnt_band_back_01",
                "Transform": [
                    1.0,
                    9.420855022875202e-16,
                    1.987898556876644e-8,
                    -0.09285905212163925,
                    -9.420855022875202e-16,
                    1.0,
                    -2.4331127288998184e-15,
                    -0.012975217774510384,
                    -1.987898556876644e-8,
                    2.4331127288998184e-15,
                    1.0,
                    -0.04593327268958092,
                    0.0,
                    0.0,
                    0.0,
                    1.0
                ],
                "ParentIndex": 77,
                "Children": []
            },
            {
                "Name": "jnt_band_front_01",
                "Transform": [
                    1.0,
                    1.6793908369391831e-15,
                    -5.8044022921421856e-8,
                    -0.09694644063711166,
                    -6.47222787788105e-15,
                    1.0,
                    -8.257244843434819e-8,
                    -0.01328981202095747,
                    5.8044022921421856e-8,
                    8.257244843434819e-8,
                    1.0,
                    0.10617810487747192,
                    0.0,
                    0.0,
                    0.0,
                    1.0
                ],
                "ParentIndex": 77,
                "Children": []
            },
            {
                "Name": "jnt_band_back_02",
                "Transform": [
                    1.0,
                    -2.2797100328939403e-16,
                    -3.609767418311094e-8,
                    0.028238415718078613,
                    2.2797102975917363e-16,
                    0.9999999403953552,
                    1.1698552029030434e-16,
                    0.020324230194091797,
                    3.609767418311094e-8,
                    -1.1698550705541453e-16,
                    1.0,
                    -0.10487096011638641,
                    0.0,
                    0.0,
                    0.0,
                    1.0
                ],
                "ParentIndex": 76,
                "Children": []
            },
            {
                "Name": "jnt_band_front_02",
                "Transform": [
                    1.0,
                    -2.2797100328939403e-16,
                    -3.609767418311094e-8,
                    0.02801591530442238,
                    2.2797102975917363e-16,
                    0.9999999403953552,
                    1.1698552029030434e-16,
                    0.021155953407287598,
                    3.609767418311094e-8,
                    -1.1698550705541453e-16,
                    1.0,
                    0.15730683505535126,
                    0.0,
                    0.0,
                    0.0,
                    1.0
                ],
                "ParentIndex": 76,
                "Children": []
            },
            {
                "Name": "jnt_band_front_03",
                "Transform": [
                    1.0,
                    -7.170131251529692e-17,
                    -1.709494767965225e-8,
                    0.10206098109483719,
                    7.170131251529692e-17,
                    1.0,
                    -4.97531668396109e-17,
                    0.04673469439148903,
                    1.709494767965225e-8,
                    4.97531668396109e-17,
                    1.0,
                    0.15565000474452972,
                    0.0,
                    0.0,
                    0.0,
                    1.0
                ],
                "ParentIndex": 75,
                "Children": []
            },
            {
                "Name": "jnt_Index_L_02",
                "Transform": [
                    1.0,
                    5.596666596829891e-8,
                    2.7008358216562556e-8,
                    0.010028013959527016,
                    -5.596666596829891e-8,
                    1.0,
                    9.729410521686077e-8,
                    -0.03094586543738842,
                    -2.7008352887492038e-8,
                    -9.729411232228813e-8,
                    0.9999999403953552,
                    0.007340060546994209,
                    0.0,
                    0.0,
                    0.0,
                    1.0
                ],
                "ParentIndex": 35,
                "Children": []
            },
            {
                "Name": "jnt_Index_L_01",
                "Transform": [
                    1.0,
                    -3.35305230692029e-7,
                    -3.241437340761877e-8,
                    0.05140000954270363,
                    3.35305230692029e-7,
                    1.0,
                    -1.1184602755065498e-7,
                    -0.10376893728971481,
                    3.2414408934755556e-8,
                    1.1184601333980027e-7,
                    1.0,
                    0.04429768770933151,
                    0.0,
                    0.0,
                    0.0,
                    1.0
                ],
                "ParentIndex": 44,
                "Children": [
                    34
                ]
            },
            {
                "Name": "jnt_Ling_L_02",
                "Transform": [
                    1.0,
                    -7.306516636162996e-7,
                    -8.520148142565631e-9,
                    0.014639773406088352,
                    7.306516636162996e-7,
                    1.0,
                    3.674355486538161e-9,
                    -0.03113188035786152,
                    8.520144589851952e-9,
                    -3.674361703787099e-9,
                    1.0,
                    0.0010117902420461178,
                    0.0,
                    0.0,
                    0.0,
                    1.0
                ],
                "ParentIndex": 37,
                "Children": []
            },
            {
                "Name": "jnt_Ling_L_01",
                "Transform": [
                    1.0,
                    1.0794610716402531e-7,
                    -3.3469255145135435e-10,
                    0.04980209097266197,
                    -1.0794610716402531e-7,
                    1.0,
                    2.763408701866865e-8,
                    -0.10144106298685074,
                    3.3469554905352084e-10,
                    -2.763408701866865e-8,
                    1.0,
                    -0.009199559688568115,
                    0.0,
                    0.0,
                    0.0,
                    1.0
                ],
                "ParentIndex": 44,
                "Children": [
                    36
                ]
            },
            {
                "Name": "jnt_Mid_L_02",
                "Transform": [
                    1.0,
                    -2.0893639884889126e-7,
                    -2.7721385187362557e-9,
                    0.015668835490942,
                    2.0893639884889126e-7,
                    1.0,
                    -1.2521923054009676e-8,
                    -0.03185691684484482,
                    2.772141183271515e-9,
                    1.2521923054009676e-8,
                    1.0,
                    0.004202363081276417,
                    0.0,
                    0.0,
                    0.0,
                    1.0
                ],
                "ParentIndex": 39,
                "Children": []
            },
            {
                "Name": "jnt_Mid_L_01",
                "Transform": [
                    1.0,
                    3.1315721571445465e-7,
                    3.7834979593753815e-9,
                    0.06120200827717781,
                    -3.1315721571445465e-7,
                    1.0,
                    1.4551855553879278e-10,
                    -0.10099103301763535,
                    -3.7834979593753815e-9,
                    -1.4551974902854425e-10,
                    1.0,
                    0.01792336255311966,
                    0.0,
                    0.0,
                    0.0,
                    1.0
                ],
                "ParentIndex": 44,
                "Children": [
                    38
                ]
            },
            {
                "Name": "jnt_Pink_L_02",
                "Transform": [
                    1.0,
                    -2.6193450186617895e-10,
                    -3.4269760362803936e-9,
                    0.00923397671431303,
                    2.619344463550277e-10,
                    1.0,
                    -2.329761628061533e-8,
                    -0.026454104110598564,
                    3.4269760362803936e-9,
                    2.329761628061533e-8,
                    1.0,
                    -0.00006699282675981522,
                    0.0,
                    0.0,
                    0.0,
                    1.0
                ],
                "ParentIndex": 41,
                "Children": []
            },
            {
                "Name": "jnt_Pink_L_01",
                "Transform": [
                    1.0,
                    -2.6539782993495464e-7,
                    -2.5407643988728523e-8,
                    0.039635054767131805,
                    2.6539782993495464e-7,
                    1.0,
                    1.0913599191031409e-10,
                    -0.10885598510503769,
                    2.5407643988728523e-8,
                    -1.0914273651518869e-10,
                    1.0,
                    -0.03134485334157944,
                    0.0,
                    0.0,
                    0.0,
                    1.0
                ],
                "ParentIndex": 44,
                "Children": [
                    40
                ]
            },
            {
                "Name": "jnt_Thumb_L_02",
                "Transform": [
                    1.0,
                    -8.381903171539307e-9,
                    -4.292813049477928e-10,
                    -0.0013299095444381237,
                    8.381903171539307e-9,
                    1.0,
                    -4.554021870717406e-8,
                    -0.02840506099164486,
                    4.2928169352585144e-10,
                    4.554021870717406e-8,
                    1.0,
                    0.028539743274450302,
                    0.0,
                    0.0,
                    0.0,
                    1.0
                ],
                "ParentIndex": 43,
                "Children": []
            },
            {
                "Name": "jnt_Thumb_L_01",
                "Transform": [
                    1.0,
                    -4.1650491766631603e-7,
                    6.766640581190586e-10,
                    -0.01355911698192358,
                    4.1650491766631603e-7,
                    1.0,
                    1.164154606048129e-10,
                    -0.044041942805051804,
                    -6.766640581190586e-10,
                    -1.1641518304905674e-10,
                    1.0,
                    0.03787144273519516,
                    0.0,
                    0.0,
                    0.0,
                    1.0
                ],
                "ParentIndex": 44,
                "Children": [
                    42
                ]
            },
            {
                "Name": "jnt_wrist_L",
                "Transform": [
                    1.0,
                    -5.820766091346741e-10,
                    2.6280758902430534e-8,
                    0.14283712208271027,
                    5.820766091346741e-10,
                    1.0,
                    1.0622898116707802e-9,
                    -0.13826735317707062,
                    -2.6280758902430534e-8,
                    -1.0622898116707802e-9,
                    1.0,
                    0.060859307646751404,
                    0.0,
                    0.0,
                    0.0,
                    1.0
                ],
                "ParentIndex": 45,
                "Children": [
                    35,
                    37,
                    39,
                    41,
                    43
                ]
            },
            {
                "Name": "jnt_arm_L_02",
                "Transform": [
                    0.9996891021728516,
                    0.009821813553571701,
                    0.022918643429875374,
                    0.13301002979278564,
                    -0.009186760522425175,
                    0.9995754957199097,
                    -0.02765166386961937,
                    -0.19915004074573517,
                    -0.02318049967288971,
                    0.02743251994252205,
                    0.9993549585342407,
                    -0.030636010691523552,
                    0.0,
                    0.0,
                    0.0,
                    1.0
                ],
                "ParentIndex": 46,
                "Children": [
                    44
                ]
            },
            {
                "Name": "jnt_arm_L_01",
                "Transform": [
                    1.0,
                    -6.08362356124088e-17,
                    2.4500019435436116e-7,
                    0.0725056529045105,
                    3.797188563201773e-15,
                    1.0,
                    -1.525040715932846e-8,
                    0.004542563576251268,
                    -2.4500019435436116e-7,
                    1.525040715932846e-8,
                    1.0,
                    -0.04446272924542427,
                    0.0,
                    0.0,
                    0.0,
                    1.0
                ],
                "ParentIndex": 48,
                "Children": [
                    45
                ]
            },
            {
                "Name": "jnt_shoulder_L",
                "Transform": [
                    1.0,
                    2.9782340169951242e-18,
                    -1.0036083963882447e-8,
                    0.07250772416591644,
                    -4.411109890679573e-16,
                    1.0,
                    -4.3655745685100555e-8,
                    0.06638256460428238,
                    1.0036083963882447e-8,
                    4.3655745685100555e-8,
                    1.0,
                    -0.03063131310045719,
                    0.0,
                    0.0,
                    0.0,
                    1.0
                ],
                "ParentIndex": 48,
                "Children": []
            },
            {
                "Name": "jnt_clavicle_L",
                "Transform": [
                    1.0,
                    -4.718447325261323e-16,
                    -1.8867316953219415e-7,
                    0.09170393645763397,
                    5.611401343585953e-10,
                    0.9999955296516418,
                    0.0029741358011960983,
                    0.0772862434387207,
                    1.8867234530262067e-7,
                    -0.0029741355683654547,
                    0.9999955892562866,
                    0.04355232045054436,
                    0.0,
                    0.0,
                    0.0,
                    1.0
                ],
                "ParentIndex": 75,
                "Children": [
                    46,
                    47
                ]
            },
            {
                "Name": "jnt_Index_R_02",
                "Transform": [
                    1.0,
                    1.1248629760984841e-7,
                    6.254413875694809e-8,
                    -0.010028159245848656,
                    -1.1248631182070312e-7,
                    1.0,
                    1.6680860426276922e-7,
                    -0.030945852398872375,
                    -6.254412454609337e-8,
                    -1.6680860426276922e-7,
                    1.0,
                    0.007340128533542156,
                    0.0,
                    0.0,
                    0.0,
                    1.0
                ],
                "ParentIndex": 50,
                "Children": []
            },
            {
                "Name": "jnt_Index_R_01",
                "Transform": [
                    1.0,
                    -2.2284804401806468e-7,
                    -6.835760046897121e-8,
                    -0.05139974132180214,
                    2.2284801559635525e-7,
                    1.0,
                    -2.230153910431909e-7,
                    -0.1037689670920372,
                    6.835764310153536e-8,
                    2.2301536262148147e-7,
                    1.0,
