{
    "Model": {
        "UID": 1418671060426166,
        "Scenes": [
            {
                "rootNode": 282
            }
        ],
        "Nodes": [
            {
                "Name": "jnt_cloth_Center_03",
                "Transform": [
                    0.994645357131958,
                    0.0674491748213768,
                    -0.07830208539962769,
                    -0.0007354512927122414,
                    -0.0668448880314827,
                    0.9977100491523743,
                    0.010316002182662487,
                    -0.13511432707309723,
                    0.07881858199834824,
                    -0.00502666924148798,
                    0.9968764185905457,
                    0.006181878503412008,
                    0.0,
                    0.0,
                    0.0,
                    1.0
                ],
                "ParentIndex": 1,
                "Children": []
            },
            {
                "Name": "jnt_cloth_Center_02",
                "Transform": [
                    1.0,
                    -4.632211430296955e-22,
                    -2.7939680791178034e-8,
                    -2.0524051791426245e-8,
                    -1.9237932735536857e-16,
                    1.0,
                    -6.885540138057422e-9,
                    -0.09097106754779816,
                    2.7939680791178034e-8,
                    6.885540138057422e-9,
                    1.0,
                    0.009081724099814892,
                    0.0,
                    0.0,
                    0.0,
                    1.0
                ],
                "ParentIndex": 2,
                "Children": [
                    0
                ]
            },
            {
                "Name": "jnt_cloth_Center_01",
                "Transform": [
                    1.0,
                    -3.2425480012078685e-22,
                    -4.656599550401097e-10,
                    0.030695868656039238,
                    -1.4230600191403024e-17,
                    1.0,
                    -3.056076636198668e-8,
                    -0.08131041377782822,
                    4.656599550401097e-10,
                    3.056076636198668e-8,
                    1.0,
                    0.007267430424690247,
                    0.0,
                    0.0,
                    0.0,
                    1.0
                ],
                "ParentIndex": 9,
                "Children": [
                    1
                ]
            },
            {
                "Name": "jnt_cloth_L_03",
                "Transform": [
                    1.0,
                    1.4006607180877192e-23,
                    6.661338147750939e-15,
                    0.005693991668522358,
                    4.047638678257408e-23,
                    1.0,
                    -8.178986377060937e-9,
                    -0.11327005922794342,
                    -6.661338147750939e-15,
                    8.178986377060937e-9,
                    1.0,
                    0.010165009647607803,
                    0.0,
                    0.0,
                    0.0,
                    1.0
                ],
                "ParentIndex": 4,
                "Children": []
            },
            {
                "Name": "jnt_cloth_L_02",
                "Transform": [
                    1.0,
                    -1.852884572118782e-22,
                    -1.0523581295274198e-7,
                    0.004155049100518227,
                    8.607224819895875e-16,
                    1.0,
                    8.178986377060937e-9,
                    -0.07171280682086945,
                    1.0523581295274198e-7,
                    -8.178986377060937e-9,
                    1.0,
                    0.008837856352329254,
                    0.0,
                    0.0,
                    0.0,
                    1.0
                ],
                "ParentIndex": 5,
                "Children": [
                    3
                ]
            },
            {
                "Name": "jnt_cloth_L_04",
                "Transform": [
                    1.0,
                    -2.117582368135751e-22,
                    1.0849542775304144e-7,
                    0.08798205107450485,
                    4.1883788714299104e-15,
                    1.0,
                    -3.8604198948632984e-8,
                    -0.07015331834554672,
                    -1.0849542775304144e-7,
                    3.8604198948632984e-8,
                    1.0,
                    0.007597357966005802,
                    0.0,
                    0.0,
                    0.0,
                    1.0
                ],
                "ParentIndex": 9,
                "Children": [
                    4
                ]
            },
            {
                "Name": "jnt_cloth_R_03",
                "Transform": [
                    1.0,
                    2.8194335754960775e-11,
                    3.183231456205249e-11,
                    -2.8259819373488426e-8,
                    -2.8194335754960775e-11,
                    1.0,
                    2.793939302137005e-9,
                    -0.10027815401554108,
                    -3.183231456205249e-11,
                    -2.793939302137005e-9,
                    1.0,
                    0.00182299071457237,
                    0.0,
                    0.0,
                    0.0,
                    1.0
                ],
                "ParentIndex": 7,
                "Children": []
            },
            {
                "Name": "jnt_cloth_R_02",
                "Transform": [
                    1.0,
                    2.371689333813265e-8,
                    -2.3828841677620005e-10,
                    5.4824340622872114e-8,
                    -2.371689333813265e-8,
                    1.0,
                    -6.797856144657999e-8,
                    -0.06737630814313889,
                    2.3828680695281435e-10,
                    6.797856144657999e-8,
                    1.0,
                    0.0012250867439433932,
                    0.0,
                    0.0,
                    0.0,
                    1.0
                ],
                "ParentIndex": 8,
                "Children": [
                    6
                ]
            },
            {
                "Name": "jnt_cloth_R_01",
                "Transform": [
                    0.9999994039535522,
                    -0.0007524386746808887,
                    -0.0006708285072818398,
                    -0.033996280282735825,
                    0.0007367969956248999,
                    0.9997346997261047,
                    -0.023020051419734955,
                    -0.09990581125020981,
                    0.0006879716529510915,
                    0.023019542917609215,
                    0.9997347593307495,
                    0.01091211847960949,
                    0.0,
                    0.0,
                    0.0,
                    1.0
                ],
                "ParentIndex": 9,
                "Children": [
                    7
                ]
            },
            {
                "Name": "jnt_cloth_front",
                "Transform": [
                    1.0,
                    -2.384946135359132e-22,
                    -2.974229040830778e-8,
                    0.00036395518691278994,
                    5.026592405551485e-22,
                    1.0,
                    8.881784197001252e-15,
                    0.03263924643397331,
                    2.974229040830778e-8,
                    -8.881784197001252e-15,
                    1.0,
                    0.13030469417572021,
                    0.0,
                    0.0,
                    0.0,
                    1.0
                ],
                "ParentIndex": 78,
                "Children": [
                    2,
                    5,
                    8
                ]
            },
            {
                "Name": "jnt_foot_L_01",
                "Transform": [
                    1.0,
                    2.3050105824040656e-8,
                    -1.1155976586962879e-8,
                    0.01901998557150364,
                    -2.3050105824040656e-8,
                    1.0,
                    9.220042329616263e-8,
                    -0.05650010704994202,
                    1.1155978363319718e-8,
                    -9.220042329616263e-8,
                    1.0,
                    0.15022002160549164,
                    0.0,
                    0.0,
                    0.0,
                    1.0
                ],
                "ParentIndex": 11,
                "Children": []
            },
            {
                "Name": "jnt_leg_L_03",
                "Transform": [
                    0.9895623922348022,
                    -0.0162915401160717,
                    0.14318129420280457,
                    0.0663209855556488,
                    0.012885620817542076,
                    0.9996122717857361,
                    0.024682678282260895,
                    -0.48920556902885437,
                    -0.14352791011333466,
                    -0.022580070421099663,
                    0.9893885850906372,
                    -0.12054229527711868,
                    0.0,
                    0.0,
                    0.0,
                    1.0
                ],
                "ParentIndex": 12,
                "Children": [
                    10
                ]
            },
            {
                "Name": "jnt_leg_L_02",
                "Transform": [
                    1.0,
                    -1.2805686511185854e-9,
                    -3.0253431759774685e-8,
                    0.06947961449623108,
                    1.2805684290739805e-9,
                    1.0,
                    -7.508788257837296e-9,
                    -0.33459973335266113,
                    3.0253431759774685e-8,
                    7.508788257837296e-9,
                    1.0,
                    0.03670720010995865,
                    0.0,
                    0.0,
                    0.0,
                    1.0
                ],
                "ParentIndex": 13,
                "Children": [
                    11
                ]
            },
            {
                "Name": "jnt_leg_L_01",
                "Transform": [
                    0.9895623326301575,
                    0.012885593809187412,
                    -0.14352789521217346,
                    0.09316539764404297,
                    -0.016291514039039612,
                    0.9996123909950256,
                    -0.022580111399292946,
                    -0.010724368505179882,
                    0.14318127930164337,
                    0.024682721123099327,
                    0.989388644695282,
                    -0.0021858373656868935,
                    0.0,
                    0.0,
                    0.0,
                    1.0
                ],
                "ParentIndex": 78,
                "Children": [
                    12
                ]
            },
            {
                "Name": "jnt_foot_R_01",
                "Transform": [
                    1.0,
                    -1.1525051135663489e-8,
                    1.0191022248307036e-8,
                    -0.019020233303308487,
                    1.1525051135663489e-8,
                    1.0,
                    4.444909681648572e-16,
                    -0.056500110775232315,
                    -1.0191022248307036e-8,
                    -3.2703889153929333e-16,
                    1.0,
                    0.15022000670433044,
                    0.0,
                    0.0,
                    0.0,
                    1.0
                ],
                "ParentIndex": 15,
                "Children": []
            },
            {
                "Name": "jnt_leg_R_03",
                "Transform": [
                    0.9895626306533813,
                    0.016291355714201927,
                    -0.1431795060634613,
                    -0.06632112711668015,
                    -0.01288551650941372,
                    0.9996122717857361,
                    0.02468239516019821,
                    -0.4892057776451111,
                    0.1435261219739914,
                    -0.02257983759045601,
                    0.9893887639045715,
                    -0.1205422505736351,
                    0.0,
                    0.0,
                    0.0,
                    1.0
                ],
                "ParentIndex": 16,
                "Children": [
                    14
                ]
            },
            {
                "Name": "jnt_leg_R_02",
                "Transform": [
                    1.0,
                    -1.3737007975578308e-8,
                    6.693881005048752e-10,
                    -0.06947923451662064,
                    1.3737007975578308e-8,
                    1.0,
                    -8.731149137020111e-10,
                    -0.3345996141433716,
                    -6.693881005048752e-10,
                    8.731149137020111e-10,
                    1.0,
                    0.03670715540647507,
                    0.0,
                    0.0,
                    0.0,
                    1.0
                ],
                "ParentIndex": 17,
                "Children": [
                    15
                ]
            },
            {
                "Name": "jnt_leg_R_01",
                "Transform": [
                    0.9895625710487366,
                    -0.01288549229502678,
                    0.143526092171669,
                    -0.09316540509462357,
                    0.016291318461298943,
                    0.9996123909950256,
                    -0.022579777985811234,
                    -0.010724547319114208,
                    -0.14317947626113892,
                    0.024682339280843735,
                    0.9893888831138611,
                    -0.0021858152467757463,
                    0.0,
                    0.0,
                    0.0,
                    1.0
                ],
                "ParentIndex": 78,
                "Children": [
                    16
                ]
            },
            {
                "Name": "jnt_pelt_end",
                "Transform": [
                    -2.3841860752327193e-7,
                    -0.9937220811843872,
                    -0.11187775433063507,
                    0.173651784658432,
                    8.940698137394065e-8,
                    0.1118776798248291,
                    -0.9937222003936768,
                    0.0023406296968460083,
                    1.0000001192092896,
                    -2.086162567138672e-7,
                    0.0,
                    3.942270865309183e-8,
                    0.0,
                    0.0,
                    0.0,
                    1.0
                ],
                "ParentIndex": 19,
                "Children": []
            },
            {
                "Name": "jnt_pelt_02",
                "Transform": [
                    0.9931848049163818,
                    -0.11181717365980148,
                    0.03287699818611145,
                    0.08988075703382492,
                    -0.03267062455415726,
                    0.003677964210510254,
                    0.9994593262672424,
                    -0.002956584095954895,
                    -0.11187765002250671,
                    -0.9937220215797424,
                    -2.3841855067985307e-7,
                    -0.03734482824802399,
                    0.0,
                    0.0,
                    0.0,
                    1.0
                ],
                "ParentIndex": 20,
                "Children": [
                    18
                ]
            },
            {
                "Name": "jnt_pelt_01",
                "Transform": [
                    0.03287715092301369,
                    0.9994593262672424,
                    -7.579112093480944e-8,
                    -3.406666060357111e-9,
                    -0.999459445476532,
                    0.03287714719772339,
                    -2.3238486690502214e-8,
                    -0.04203646257519722,
                    -2.0734132633037916e-8,
                    7.651416922271892e-8,
                    1.0,
                    -0.1049751415848732,
                    0.0,
                    0.0,
                    0.0,
                    1.0
                ],
                "ParentIndex": 78,
                "Children": [
                    19
                ]
            },
            {
                "Name": "jnt_pelt_1_L_02",
                "Transform": [
                    1.0,
                    1.5381374396383762e-8,
                    6.984918199393064e-10,
                    0.11936990916728973,
                    -1.5381374396383762e-8,
                    1.0,
                    -1.3969838619232178e-8,
                    0.01379204262048006,
                    -6.984920419839113e-10,
                    1.3969838619232178e-8,
                    1.0,
                    0.02455810084939003,
                    0.0,
                    0.0,
                    0.0,
                    1.0
                ],
                "ParentIndex": 22,
                "Children": []
            },
            {
                "Name": "jnt_pelt_1_L_01",
                "Transform": [
                    0.3323628604412079,
                    0.9430725574493408,
                    -0.012207110412418842,
                    0.15422557294368744,
                    -0.9431109428405762,
                    0.33220067620277405,
                    -0.013575763441622257,
                    -0.027049550786614418,
                    -0.00874771736562252,
                    0.016024740412831306,
                    0.999833345413208,
                    0.04817282781004906,
                    0.0,
                    0.0,
                    0.0,
                    1.0
                ],
                "ParentIndex": 78,
                "Children": [
                    21
                ]
            },
            {
                "Name": "jnt_pelt_1_R_02",
                "Transform": [
                    1.0,
                    2.0481851770171033e-9,
                    1.878943294286728e-7,
                    0.07645194977521896,
                    -2.0481791818127704e-9,
                    1.0000001192092896,
                    -3.026798367500305e-8,
                    -0.0922498106956482,
                    -1.878943294286728e-7,
                    3.026798722771673e-8,
                    1.0,
                    0.024032574146986008,
                    0.0,
                    0.0,
                    0.0,
                    1.0
                ],
                "ParentIndex": 24,
                "Children": []
            },
            {
                "Name": "jnt_pelt_1_R_01",
                "Transform": [
                    0.4533209800720215,
                    0.8912637233734131,
                    -0.012207172811031342,
                    -0.15651586651802063,
                    -0.8913231492042542,
                    0.4531652629375458,
                    -0.013575727120041847,
                    -0.019902417436242104,
                    -0.006567684933543205,
                    0.01703469641506672,
                    0.999833345413208,
                    0.04747208580374718,
                    0.0,
                    0.0,
                    0.0,
                    1.0
                ],
                "ParentIndex": 78,
                "Children": [
                    23
                ]
            },
            {
                "Name": "jnt_pelt_2_L_02",
                "Transform": [
                    0.9941665530204773,
                    -0.04939715191721916,
                    0.0958779975771904,
                    0.04060392081737518,
                    0.031837090849876404,
                    0.9837473034858704,
                    0.1767134666442871,
                    -0.0917310044169426,
                    -0.10304885357618332,
                    -0.1726301610469818,
                    0.9795814156532288,
                    -0.01654266007244587,
                    0.0,
                    0.0,
                    0.0,
                    1.0
                ],
                "ParentIndex": 26,
                "Children": []
            },
            {
                "Name": "jnt_pelt_2_L_01",
                "Transform": [
                    1.0,
                    -1.5069657835180026e-22,
                    -1.828933449132819e-9,
                    0.11775563657283783,
                    1.6694077686856237e-22,
                    1.0,
                    8.881784197001252e-15,
                    -0.03773164376616478,
                    1.828933449132819e-9,
                    -8.881784197001252e-15,
                    1.0,
                    -0.052504751831293106,
                    0.0,
                    0.0,
                    0.0,
                    1.0
                ],
                "ParentIndex": 78,
                "Children": [
                    25
                ]
            },
            {
                "Name": "jnt_pelt_2_R_02",
                "Transform": [
                    0.9941665530204773,
                    -0.04939718917012215,
                    0.09587791562080383,
                    -0.04060396924614906,
                    0.03183716908097267,
                    0.9837473034858704,
                    0.1767132729291916,
                    0.09173088520765305,
                    -0.10304877161979675,
                    -0.1726299524307251,
                    0.9795814752578735,
                    0.016542630270123482,
                    0.0,
                    0.0,
                    0.0,
                    1.0
                ],
                "ParentIndex": 28,
                "Children": []
            },
            {
                "Name": "jnt_pelt_2_R_01",
                "Transform": [
                    1.0,
                    -5.532602371030593e-15,
                    1.5099580252808664e-7,
                    -0.11963027715682983,
                    5.5326049121294345e-15,
                    -1.0,
                    -7.328155504637834e-8,
                    -0.023533938452601433,
                    1.5099580252808664e-7,
                    7.328155504637834e-8,
                    -1.0,
                    -0.04017139971256256,
                    0.0,
                    0.0,
                    0.0,
                    1.0
                ],
                "ParentIndex": 78,
                "Children": [
                    27
                ]
            },
            {
                "Name": "jnt_band_back_01",
                "Transform": [
                    1.0,
                    -1.4725034167666796e-17,
                    2.2074256311732654e-10,
                    -0.09285902976989746,
                    5.611379862961701e-18,
                    1.0,
                    4.128634856215285e-8,
                    -0.012975094839930534,
                    -2.2074256311732654e-10,
                    -4.128634856215285e-8,
                    1.0,
                    -0.04593323916196823,
                    0.0,
                    0.0,
                    0.0,
                    1.0
                ],
                "ParentIndex": 77,
                "Children": []
            },
            {
                "Name": "jnt_band_front_01",
                "Transform": [
                    1.0,
                    -8.661758918622475e-18,
                    2.481750627225665e-8,
                    -0.09694647789001465,
                    2.057909532276396e-15,
                    1.0,
                    -8.257266870259627e-8,
                    -0.013289706781506538,
                    -2.481750627225665e-8,
                    8.257266870259627e-8,
                    1.0,
                    0.10617821663618088,
                    0.0,
                    0.0,
                    0.0,
                    1.0
                ],
                "ParentIndex": 77,
                "Children": []
            },
            {
                "Name": "jnt_band_back_02",
                "Transform": [
                    1.0,
                    4.445403917282434e-21,
                    -4.1613684942376494e-8,
                    0.028238441795110703,
                    -4.075800394106848e-21,
                    1.0,
                    8.881783349968305e-15,
                    0.020324479788541794,
                    4.1613684942376494e-8,
                    -8.881783349968305e-15,
                    1.0,
                    -0.10487096011638641,
                    0.0,
                    0.0,
                    0.0,
                    1.0
                ],
                "ParentIndex": 76,
                "Children": []
            },
            {
                "Name": "jnt_band_front_02",
                "Transform": [
                    1.0,
                    4.445403917282434e-21,
                    -4.1613684942376494e-8,
                    0.028015881776809692,
                    -4.075800394106848e-21,
                    1.0,
                    8.881783349968305e-15,
                    0.02115616947412491,
                    4.1613684942376494e-8,
                    -8.881783349968305e-15,
                    1.0,
                    0.15730682015419006,
                    0.0,
                    0.0,
                    0.0,
                    1.0
                ],
                "ParentIndex": 76,
                "Children": []
            },
            {
                "Name": "jnt_band_front_03",
                "Transform": [
                    1.0,
                    2.6683794409839725e-21,
                    -3.467151188374373e-8,
                    0.10206101834774017,
                    -2.5144071208786856e-21,
                    1.0,
                    4.4408916749841525e-15,
                    0.04673467576503754,
                    3.467151188374373e-8,
                    -4.4408916749841525e-15,
                    1.0,
                    0.15564990043640137,
                    0.0,
                    0.0,
                    0.0,
                    1.0
                ],
                "ParentIndex": 75,
                "Children": []
            },
            {
                "Name": "jnt_Index_L_02",
                "Transform": [
                    1.0,
                    -8.387723937630653e-8,
                    2.462910586586986e-8,
                    0.010028078220784664,
                    8.387723937630653e-8,
                    1.0,
                    2.4984910851344466e-7,
                    -0.030945811420679092,
                    -2.4629127182151933e-8,
                    -2.4984910851344466e-7,
                    1.0,
                    0.007339976727962494,
                    0.0,
                    0.0,
                    0.0,
                    1.0
                ],
                "ParentIndex": 35,
                "Children": []
            },
            {
                "Name": "jnt_Index_L_01",
                "Transform": [
                    1.0,
                    4.4784974306821823e-7,
                    -2.626646011805178e-9,
                    0.051399875432252884,
                    -4.4784974306821823e-7,
                    1.0,
                    -1.13170244731009e-7,
                    -0.10376890748739243,
                    2.6265953856352553e-9,
                    1.13170244731009e-7,
                    1.0,
                    0.0442977100610733,
                    0.0,
                    0.0,
                    0.0,
                    1.0
                ],
                "ParentIndex": 44,
                "Children": [
                    34
                ]
            },
            {
                "Name": "jnt_Ling_L_02",
                "Transform": [
                    1.0,
                    -7.846683729439974e-7,
                    -4.8967345733785805e-9,
                    0.014639978297054768,
                    7.846683729439974e-7,
                    1.0,
                    3.8831782234183265e-8,
                    -0.03113199956715107,
                    4.896704375312311e-9,
                    -3.883178933961062e-8,
                    1.0,
                    0.0010116903576999903,
                    0.0,
                    0.0,
                    0.0,
                    1.0
                ],
                "ParentIndex": 37,
                "Children": []
            },
            {
                "Name": "jnt_Ling_L_01",
                "Transform": [
                    1.0,
                    7.577473297715187e-7,
                    2.7372161426342245e-8,
                    0.049801893532276154,
                    -7.577473297715187e-7,
                    1.0,
                    2.5043835449878316e-8,
                    -0.10144084692001343,
                    -2.737214366277385e-8,
                    -2.504385676616039e-8,
                    1.0,
                    -0.009199509397149086,
                    0.0,
                    0.0,
                    0.0,
                    1.0
                ],
                "ParentIndex": 44,
                "Children": [
                    36
                ]
            },
            {
                "Name": "jnt_Mid_L_02",
                "Transform": [
                    1.0,
                    5.235779099166393e-8,
                    1.8553684144606564e-9,
                    0.01566893421113491,
                    -5.235779099166393e-8,
                    1.0,
                    -2.7568603400141e-8,
                    -0.03185686469078064,
                    -1.8553699687728908e-9,
                    2.7568603400141e-8,
                    1.0,
                    0.004202388226985931,
                    0.0,
                    0.0,
                    0.0,
                    1.0
                ],
                "ParentIndex": 39,
                "Children": []
            },
            {
                "Name": "jnt_Mid_L_01",
                "Transform": [
                    1.0,
                    7.301860023289919e-7,
                    3.412425897408866e-8,
                    0.06120190769433975,
                    -7.301860023289919e-7,
                    1.0,
                    5.0546063334877545e-8,
                    -0.10099107027053833,
                    -3.4124223446951873e-8,
                    -5.0546091756586975e-8,
                    1.0,
                    0.017923301085829735,
                    0.0,
                    0.0,
                    0.0,
                    1.0
                ],
                "ParentIndex": 44,
                "Children": [
                    38
                ]
            },
            {
                "Name": "jnt_Pink_L_02",
                "Transform": [
                    1.0,
                    -3.291643224656582e-8,
                    1.4406381643183863e-9,
                    0.009233959950506687,
                    3.291643224656582e-8,
                    1.0,
                    8.892675396054983e-8,
                    -0.026453977450728416,
                    -1.4406410508982503e-9,
                    -8.892675396054983e-8,
                    1.0,
                    -0.00006698165088891983,
                    0.0,
                    0.0,
                    0.0,
                    1.0
                ],
                "ParentIndex": 41,
                "Children": []
            },
            {
                "Name": "jnt_Pink_L_01",
                "Transform": [
                    1.0,
                    3.992172423750162e-7,
                    -4.409230758284366e-9,
                    0.03963491693139076,
                    -3.992172423750162e-7,
                    1.0,
                    -1.753504896839786e-9,
                    -0.10885594040155411,
                    4.409229870105946e-9,
                    1.7535066731966253e-9,
                    1.0,
                    -0.031344935297966,
                    0.0,
                    0.0,
                    0.0,
                    1.0
                ],
                "ParentIndex": 44,
                "Children": [
                    40
                ]
            },
            {
                "Name": "jnt_Thumb_L_02",
                "Transform": [
                    1.0,
                    -7.741618013312745e-9,
                    -2.941669663414359e-8,
                    -0.0013300222344696522,
                    7.741619789669585e-9,
                    1.0,
                    4.471075953915715e-8,
                    -0.028404949232935905,
                    2.941669663414359e-8,
                    -4.471075953915715e-8,
                    1.0,
                    0.02853979729115963,
                    0.0,
                    0.0,
                    0.0,
                    1.0
                ],
                "ParentIndex": 43,
                "Children": []
            },
            {
                "Name": "jnt_Thumb_L_01",
                "Transform": [
                    1.0,
                    2.5462941266596317e-7,
                    2.1595042198896408e-8,
                    -0.013559029437601566,
                    -2.5462941266596317e-7,
                    1.0,
                    -1.8335440943317849e-9,
                    -0.04404193162918091,
                    -2.1595042198896408e-8,
                    1.8335385432166618e-9,
                    1.0,
                    0.03787139058113098,
                    0.0,
                    0.0,
                    0.0,
                    1.0
                ],
                "ParentIndex": 44,
                "Children": [
                    42
                ]
            },
            {
                "Name": "jnt_wrist_L",
                "Transform": [
                    1.0,
                    -4.991888431504776e-7,
                    -3.028979378427721e-8,
                    0.1428370475769043,
                    4.991888999938965e-7,
                    0.9999999403953552,
                    -6.426854071150956e-8,
                    -0.13826724886894226,
                    3.0289829311413996e-8,
                    6.426851939522749e-8,
                    1.0,
                    0.06085929274559021,
                    0.0,
                    0.0,
                    0.0,
                    1.0
                ],
                "ParentIndex": 45,
                "Children": [
                    35,
                    37,
                    39,
                    41,
                    43
                ]
            },
            {
                "Name": "jnt_arm_L_02",
                "Transform": [
                    0.9996891021728516,
                    0.00982167012989521,
                    0.02291869930922985,
                    0.13300997018814087,
                    -0.009186620824038982,
                    0.9995753765106201,
                    -0.027651526033878326,
                    -0.19914980232715607,
                    -0.023180551826953888,
                    0.027432376518845558,
                    0.9993549585342407,
                    -0.03063593991100788,
                    0.0,
                    0.0,
                    0.0,
                    1.0
                ],
                "ParentIndex": 46,
                "Children": [
                    44
                ]
            },
            {
                "Name": "jnt_arm_L_01",
                "Transform": [
                    1.0,
                    2.1248349223104933e-17,
                    -7.010841329702089e-8,
                    0.07250572741031647,
                    -2.192258910348058e-15,
                    0.9999999403953552,
                    -3.096647560596466e-8,
                    0.004542682785540819,
                    7.010841329702089e-8,
                    3.096647205325098e-8,
                    1.0,
                    -0.044462647289037704,
                    0.0,
                    0.0,
                    0.0,
                    1.0
                ],
                "ParentIndex": 48,
                "Children": [
                    45
                ]
            },
            {
                "Name": "jnt_shoulder_L",
                "Transform": [
                    1.0,
                    1.3986631541536634e-17,
                    1.0943059791657106e-8,
                    0.07250772416591644,
                    4.650147352955065e-16,
                    1.0,
                    -4.377216100692749e-8,
                    0.06638244539499283,
                    -1.0943059791657106e-8,
                    4.377216100692749e-8,
                    1.0,
                    -0.030631206929683685,
                    0.0,
                    0.0,
                    0.0,
                    1.0
                ],
                "ParentIndex": 48,
                "Children": []
            },
            {
                "Name": "jnt_clavicle_L",
                "Transform": [
                    1.0,
                    2.7755575615628914e-17,
                    1.0106885639515895e-7,
                    0.09170391410589218,
                    -3.0059257860592936e-10,
                    0.9999955892562866,
                    0.0029741362668573856,
                    0.07728611677885056,
                    -1.0106841585866277e-7,
                    -0.0029741362668573856,
                    0.9999955892562866,
                    0.04355216398835182,
                    0.0,
                    0.0,
                    0.0,
                    1.0
                ],
                "ParentIndex": 75,
                "Children": [
                    46,
                    47
                ]
            },
            {
                "Name": "jnt_Index_R_02",
                "Transform": [
                    1.0,
                    1.1175870895385742e-7,
                    -2.7001078706234694e-8,
                    -0.010028061456978321,
                    -1.1175870895385742e-7,
                    1.0,
                    1.3518731023509645e-8,
                    -0.030946051701903343,
                    2.7001080482591533e-8,
                    -1.3518728358974386e-8,
                    0.9999999403953552,
                    0.007339991629123688,
                    0.0,
                    0.0,
                    0.0,
                    1.0
                ],
                "ParentIndex": 50,
                "Children": []
            },
            {
                "Name": "jnt_Index_R_01",
                "Transform": [
                    1.0,
                    3.351306077092886e-7,
                    2.0918360377208955e-8,
                    -0.05139993131160736,
                    -3.351306077092886e-7,
                    1.0,
                    -1.108492142520845e-7,
                    -0.10376888513565063,
                    -2.0918395904345743e-8,
                    1.108492142520845e-7,
                    1.0,
                    0.04429769515991211,
                    0.0,
                    0.0,
                    0.0,
                    1.0
                ],
                "ParentIndex": 59,
