{
    "Model": {
        "UID": 1445368784012534,
        "Scenes": [
            {
                "rootNode": 282
            },
            {
                "rootNode": 283
            },
            {
                "rootNode": 284
            }
        ],
        "Nodes": [
            {
                "Name": "jnt_cloth_Center_03",
                "Transform": [
                    0.994645357131958,
                    -0.06744923442602158,
                    0.07830212265253067,
                    -0.0007354336557909846,
                    0.06684494763612747,
                    0.9977100491523743,
                    0.010315920226275921,
                    0.13511431217193604,
                    -0.07881861180067062,
                    -0.005026582628488541,
                    0.9968762993812561,
                    -0.006181899458169937,
                    0.0,
                    0.0,
                    0.0,
                    1.0
                ],
                "ParentIndex": 1,
                "Children": []
            },
            {
                "Name": "jnt_cloth_Center_02",
                "Transform": [
                    0.9998000860214233,
                    0.003763291984796524,
                    -0.019644711166620255,
                    -0.00003814149386016652,
                    -0.0034490516409277916,
                    0.9998659491539001,
                    0.01600564271211624,
                    0.09098672866821289,
                    0.019702313467860222,
                    -0.01593468338251114,
                    0.999678909778595,
                    -0.008998015895485878,
                    0.0,
                    0.0,
                    0.0,
                    1.0
                ],
                "ParentIndex": 2,
                "Children": [
                    0
                ]
            },
            {
                "Name": "jnt_cloth_Center_01",
                "Transform": [
                    1.0,
                    3.554819402707375e-15,
                    9.833732406150375e-8,
                    0.030695881694555283,
                    -2.0521876129594562e-15,
                    1.0,
                    -1.52803814046365e-8,
                    0.08131051808595657,
                    -9.833732406150375e-8,
                    1.52803814046365e-8,
                    1.0,
                    -0.007267367094755173,
                    0.0,
                    0.0,
                    0.0,
                    1.0
                ],
                "ParentIndex": 9,
                "Children": [
                    1
                ]
            },
            {
                "Name": "jnt_cloth_L_03",
                "Transform": [
                    1.0000001192092896,
                    1.3541300581385897e-14,
                    1.4901164746561335e-8,
                    0.005693995393812656,
                    -1.3541302275451791e-14,
                    1.0,
                    -3.388942568954313e-14,
                    0.11327006667852402,
                    -1.4901164746561335e-8,
                    3.388942230141134e-14,
                    1.0000001192092896,
                    -0.01016501896083355,
                    0.0,
                    0.0,
                    0.0,
                    1.0
                ],
                "ParentIndex": 4,
                "Children": []
            },
            {
                "Name": "jnt_cloth_L_02",
                "Transform": [
                    1.0000001192092896,
                    -1.2677428173901717e-7,
                    -4.0937262468787594e-8,
                    0.004155044909566641,
                    1.2677429594987188e-7,
                    1.0,
                    1.6357919463416692e-8,
                    0.07171282917261124,
                    4.0937262468787594e-8,
                    -1.6357921239773532e-8,
                    1.0000001192092896,
                    -0.00883788987994194,
                    0.0,
                    0.0,
                    0.0,
                    1.0
                ],
                "ParentIndex": 5,
                "Children": [
                    3
                ]
            },
            {
                "Name": "jnt_cloth_L_04",
                "Transform": [
                    1.0,
                    1.0294451868730903e-7,
                    1.518353087703872e-7,
                    0.08798209577798843,
                    -1.0294451868730903e-7,
                    0.9999998807907104,
                    -1.0294454710901846e-7,
                    0.07015334814786911,
                    -1.518353087703872e-7,
                    1.0294451868730903e-7,
                    1.0,
                    -0.007597322575747967,
                    0.0,
                    0.0,
                    0.0,
                    1.0
                ],
                "ParentIndex": 9,
                "Children": [
                    4
                ]
            },
            {
                "Name": "jnt_cloth_R_03",
                "Transform": [
                    0.9999999403953552,
                    -3.083187316565983e-10,
                    1.7553269948678007e-10,
                    -2.342858351767063e-9,
                    3.0831870390102267e-10,
                    1.0,
                    -3.760106892514159e-9,
                    0.10027795284986496,
                    -1.7553268560899227e-10,
                    3.760106892514159e-9,
                    1.0,
                    -0.0018230117857456207,
                    0.0,
                    0.0,
                    0.0,
                    1.0
                ],
                "ParentIndex": 7,
                "Children": []
            },
            {
                "Name": "jnt_cloth_R_02",
                "Transform": [
                    0.9999999403953552,
                    9.072209650184959e-9,
                    -3.999958586575758e-9,
                    3.667810233309865e-8,
                    -9.07220876200654e-9,
                    1.0,
                    -1.825788729092892e-7,
                    0.06737647950649261,
                    3.999956366129709e-9,
                    1.825788729092892e-7,
                    1.0,
                    -0.0012250725412741303,
                    0.0,
                    0.0,
                    0.0,
                    1.0
                ],
                "ParentIndex": 8,
                "Children": [
                    6
                ]
            },
            {
                "Name": "jnt_cloth_R_01",
                "Transform": [
                    0.9999993443489075,
                    0.0007523908279836178,
                    0.0006708952132612467,
                    -0.03399629145860672,
                    -0.0007367475191131234,
                    0.9997345805168152,
                    -0.023020196706056595,
                    0.09990599006414413,
                    -0.0006880374858155847,
                    0.023019690066576004,
                    0.9997346997261047,
                    -0.01091211847960949,
                    0.0,
                    0.0,
                    0.0,
                    1.0
                ],
                "ParentIndex": 9,
                "Children": [
                    7
                ]
            },
            {
                "Name": "jnt_cloth_front",
                "Transform": [
                    4.76837158203125e-7,
                    1.0,
                    3.5762786865234375e-7,
                    -0.03263918310403824,
                    1.1920928955078125e-7,
                    3.5762786865234375e-7,
                    -1.0,
                    0.130304753780365,
                    -1.0,
                    4.76837158203125e-7,
                    -1.1920928955078125e-7,
                    -0.0003639718343038112,
                    0.0,
                    0.0,
                    0.0,
                    1.0
                ],
                "ParentIndex": 78,
                "Children": [
                    2,
                    5,
                    8
                ]
            },
            {
                "Name": "jnt_foot_L_01",
                "Transform": [
                    0.7534246444702148,
                    -5.883038944887176e-9,
                    -0.6575343012809753,
                    0.01902003400027752,
                    -4.86229101426261e-9,
                    1.0,
                    -1.4518496627147215e-8,
                    0.1502201110124588,
                    0.6575343012809753,
                    1.4135716597252213e-8,
                    0.7534246444702148,
                    0.05650017037987709,
                    0.0,
                    0.0,
                    0.0,
                    1.0
                ],
                "ParentIndex": 11,
                "Children": []
            },
            {
                "Name": "jnt_leg_L_03",
                "Transform": [
                    0.9940165281295776,
                    -0.10852114856243134,
                    -0.012421190738677979,
                    0.06632106751203537,
                    0.018498804420232773,
                    0.055177927017211914,
                    0.9983052015304565,
                    0.48920613527297974,
                    -0.10765185207128525,
                    -0.9925616979598999,
                    0.05685532093048096,
                    0.12054242938756943,
                    0.0,
                    0.0,
                    0.0,
                    1.0
                ],
                "ParentIndex": 12,
                "Children": [
                    10
                ]
            },
            {
                "Name": "jnt_leg_L_02",
                "Transform": [
                    0.9999810457229614,
                    -0.004614211153239012,
                    -0.004041403066366911,
                    0.06947967410087585,
                    0.004522725474089384,
                    0.9997396469116211,
                    -0.02236107923090458,
                    0.33460021018981934,
                    0.004143530037254095,
                    0.0223423819988966,
                    0.9997416734695435,
                    -0.03670723736286163,
                    0.0,
                    0.0,
                    0.0,
                    1.0
                ],
                "ParentIndex": 13,
                "Children": [
                    11
                ]
            },
            {
                "Name": "jnt_leg_L_01",
                "Transform": [
                    -0.017256854102015495,
                    0.9967178106307983,
                    0.07909449189901352,
                    0.010724551044404507,
                    0.013547449372708797,
                    0.07933192700147629,
                    -0.9967562556266785,
                    -0.0021858355030417442,
                    -0.9997593760490417,
                    -0.016129223629832268,
                    -0.014872073195874691,
                    -0.09316543489694595,
                    0.0,
                    0.0,
                    0.0,
                    1.0
                ],
                "ParentIndex": 78,
                "Children": [
                    12
                ]
            },
            {
                "Name": "jnt_foot_R_01",
                "Transform": [
                    0.9999999403953552,
                    5.087303023287859e-8,
                    1.740998345489686e-9,
                    -0.019020259380340576,
                    -5.087303023287859e-8,
                    0.9999999403953552,
                    4.610019033179924e-8,
                    0.15022020041942596,
                    -1.7409957919767294e-9,
                    -4.610018677908556e-8,
                    1.0,
                    0.05650012195110321,
                    0.0,
                    0.0,
                    0.0,
                    1.0
                ],
                "ParentIndex": 15,
                "Children": []
            },
            {
                "Name": "jnt_leg_R_03",
                "Transform": [
                    0.9978352189064026,
                    -0.009873450733721256,
                    0.06501822173595428,
                    -0.06632112711668015,
                    -0.06345085799694061,
                    0.11534599959850311,
                    0.991296648979187,
                    0.48920607566833496,
                    -0.0172871220856905,
                    -0.9932762980461121,
                    0.11446986347436905,
                    0.12054232507944107,
                    0.0,
                    0.0,
                    0.0,
                    1.0
                ],
                "ParentIndex": 16,
                "Children": [
                    14
                ]
            },
            {
                "Name": "jnt_leg_R_02",
                "Transform": [
                    0.9997405409812927,
                    -0.016946129500865936,
                    -0.015214544720947742,
                    -0.0694793239235878,
                    0.01807458885014057,
                    0.9968374967575073,
                    0.0773840919137001,
                    0.334600031375885,
                    0.01385506708174944,
                    -0.07763902842998505,
                    0.9968851208686829,
                    -0.03670716658234596,
                    0.0,
                    0.0,
                    0.0,
                    1.0
                ],
                "ParentIndex": 17,
                "Children": [
                    15
                ]
            },
            {
                "Name": "jnt_leg_R_01",
                "Transform": [
                    0.046461284160614014,
                    0.9981951117515564,
                    0.03805166110396385,
                    0.010724750347435474,
                    0.1680024266242981,
                    0.02974182367324829,
                    -0.9853377938270569,
                    -0.002185824792832136,
                    -0.9846910834312439,
                    0.05217286944389343,
                    -0.16631732881069183,
                    0.09316541999578476,
                    0.0,
                    0.0,
                    0.0,
                    1.0
                ],
                "ParentIndex": 78,
                "Children": [
                    16
                ]
            },
            {
                "Name": "jnt_pelt_end",
                "Transform": [
                    -2.3841856489070778e-7,
                    1.0,
                    -8.046627044677734e-7,
                    2.9234712428660714e-9,
                    -0.11187680810689926,
                    -9.536742027194123e-7,
                    -0.9937222003936768,
                    0.17365190386772156,
                    -0.993722140789032,
                    -8.940695295223122e-8,
                    0.11187666654586792,
                    0.0023406578693538904,
                    0.0,
                    0.0,
                    0.0,
                    1.0
                ],
                "ParentIndex": 19,
                "Children": []
            },
            {
                "Name": "jnt_pelt_02",
                "Transform": [
                    0.004945635795593262,
                    -0.39499181509017944,
                    -0.9186713695526123,
                    -0.03593803569674492,
                    0.04989224672317505,
                    0.9176360368728638,
                    -0.394277960062027,
                    0.09047171473503113,
                    0.9987423419952393,
                    -0.04388460889458656,
                    0.02424532175064087,
                    -0.0029134233482182026,
                    0.0,
                    0.0,
                    0.0,
                    1.0
                ],
                "ParentIndex": 20,
                "Children": [
                    18
                ]
            },
            {
                "Name": "jnt_pelt_01",
                "Transform": [
                    0.18237565457820892,
                    0.9826975464820862,
                    -0.032325077801942825,
                    0.042638976126909256,
                    0.983228862285614,
                    -0.18227721750736237,
                    0.005996223073452711,
                    -0.1042366474866867,
                    3.501772596337105e-7,
                    -0.032876525074243546,
                    -0.999459445476532,
                    1.2271744509462224e-8,
                    0.0,
                    0.0,
                    0.0,
                    1.0
                ],
                "ParentIndex": 78,
                "Children": [
                    19
                ]
            },
            {
                "Name": "jnt_pelt_1_L_02",
                "Transform": [
                    0.9997661709785461,
                    0.01031909417361021,
                    -0.01900012604892254,
                    0.02450518123805523,
                    -0.012036170810461044,
                    0.9956309795379639,
                    -0.09259665012359619,
                    0.11940184235572815,
                    0.017961600795388222,
                    0.09280369430780411,
                    0.9955223202705383,
                    0.013300223276019096,
                    0.0,
                    0.0,
                    0.0,
                    1.0
                ],
                "ParentIndex": 22,
                "Children": []
            },
            {
                "Name": "jnt_pelt_1_L_01",
                "Transform": [
                    -0.006774305831640959,
                    0.9088817238807678,
                    -0.41699907183647156,
                    0.027321990579366684,
                    0.9999616146087646,
                    0.003841400146484375,
                    -0.007871895097196102,
                    0.04813167080283165,
                    -0.0055527533404529095,
                    -0.41703641414642334,
                    -0.9088727831840515,
                    -0.15381328761577606,
                    0.0,
                    0.0,
                    0.0,
                    1.0
                ],
                "ParentIndex": 78,
                "Children": [
                    21
                ]
            },
            {
                "Name": "jnt_pelt_1_R_02",
                "Transform": [
                    0.9955482482910156,
                    -0.09361690282821655,
                    0.010932804085314274,
                    -0.09217112511396408,
                    0.09346301853656769,
                    0.9955267310142517,
                    0.013827752321958542,
                    0.0770074725151062,
                    -0.012178407981991768,
                    -0.012744380161166191,
                    0.9998447299003601,
                    -0.024090098217129707,
                    0.0,
                    0.0,
                    0.0,
                    1.0
                ],
                "ParentIndex": 24,
                "Children": []
            },
            {
                "Name": "jnt_pelt_1_R_01",
                "Transform": [
                    -0.36686429381370544,
                    0.9302269220352173,
                    -0.009399174712598324,
                    0.009759909473359585,
                    0.0252071600407362,
                    -0.00015974043344613165,
                    -0.9996821880340576,
                    0.04674561694264412,
                    -0.9299328327178955,
                    -0.36698463559150696,
                    -0.02338981442153454,
                    0.16997334361076355,
                    0.0,
                    0.0,
                    0.0,
                    1.0
                ],
                "ParentIndex": 78,
                "Children": [
                    23
                ]
            },
            {
                "Name": "jnt_pelt_2_L_02",
                "Transform": [
                    0.9811763763427734,
                    0.1619417518377304,
                    -0.10520331561565399,
                    0.041158344596624374,
                    -0.15737830102443695,
                    0.9862527251243591,
                    0.0503750704228878,
                    0.0941615104675293,
                    0.11191488802433014,
                    -0.032870110124349594,
                    0.9931740164756775,
                    0.016748538240790367,
                    0.0,
                    0.0,
                    0.0,
                    1.0
                ],
                "ParentIndex": 26,
                "Children": []
            },
            {
                "Name": "jnt_pelt_2_L_01",
                "Transform": [
                    -0.0677638128399849,
                    0.9955563545227051,
                    -0.06538810580968857,
                    0.0387333482503891,
                    -0.011655927635729313,
                    -0.06632423400878906,
                    -0.9977299571037292,
                    -0.05249587073922157,
                    -0.9976334571838379,
                    -0.06684789061546326,
                    0.016098497435450554,
                    -0.11795760691165924,
                    0.0,
                    0.0,
                    0.0,
                    1.0
                ],
                "ParentIndex": 78,
                "Children": [
                    25
                ]
            },
            {
                "Name": "jnt_pelt_2_R_02",
                "Transform": [
                    0.9941665530204773,
                    -0.049397073686122894,
                    0.09587827324867249,
                    -0.040604088455438614,
                    0.031836945563554764,
                    0.9837472438812256,
                    0.17671364545822144,
                    0.09173111617565155,
                    -0.10304912179708481,
                    -0.17263033986091614,
                    0.979581356048584,
                    0.016542719677090645,
                    0.0,
                    0.0,
                    0.0,
                    1.0
                ],
                "ParentIndex": 28,
                "Children": []
            },
            {
                "Name": "jnt_pelt_2_R_01",
                "Transform": [
                    0.3695836663246155,
                    0.8642828464508057,
                    -0.34120842814445496,
                    0.02835683524608612,
                    -0.023285359144210815,
                    -0.35847795009613037,
                    -0.933247983455658,
                    -0.0406697653234005,
                    -0.928905725479126,
                    0.3528584837913513,
                    -0.11236262321472168,
                    0.12075899541378021,
                    0.0,
                    0.0,
                    0.0,
                    1.0
                ],
                "ParentIndex": 78,
                "Children": [
                    27
                ]
            },
            {
                "Name": "jnt_band_back_01",
                "Transform": [
                    1.000000238418579,
                    -2.5460933708587596e-11,
                    -8.425754316476741e-9,
                    0.04593328386545181,
                    2.5461896480116764e-11,
                    1.0000001192092896,
                    1.1400284449791798e-7,
                    0.09285913407802582,
                    8.42575609283358e-9,
                    -1.1400285870877269e-7,
                    1.0,
                    -0.012975228950381279,
                    0.0,
                    0.0,
                    0.0,
                    1.0
                ],
                "ParentIndex": 77,
                "Children": []
            },
            {
                "Name": "jnt_band_front_01",
                "Transform": [
                    1.000000238418579,
                    -2.72798762745996e-11,
                    -8.542171414660515e-9,
                    -0.10617827624082565,
                    2.7280934455919947e-11,
                    1.0000001192092896,
                    1.2339310728748387e-7,
                    0.09694652259349823,
                    8.542173191017355e-9,
                    -1.233931214983386e-7,
                    1.0,
                    -0.013289924710988998,
                    0.0,
                    0.0,
                    0.0,
                    1.0
                ],
                "ParentIndex": 77,
                "Children": []
            },
            {
                "Name": "jnt_band_back_02",
                "Transform": [
                    0.9999999403953552,
                    -3.9751078872996004e-8,
                    -1.7426430076739052e-7,
                    0.028238454833626747,
                    3.975106110942761e-8,
                    1.0,
                    -8.13649307929154e-8,
                    0.02032424882054329,
                    1.742642865565358e-7,
                    8.13649307929154e-8,
                    1.0,
                    -0.10487107932567596,
                    0.0,
                    0.0,
                    0.0,
                    1.0
                ],
                "ParentIndex": 76,
                "Children": []
            },
            {
                "Name": "jnt_band_front_02",
                "Transform": [
                    0.9999999403953552,
                    -6.055800128024202e-8,
                    -1.7424964937617915e-7,
                    0.028015876188874245,
                    6.055799417481467e-8,
                    1.0,
                    1.8626344910899206e-9,
                    0.02115597389638424,
                    1.7424963516532443e-7,
                    -1.862645149230957e-9,
                    1.0,
                    0.15730707347393036,
                    0.0,
                    0.0,
                    0.0,
                    1.0
                ],
                "ParentIndex": 76,
                "Children": []
            },
            {
                "Name": "jnt_band_front_03",
                "Transform": [
                    0.997002124786377,
                    0.0024708262644708157,
                    0.0773346945643425,
                    0.10206108540296555,
                    -0.0022356645204126835,
                    0.9999926090240479,
                    -0.0031272585038095713,
                    0.0467347614467144,
                    -0.07734184712171555,
                    0.0029449888970702887,
                    0.9970002770423889,
                    0.15565013885498047,
                    0.0,
                    0.0,
                    0.0,
                    1.0
                ],
                "ParentIndex": 75,
                "Children": []
            },
            {
                "Name": "jnt_Index_L_02",
                "Transform": [
                    0.9999999403953552,
                    1.1196243576705456e-7,
                    -3.66562744602561e-8,
                    0.010028096847236156,
                    -1.119624286616272e-7,
                    1.0,
                    -2.212617999930444e-8,
                    0.03094613365828991,
                    3.66562744602561e-8,
                    2.212618532837496e-8,
                    0.9999999403953552,
                    -0.0073400093242526054,
                    0.0,
                    0.0,
                    0.0,
                    1.0
                ],
                "ParentIndex": 35,
                "Children": []
            },
            {
                "Name": "jnt_Index_L_01",
                "Transform": [
                    1.0,
                    -4.390312824398279e-7,
                    -1.9784781102316629e-7,
                    0.05140009522438049,
                    4.3903131086153735e-7,
                    0.9999999403953552,
                    -1.0683294959790146e-7,
                    0.10376930981874466,
                    1.9784786786658515e-7,
                    1.0683285722734581e-7,
                    1.0,
                    -0.04429778456687927,
                    0.0,
                    0.0,
                    0.0,
                    1.0
                ],
                "ParentIndex": 44,
                "Children": [
                    34
                ]
            },
            {
                "Name": "jnt_Ling_L_02",
                "Transform": [
                    1.0000001192092896,
                    -3.425520844757557e-8,
                    3.5077391657978296e-8,
                    0.014639940112829208,
                    3.425521200028925e-8,
                    1.0,
                    1.2631065082757686e-8,
                    0.03113206848502159,
                    -3.5077391657978296e-8,
                    -1.2631061530044008e-8,
                    1.0000001192092896,
                    -0.001011708751320839,
                    0.0,
                    0.0,
                    0.0,
                    1.0
                ],
                "ParentIndex": 37,
                "Children": []
            },
            {
                "Name": "jnt_Ling_L_01",
                "Transform": [
                    1.0000001192092896,
                    1.0855730181447143e-7,
                    2.5099143385887146e-7,
                    0.049802135676145554,
                    -1.0855730181447143e-7,
                    1.0,
                    -8.461940836923532e-8,
                    0.10144127905368805,
                    -2.509914622805809e-7,
                    8.461937994752589e-8,
                    1.0,
                    0.009199557825922966,
                    0.0,
                    0.0,
                    0.0,
                    1.0
                ],
                "ParentIndex": 44,
                "Children": [
                    36
                ]
            },
            {
                "Name": "jnt_Mid_L_02",
                "Transform": [
                    1.0,
                    -1.0541407391428947e-7,
                    7.130437573721338e-9,
                    0.015669049695134163,
                    1.0541407391428947e-7,
                    1.0,
                    -4.110914719746006e-9,
                    0.03185698017477989,
                    -7.1304380178105475e-9,
                    4.110916052013636e-9,
                    0.9999999403953552,
                    -0.004202431067824364,
                    0.0,
                    0.0,
                    0.0,
                    1.0
                ],
                "ParentIndex": 39,
                "Children": []
            },
            {
                "Name": "jnt_Mid_L_01",
                "Transform": [
                    0.9999999403953552,
                    -5.126057089910319e-7,
                    -4.670873465784098e-7,
                    0.06120213866233826,
                    5.126057089910319e-7,
                    0.9999999403953552,
                    -1.1087845308566102e-7,
                    0.10099110752344131,
                    4.670873750001192e-7,
                    1.108782043957035e-7,
                    1.0,
                    -0.017923325300216675,
                    0.0,
                    0.0,
                    0.0,
                    1.0
                ],
                "ParentIndex": 44,
                "Children": [
                    38
                ]
            },
            {
                "Name": "jnt_Pink_L_02",
                "Transform": [
                    0.9999999403953552,
                    7.38364178687334e-8,
                    2.7386706236143255e-8,
                    0.009234003722667694,
                    -7.38364178687334e-8,
                    0.9999998807907104,
                    6.2645981735443e-9,
                    0.026453973725438118,
                    -2.7386706236143255e-8,
                    -6.26459950581193e-9,
                    0.9999999403953552,
                    0.00006700493395328522,
                    0.0,
                    0.0,
                    0.0,
                    1.0
                ],
                "ParentIndex": 41,
                "Children": []
            },
            {
                "Name": "jnt_Pink_L_01",
                "Transform": [
                    1.0000001192092896,
                    2.7322678874952544e-7,
                    5.395050379775057e-7,
                    0.03963514044880867,
                    -2.73226760327816e-7,
                    1.0,
                    -1.2815152672374097e-7,
                    0.10885628312826157,
                    -5.395050379775057e-7,
                    1.281513704043391e-7,
                    1.0000001192092896,
                    0.03134499862790108,
                    0.0,
                    0.0,
                    0.0,
                    1.0
                ],
                "ParentIndex": 44,
                "Children": [
                    40
                ]
            },
            {
                "Name": "jnt_Thumb_L_02",
                "Transform": [
                    1.0000001192092896,
                    2.5012260707057976e-8,
                    0.00010524554818402976,
                    -0.001331365667283535,
                    -2.501722384806726e-8,
                    1.0000001192092896,
                    4.7157403315623014e-8,
                    0.02853986993432045,
                    -0.00010524554818402976,
                    -4.7160039429172684e-8,
                    1.0000001192092896,
                    0.02840491756796837,
                    0.0,
                    0.0,
                    0.0,
                    1.0
                ],
                "ParentIndex": 43,
                "Children": []
            },
            {
                "Name": "jnt_Thumb_L_01",
                "Transform": [
                    1.0,
                    5.842957406798632e-8,
                    0.00004763311517308466,
                    -0.013559022918343544,
                    -0.00004763311881106347,
                    5.364417461350968e-7,
                    1.0,
                    0.04404221102595329,
                    5.839865480083972e-8,
                    -1.0,
                    5.364417461350968e-7,
                    -0.03787151724100113,
                    0.0,
                    0.0,
                    0.0,
                    1.0
                ],
                "ParentIndex": 44,
                "Children": [
                    42
                ]
            },
            {
                "Name": "jnt_wrist_L",
                "Transform": [
                    1.1920927533992653e-7,
                    4.1723239974089665e-7,
                    -0.9999998807907104,
                    0.06085948646068573,
                    0.9999998807907104,
                    -0.0000017881387748275301,
                    1.7881390590446244e-7,
                    0.1428370326757431,
                    -0.0000017285344711126527,
                    -0.9999997019767761,
                    -4.7683710135970614e-7,
                    -0.13826718926429749,
                    0.0,
                    0.0,
                    0.0,
                    1.0
                ],
                "ParentIndex": 45,
                "Children": [
                    35,
                    37,
                    39,
                    41,
                    43
                ]
            },
            {
                "Name": "jnt_arm_L_02",
                "Transform": [
                    -0.09907341003417969,
                    0.9943341016769409,
                    -0.03852942958474159,
                    0.13301017880439758,
                    -0.1628170907497406,
                    -0.05439663678407669,
                    -0.9851558208465576,
                    0.19915026426315308,
                    -0.9816696643829346,
                    -0.09132931381464005,
                    0.16728372871875763,
                    0.03063601441681385,
                    0.0,
                    0.0,
                    0.0,
                    1.0
                ],
                "ParentIndex": 46,
                "Children": [
                    44
                ]
            },
            {
                "Name": "jnt_arm_L_01",
                "Transform": [
                    0.2420058250427246,
                    -0.16602343320846558,
                    -0.9559652209281921,
                    -0.044462673366069794,
                    0.9146774411201477,
                    -0.2896862030029297,
                    0.28186386823654175,
                    0.07250576466321945,
                    -0.3237258791923523,
                    -0.9426124691963196,
                    0.08175206184387207,
                    0.004542560316622257,
                    0.0,
                    0.0,
                    0.0,
                    1.0
                ],
                "ParentIndex": 48,
                "Children": [
                    45
                ]
            },
            {
                "Name": "jnt_shoulder_L",
                "Transform": [
                    1.0,
                    -6.044841427410574e-8,
                    -1.0279476470032023e-7,
                    -0.030631298199295998,
                    6.044841427410574e-8,
                    1.0,
                    -1.885644630145026e-15,
                    0.0725078135728836,
                    1.0279475048946551e-7,
                    -4.328135072562134e-15,
                    1.0000001192092896,
                    0.06638256460428238,
                    0.0,
                    0.0,
                    0.0,
                    1.0
                ],
                "ParentIndex": 48,
                "Children": []
            },
            {
                "Name": "jnt_clavicle_L",
                "Transform": [
                    -7.152557373046875e-7,
                    1.0,
                    -7.152558509915252e-7,
                    0.09170399606227875,
                    0.0029739439487457275,
                    7.152557373046875e-7,
                    0.9999956488609314,
                    0.07728642225265503,
                    0.9999955296516418,
                    7.152557373046875e-7,
                    -0.002973914612084627,
                    0.043552275747060776,
                    0.0,
                    0.0,
                    0.0,
                    1.0
                ],
                "ParentIndex": 75,
                "Children": [
                    46,
                    47
                ]
            },
            {
                "Name": "jnt_Index_R_02",
                "Transform": [
                    1.0000001192092896,
                    9.19681131250627e-9,
                    -6.963091436773539e-8,
                    -0.010028020478785038,
                    -9.196816641576788e-9,
                    1.0000001192092896,
                    -6.947084330022335e-8,
                    0.030946003273129463,
                    6.963092147316274e-8,
