{
    "Model": {
        "UID": 1409894147510307,
        "Scenes": [
            {
                "rootNode": 93
            }
        ],
        "Nodes": [
            {
                "Name": "ctrl_bum_L",
                "Transform": [
                    1.0,
                    0.0,
                    0.0,
                    -0.06960920989513397,
                    0.0,
                    1.0,
                    0.0,
                    -0.007684499025344849,
                    0.0,
                    0.0,
                    1.0,
                    -0.09955812990665436,
                    0.0,
                    0.0,
                    0.0,
                    1.0
                ],
                "ParentIndex": 46,
                "Children": []
            },
            {
                "Name": "ctrl_bum_R",
                "Transform": [
                    1.0,
                    0.0,
                    0.0,
                    0.06269045174121857,
                    0.0,
                    1.0,
                    0.0,
                    -0.007684499025344849,
                    0.0,
                    0.0,
                    1.0,
                    -0.09955812990665436,
                    0.0,
                    0.0,
                    0.0,
                    1.0
                ],
                "ParentIndex": 46,
                "Children": []
            },
            {
                "Name": "ctrl_cloth_S_L",
                "Transform": [
                    0.9950170516967773,
                    -0.0220622681081295,
                    0.09723346680402756,
                    0.060615960508584976,
                    1.862645149230957e-9,
                    0.9752113819122314,
                    0.22127538919448853,
                    -0.04092252254486084,
                    -0.09970501810312271,
                    -0.22017279267311096,
                    0.9703519344329834,
                    0.09384861588478088,
                    0.0,
                    0.0,
                    0.0,
                    1.0
                ],
                "ParentIndex": 46,
                "Children": []
            },
            {
                "Name": "ctrl_cloth_S_M",
                "Transform": [
                    1.0,
                    0.0,
                    0.0,
                    0.0003926513600163162,
                    0.0,
                    1.0,
                    0.0,
                    -0.05737742781639099,
                    0.0,
                    0.0,
                    1.0,
                    0.10696996748447418,
                    0.0,
                    0.0,
                    0.0,
                    1.0
                ],
                "ParentIndex": 46,
                "Children": []
            },
            {
                "Name": "ctrl_cloth_S_R",
                "Transform": [
                    0.971720278263092,
                    0.14916351437568665,
                    0.18305718898773193,
                    -0.06923443078994751,
                    -0.17662498354911804,
                    0.9736589789390564,
                    0.14419357478618622,
                    -0.044098496437072754,
                    -0.1567268669605255,
                    -0.1724482923746109,
                    0.9724701642990112,
                    0.08346441388130188,
                    0.0,
                    0.0,
                    0.0,
                    1.0
                ],
                "ParentIndex": 46,
                "Children": []
            },
            {
                "Name": "ctl_arm_L_03",
                "Transform": [
                    1.0,
                    0.0,
                    0.0,
                    -0.008928872644901276,
                    0.0,
                    1.0,
                    0.0,
                    0.01923269033432007,
                    0.0,
                    0.0,
                    1.0,
                    0.009637154638767242,
                    0.0,
                    0.0,
                    0.0,
                    1.0
                ],
                "ParentIndex": 6,
                "Children": []
            },
            {
                "Name": "grp_arm_L_03",
                "Transform": [
                    1.0,
                    0.0,
                    0.0,
                    0.1617937535047531,
                    0.0,
                    1.0,
                    0.0,
                    -0.036487605422735214,
                    0.0,
                    0.0,
                    1.0,
                    0.006619997322559357,
                    0.0,
                    0.0,
                    0.0,
                    1.0
                ],
                "ParentIndex": 7,
                "Children": [
                    5
                ]
            },
            {
                "Name": "ctl_arm_L_02",
                "Transform": [
                    0.9913700819015503,
                    -0.0,
                    -0.13109299540519714,
                    -0.011799362488090992,
                    0.0,
                    1.0,
                    -0.0,
                    0.02541569247841835,
                    0.13109299540519714,
                    0.0,
                    0.9913700819015503,
                    0.012735310941934586,
                    0.0,
                    0.0,
                    0.0,
                    1.0
                ],
                "ParentIndex": 8,
                "Children": [
                    6
                ]
            },
            {
                "Name": "grp_arm_L_02",
                "Transform": [
                    0.9709697365760803,
                    0.22960220277309418,
                    -0.0670865848660469,
                    0.1076836884021759,
                    -0.23914013803005219,
                    0.9381563663482666,
                    -0.2503489553928375,
                    -0.04706953465938568,
                    0.005457036197185516,
                    0.25912436842918396,
                    0.965828537940979,
                    -0.030545804649591446,
                    0.0,
                    0.0,
                    0.0,
                    1.0
                ],
                "ParentIndex": 9,
                "Children": [
                    7
                ]
            },
            {
                "Name": "ctl_arm_L_01",
                "Transform": [
                    0.8379551768302917,
                    0.517357587814331,
                    -0.17370150983333588,
                    0.0,
                    -0.45913299918174744,
                    0.8403666019439697,
                    0.2880641222000122,
                    0.0,
                    0.29500508308410645,
                    -0.1616327315568924,
                    0.941725492477417,
                    0.0,
                    0.0,
                    0.0,
                    0.0,
                    1.0
                ],
                "ParentIndex": 10,
                "Children": [
                    8
                ]
            },
            {
                "Name": "grp_arm_L_01",
                "Transform": [
                    0.72385174036026,
                    0.15232862532138824,
                    0.0,
                    0.025919172912836075,
                    -0.15232864022254944,
                    0.7238516807556152,
                    -0.0,
                    0.007185271475464106,
                    -0.0,
                    0.0,
                    0.73970627784729,
                    -0.018727077171206474,
                    0.0,
                    0.0,
                    0.0,
                    1.0
                ],
                "ParentIndex": 11,
                "Children": [
                    9
                ]
            },
            {
                "Name": "ctrl_clavicle_L",
                "Transform": [
                    1.0,
                    0.0,
                    0.0,
                    0.03764119744300842,
                    0.0,
                    1.0,
                    0.0,
                    0.02978879027068615,
                    0.0,
                    0.0,
                    1.0,
                    -0.00835159420967102,
                    0.0,
                    0.0,
                    0.0,
                    1.0
                ],
                "ParentIndex": 42,
                "Children": [
                    10
                ]
            },
            {
                "Name": "ctl_arm_R_03",
                "Transform": [
                    1.0,
                    0.0,
                    0.0,
                    -0.008928824216127396,
                    0.0,
                    1.0,
                    0.0,
                    0.019232651218771935,
                    0.0,
                    0.0,
                    1.0,
                    0.009637179784476757,
                    0.0,
                    0.0,
                    0.0,
                    1.0
                ],
                "ParentIndex": 13,
                "Children": []
            },
            {
                "Name": "grp_arm_R_03",
                "Transform": [
                    1.0,
                    0.0,
                    0.0,
                    0.16179388761520386,
                    0.0,
                    1.0,
                    0.0,
                    -0.03648769110441208,
                    0.0,
                    0.0,
                    1.0,
                    0.006620022933930159,
                    0.0,
                    0.0,
                    0.0,
                    1.0
                ],
                "ParentIndex": 14,
                "Children": [
                    12
                ]
            },
            {
                "Name": "ctl_arm_R_02",
                "Transform": [
                    0.9364983439445496,
                    -0.0,
                    -0.35067206621170044,
                    -0.011799401603639126,
                    0.0,
                    1.0,
                    -0.0,
                    0.025415685027837753,
                    0.35067206621170044,
                    0.0,
                    0.9364983439445496,
                    0.01273534819483757,
                    0.0,
                    0.0,
                    0.0,
                    1.0
                ],
                "ParentIndex": 15,
                "Children": [
                    13
                ]
            },
            {
                "Name": "grp_arm_R_02",
                "Transform": [
                    0.9709697365760803,
                    0.22960220277309418,
                    -0.0670866072177887,
                    0.11639638990163803,
                    -0.23914013803005219,
                    0.9381563663482666,
                    -0.2503489553928375,
                    -0.03665294870734215,
                    0.005457054823637009,
                    0.25912436842918396,
                    0.965828537940979,
                    -0.015372304245829582,
                    0.0,
                    0.0,
                    0.0,
                    1.0
                ],
                "ParentIndex": 16,
                "Children": [
                    14
                ]
            },
            {
                "Name": "ctl_arm_R_01",
                "Transform": [
                    0.8411473631858826,
                    0.420835942029953,
                    0.3396589756011963,
                    0.0,
                    -0.5396531224250793,
                    0.6941429376602173,
                    0.476382315158844,
                    0.0,
                    -0.0352930873632431,
                    -0.5840057730674744,
                    0.8109819293022156,
                    0.0,
                    0.0,
                    0.0,
                    0.0,
                    1.0
                ],
                "ParentIndex": 17,
                "Children": [
                    15
                ]
            },
            {
                "Name": "grp_arm_R_01",
                "Transform": [
                    -0.7238519191741943,
                    -0.15232864022254944,
                    4.8466512053702004e-11,
                    -0.02564188465476036,
                    -0.15232868492603302,
                    0.7238520383834839,
                    -4.656613428188905e-10,
                    0.0009720954694785178,
                    -4.8466512053702004e-11,
                    4.656612040410124e-10,
                    0.739706814289093,
                    -0.029951030388474464,
                    -0.0,
                    -0.0,
                    -0.0,
                    1.0
                ],
                "ParentIndex": 18,
                "Children": [
                    16
                ]
            },
            {
                "Name": "ctrl_clavicle_R",
                "Transform": [
                    1.0,
                    0.0,
                    0.0,
                    -0.037641219794750214,
                    0.0,
                    1.0,
                    0.0,
                    0.02978905849158764,
                    0.0,
                    0.0,
                    1.0,
                    -0.00835158210247755,
                    0.0,
                    0.0,
                    0.0,
                    1.0
                ],
                "ParentIndex": 42,
                "Children": [
                    17
                ]
            },
            {
                "Name": "ctrl_cloth_Back",
                "Transform": [
                    -0.9949837923049927,
                    0.014059195294976234,
                    -0.0990433469414711,
                    -0.0033761286176741123,
                    2.3283064365386963e-9,
                    0.990074872970581,
                    0.14054103195667267,
                    0.04621591046452522,
                    0.10003622621297836,
                    0.13983605802059174,
                    -0.985108494758606,
                    -0.0711032897233963,
                    0.0,
                    0.0,
                    0.0,
                    1.0
                ],
                "ParentIndex": 42,
                "Children": []
            },
            {
                "Name": "ctrl_cloth_Top_L",
                "Transform": [
                    1.0,
                    0.0,
                    0.0,
                    0.00021301442757248878,
                    0.0,
                    1.0,
                    0.0,
                    0.050098974257707596,
                    0.0,
                    0.0,
                    1.0,
                    0.0436348095536232,
                    0.0,
                    0.0,
                    0.0,
                    1.0
                ],
                "ParentIndex": 42,
                "Children": []
            },
            {
                "Name": "ctrl_cloth_Top_M",
                "Transform": [
                    1.0,
                    0.0,
                    0.0,
                    0.049394916743040085,
                    0.0,
                    1.0,
                    0.0,
                    0.0437915176153183,
                    0.0,
                    0.0,
                    1.0,
                    0.024794062599539757,
                    0.0,
                    0.0,
                    0.0,
                    1.0
                ],
                "ParentIndex": 42,
                "Children": []
            },
            {
                "Name": "ctrl_cloth_Top_R",
                "Transform": [
                    1.0,
                    0.0,
                    0.0,
                    -0.04622175917029381,
                    0.0,
                    1.0,
                    0.0,
                    0.04215651750564575,
                    0.0,
                    0.0,
                    1.0,
                    0.03684867173433304,
                    0.0,
                    0.0,
                    0.0,
                    1.0
                ],
                "ParentIndex": 42,
                "Children": []
            },
            {
                "Name": "ctrl_leaf_a2.001",
                "Transform": [
                    1.0,
                    0.0,
                    0.0,
                    0.0002857539802789688,
                    0.0,
                    1.0,
                    0.0,
                    -0.004254047758877277,
                    0.0,
                    0.0,
                    1.0,
                    -0.0003828131884802133,
                    0.0,
                    0.0,
                    0.0,
                    1.0
                ],
                "ParentIndex": 24,
                "Children": []
            },
            {
                "Name": "ctrl_leaf_a2",
                "Transform": [
                    0.9981635808944702,
                    0.04841461777687073,
                    0.036406755447387695,
                    0.010606251657009125,
                    -0.011154904961585999,
                    0.7376415729522705,
                    -0.6751003861427307,
                    -0.026945244520902634,
                    -0.05953986197710037,
                    0.6734544634819031,
                    0.73682701587677,
                    0.0499856099486351,
                    0.0,
                    0.0,
                    0.0,
                    1.0
                ],
                "ParentIndex": 25,
                "Children": [
                    23
                ]
            },
            {
                "Name": "ctrl_leaf_a1.001",
                "Transform": [
                    1.0,
                    -0.0,
                    0.0,
                    0.0,
                    0.0,
                    0.724197506904602,
                    0.6895925998687744,
                    0.0,
                    -0.0,
                    -0.6895925998687744,
                    0.724197506904602,
                    0.0,
                    0.0,
                    0.0,
                    0.0,
                    1.0
                ],
                "ParentIndex": 26,
                "Children": [
                    24
                ]
            },
            {
                "Name": "ctrl_leaf_a1",
                "Transform": [
                    -2.050922155380249,
                    -0.1459183394908905,
                    0.09059522300958633,
                    -0.015002835541963577,
                    -0.16885779798030853,
                    1.514483094215393,
                    -1.38333261013031,
                    1.6071081161499023,
                    0.0314117930829525,
                    -1.3859401941299438,
                    -1.5211721658706665,
                    -0.07698555290699005,
                    0.0,
                    0.0,
                    0.0,
                    1.0
                ],
                "ParentIndex": 40,
                "Children": [
                    25
                ]
            },
            {
                "Name": "ctrl_leaf_a2.003",
                "Transform": [
                    1.0,
                    0.0,
                    0.0,
                    0.0,
                    0.0,
                    1.0,
                    0.0,
                    0.0,
                    0.0,
                    0.0,
                    1.0,
                    0.0,
                    0.0,
                    0.0,
                    0.0,
                    1.0
                ],
                "ParentIndex": 28,
                "Children": []
            },
            {
                "Name": "ctrl_leaf_a2.002",
                "Transform": [
                    0.9802311062812805,
                    0.023498833179473877,
                    -0.19645555317401886,
                    0.007084831595420837,
                    -0.09167350083589554,
                    0.9338523149490356,
                    -0.3457106947898865,
                    -0.0016545908292755485,
                    0.17533667385578156,
                    0.3568861484527588,
                    0.9175452589988708,
                    0.03567443788051605,
                    0.0,
                    0.0,
                    0.0,
                    1.0
                ],
                "ParentIndex": 29,
                "Children": [
                    27
                ]
            },
            {
                "Name": "ctrl_leaf_a1.002",
                "Transform": [
                    1.0,
                    -0.0,
                    0.0,
                    0.0,
                    0.0,
                    0.9921008944511414,
                    0.12544238567352295,
                    0.0,
                    -0.0,
                    -0.12544238567352295,
                    0.9921008944511414,
                    0.0,
                    0.0,
                    0.0,
                    0.0,
                    1.0
                ],
                "ParentIndex": 30,
                "Children": [
                    28
                ]
            },
            {
                "Name": "ctrl_leaf_a3",
                "Transform": [
                    0.13866761326789856,
                    0.22315828502178192,
                    -1.7032241821289063,
                    -0.06068030372262001,
                    -0.2751414477825165,
                    1.6895878314971924,
                    0.19897112250328064,
                    1.6653498411178589,
                    1.6956027746200562,
                    0.2559153735637665,
                    0.17157751321792603,
                    0.007486794143915176,
                    0.0,
                    0.0,
                    0.0,
                    1.0
                ],
                "ParentIndex": 40,
                "Children": [
                    29
                ]
            },
            {
                "Name": "ctrl_leaf_a2.005",
                "Transform": [
                    1.0,
                    0.0,
                    0.0,
                    0.0,
                    0.0,
                    1.0,
                    0.0,
                    0.0,
                    0.0,
                    0.0,
                    1.0,
                    0.0,
                    0.0,
                    0.0,
                    0.0,
                    1.0
                ],
                "ParentIndex": 32,
                "Children": []
            },
            {
                "Name": "ctrl_leaf_a2.004",
                "Transform": [
                    0.9802311062812805,
                    0.023498855531215668,
                    -0.19645555317401886,
                    0.0050282664597034454,
                    -0.09167352318763733,
                    0.9338523149490356,
                    -0.3457106947898865,
                    -0.013989659957587719,
                    0.17533667385578156,
                    0.3568861484527588,
                    0.9175452589988708,
                    0.0449516624212265,
                    0.0,
                    0.0,
                    0.0,
                    1.0
                ],
                "ParentIndex": 33,
                "Children": [
                    31
                ]
            },
            {
                "Name": "ctrl_leaf_a1.003",
                "Transform": [
                    1.0,
                    -0.0,
                    0.0,
                    0.0,
                    0.0,
                    0.9576220512390137,
                    0.28802788257598877,
                    0.0,
                    -0.0,
                    -0.28802788257598877,
                    0.9576220512390137,
                    0.0,
                    0.0,
                    0.0,
                    0.0,
                    1.0
                ],
                "ParentIndex": 34,
                "Children": [
                    32
                ]
            },
            {
                "Name": "ctrl_leaf_a4",
                "Transform": [
                    -0.46441420912742615,
                    0.10128430277109146,
                    1.6565210819244385,
                    0.06779102236032486,
                    0.22817735373973846,
                    1.7077175378799438,
                    -0.04044397547841072,
                    1.6439359188079834,
                    -1.643854022026062,
                    0.20842769742012024,
                    -0.473606675863266,
                    -0.05979829654097557,
                    0.0,
                    0.0,
                    0.0,
                    1.0
                ],
                "ParentIndex": 40,
                "Children": [
                    33
                ]
            },
            {
                "Name": "ctrl_mouth_bottom",
                "Transform": [
                    1.0,
                    -0.0,
                    0.0,
                    0.006412791553884745,
                    0.0,
                    0.9920399785041809,
                    0.1259235143661499,
                    1.3450945615768433,
                    -0.0,
                    -0.1259235143661499,
                    0.9920399785041809,
                    -0.02178013324737549,
                    0.0,
                    0.0,
                    0.0,
                    1.0
                ],
                "ParentIndex": 40,
                "Children": []
            },
            {
                "Name": "ctrl_mouth_top",
                "Transform": [
                    1.0,
                    0.0,
                    0.0,
                    0.006412791553884745,
                    0.0,
                    0.9984734058380127,
                    -0.055234041064977646,
                    1.3486921787261963,
                    0.0,
                    0.055234041064977646,
                    0.9984734058380127,
                    0.004256204701960087,
                    0.0,
                    0.0,
                    0.0,
                    1.0
                ],
                "ParentIndex": 40,
                "Children": []
            },
            {
                "Name": "ctrl_flower",
                "Transform": [
                    0.8346179127693176,
                    -0.3656219244003296,
                    0.4119872748851776,
                    -0.005600099451839924,
                    0.2819903492927551,
                    0.9261063933372498,
                    0.25061604380607605,
                    -0.001002550940029323,
                    -0.4731747806072235,
                    -0.09299221634864807,
                    0.8760468363761902,
                    -0.0008949752082116902,
                    0.0,
                    0.0,
                    0.0,
                    1.0
                ],
                "ParentIndex": 38,
                "Children": []
            },
            {
                "Name": "flower",
                "Transform": [
                    11.647350311279297,
                    -13.610549926757813,
                    -2.099459409713745,
                    0.06260658800601959,
                    13.29873275756836,
                    11.830309867858887,
                    -2.9159998893737793,
                    1.7733118534088135,
                    3.577501058578491,
                    0.33507147431373596,
                    17.67497444152832,
                    0.00942743755877018,
                    0.0,
                    0.0,
                    0.0,
                    1.0
                ],
                "ParentIndex": 40,
                "Children": [
                    37
                ]
            },
            {
                "Name": "pasted__ctrl_eye",
                "Transform": [
                    1.0,
                    0.0,
                    0.0,
                    0.00167902372777462,
                    0.0,
                    1.0,
                    0.0,
                    1.4392247200012207,
                    0.0,
                    0.0,
                    1.0,
                    0.2689928412437439,
                    0.0,
                    0.0,
                    0.0,
                    1.0
                ],
                "ParentIndex": 40,
                "Children": []
            },
            {
                "Name": "group1",
                "Transform": [
                    0.7642520666122437,
                    0.0,
                    0.0,
                    0.0,
                    0.0,
                    0.7642520070075989,
                    0.0,
                    -1.0247365236282349,
                    0.0,
                    0.0,
                    0.7642520070075989,
                    0.012094233185052872,
                    0.0,
                    0.0,
                    0.0,
                    1.0
                ],
                "ParentIndex": 41,
                "Children": [
                    26,
                    30,
                    34,
                    35,
                    36,
                    38,
                    39
                ]
            },
            {
                "Name": "ctrl_Head",
                "Transform": [
                    1.0,
                    0.0,
                    0.0,
                    -0.0034149845596402884,
                    0.0,
                    1.0,
                    0.0,
                    0.11899871379137039,
                    0.0,
                    0.0,
                    1.0,
                    -0.07578258961439133,
                    0.0,
                    0.0,
                    0.0,
                    1.0
                ],
                "ParentIndex": 42,
                "Children": [
                    40
                ]
            },
            {
                "Name": "ctrl_spine_03",
                "Transform": [
                    1.0,
                    0.0,
                    0.0,
                    -0.0011724960058927536,
                    0.0,
                    0.998266339302063,
                    -0.058858901262283325,
                    0.07082535326480865,
                    0.0,
                    0.058858901262283325,
                    0.998266339302063,
                    0.0,
                    0.0,
                    0.0,
                    0.0,
                    1.0
                ],
                "ParentIndex": 43,
                "Children": [
                    11,
                    18,
                    19,
                    20,
                    21,
                    22,
                    41
                ]
            },
            {
                "Name": "ctrl_spine_02",
                "Transform": [
                    1.0,
                    0.0,
                    0.0,
                    0.00016280030831694603,
                    0.0,
                    0.9997418522834778,
                    -0.022721031680703163,
                    0.08434651792049408,
                    0.0,
                    0.022721031680703163,
                    0.9997418522834778,
                    -0.014908470213413239,
                    0.0,
                    0.0,
                    0.0,
                    1.0
                ],
                "ParentIndex": 44,
                "Children": [
                    42
                ]
            },
            {
                "Name": "ctrl_spine_01",
                "Transform": [
                    1.0,
                    -0.0,
                    0.0,
                    0.004425188526511192,
                    0.0,
                    0.9956987500190735,
                    0.0926501676440239,
                    0.049233049154281616,
                    -0.0,
                    -0.0926501676440239,
                    0.9956987500190735,
                    -0.01396656408905983,
                    0.0,
                    0.0,
                    0.0,
                    1.0
                ],
                "ParentIndex": 46,
                "Children": [
                    43
                ]
            },
            {
                "Name": "pasted__ctrl_knife",
                "Transform": [
                    1.0,
                    0.0,
                    0.0,
                    0.005098345689475536,
                    0.0,
                    1.0,
                    0.0,
                    0.007895946502685547,
                    0.0,
                    0.0,
                    1.0,
                    0.19764655828475952,
                    0.0,
                    0.0,
                    0.0,
                    1.0
                ],
                "ParentIndex": 46,
                "Children": []
            },
            {
                "Name": "ctrl_hip",
                "Transform": [
                    1.0,
                    0.0,
                    0.0,
                    0.0,
                    0.0,
                    1.0,
                    0.0,
                    0.31643781065940857,
                    0.0,
                    0.0,
                    1.0,
                    0.07030189037322998,
                    0.0,
                    0.0,
                    0.0,
                    1.0
                ],
                "ParentIndex": 47,
                "Children": [
                    0,
                    1,
                    2,
                    3,
                    4,
                    44,
                    45
                ]
            },
            {
                "Name": "grp_hip",
                "Transform": [
                    1.2660000324249268,
                    0.0,
                    0.0,
                    0.0,
                    0.0,
                    1.2660000324249268,
                    0.0,
                    -0.07026679068803787,
                    0.0,
                    0.0,
                    1.2660000324249268,
                    0.0,
                    0.0,
                    0.0,
                    0.0,
                    1.0
                ],
                "ParentIndex": 48,
                "Children": [
                    46
                ]
            },
            {
                "Name": "ctrl_root",
                "Transform": [
                    1.0,
                    0.0,
                    0.0,
                    -1.9626988172531128,
                    0.0,
                    1.0,
                    0.0,
                    0.0,
                    0.0,
                    0.0,
                    1.0,
                    0.0,
                    0.0,
                    0.0,
                    0.0,
                    1.0
                ],
                "ParentIndex": 49,
                "Children": [
                    47
                ]
            },
            {
                "Name": "cw",
                "Transform": [
                    1.0,
                    0.0,
                    0.0,
                    -0.2985219955444336,
                    0.0,
                    1.0,
                    0.0,
                    -1.6063811779022217,
                    0.0,
                    0.0,
                    1.0,
                    0.3739016354084015,
                    0.0,
                    0.0,
                    0.0,
                    1.0
                ],
                "ParentIndex": 50,
                "Children": [
                    48
                ]
            },
            {
                "Name": "control",
                "Transform": [
                    1.0,
                    0.0,
                    0.0,
                    2.26072359085083,
                    0.0,
                    1.0,
                    0.0,
                    1.6063811779022217,
                    0.0,
                    0.0,
                    1.0,
                    -0.3739016354084015,
                    0.0,
                    0.0,
                    0.0,
                    1.0
                ],
                "ParentIndex": 93,
                "Children": [
                    49
                ]
            },
            {
                "Name": "Belly",
                "Transform": [
                    -0.032241228967905045,
                    0.9994802474975586,
                    -8.940696716308594e-8,
                    0.055727824568748474,
                    2.980232594040899e-8,
                    5.960465188081798e-8,
                    1.0,
                    0.18738697469234467,
                    0.9994802474975586,
                    0.03224119916558266,
                    0.0,
                    0.002049986505880952,
                    0.0,
                    0.0,
                    0.0,
                    1.0
                ],
                "ParentIndex": 90,
                "Children": []
            },
            {
                "Name": "But_L",
                "Transform": [
                    -0.032241228967905045,
                    0.999480128288269,
                    1.7881393432617188e-7,
                    0.021673409268260002,
                    5.960465188081798e-8,
                    -2.384185791015625e-7,
                    1.0,
                    -0.10813248157501221,
                    0.9994802474975586,
                    0.03224116563796997,
                    -1.1920928955078125e-7,
                    0.06095929816365242,
                    0.0,
                    0.0,
                    0.0,
                    1.0
                ],
                "ParentIndex": 90,
                "Children": []
            },
            {
                "Name": "But_R",
                "Transform": [
                    -0.03224111348390579,
                    0.999480128288269,
                    5.960465188081798e-8,
                    0.02013174444437027,
                    5.960465898624534e-8,
                    0.0,
                    1.0,
                    -0.1086605042219162,
                    0.9994802474975586,
                    0.03224116936326027,
                    0.0,
                    -0.05037666857242584,
                    0.0,
                    0.0,
                    0.0,
                    1.0
                ],
                "ParentIndex": 90,
                "Children": []
            },
            {
                "Name": "Cloth1",
                "Transform": [
                    0.06263334304094315,
                    0.9980367422103882,
                    -1.4901161193847656e-7,
                    -0.051024943590164185,
                    -8.940698137394065e-8,
                    0.0,
                    1.0000001192092896,
                    0.17202459275722504,
                    0.9980368614196777,
                    -0.06263348460197449,
                    0.0,
                    -0.007631170563399792,
                    0.0,
                    0.0,
                    0.0,
                    1.0
                ],
                "ParentIndex": 90,
                "Children": []
            },
            {
                "Name": "Foot_L",
                "Transform": [
                    1.0,
                    2.062442945316434e-7,
