{
    "Model": {
        "UID": 1409894147510307,
        "Scenes": [
            {
                "rootNode": 93
            }
        ],
        "Nodes": [
            {
                "Name": "ctrl_bum_L",
                "Transform": [
                    1.0,
                    0.0,
                    0.0,
                    -0.06960920989513397,
                    0.0,
                    1.0,
                    0.0,
                    -0.0076844096183776855,
                    0.0,
                    0.0,
                    1.0,
                    -0.09955812990665436,
                    0.0,
                    0.0,
                    0.0,
                    1.0
                ],
                "ParentIndex": 46,
                "Children": []
            },
            {
                "Name": "ctrl_bum_R",
                "Transform": [
                    1.0,
                    0.0,
                    0.0,
                    0.06269045174121857,
                    0.0,
                    1.0,
                    0.0,
                    -0.0076844096183776855,
                    0.0,
                    0.0,
                    1.0,
                    -0.09955812990665436,
                    0.0,
                    0.0,
                    0.0,
                    1.0
                ],
                "ParentIndex": 46,
                "Children": []
            },
            {
                "Name": "ctrl_cloth_S_L",
                "Transform": [
                    1.0,
                    0.0,
                    0.0,
                    0.060615960508584976,
                    0.0,
                    1.0,
                    0.0,
                    -0.040922462940216064,
                    0.0,
                    0.0,
                    1.0,
                    0.09384861588478088,
                    0.0,
                    0.0,
                    0.0,
                    1.0
                ],
                "ParentIndex": 46,
                "Children": []
            },
            {
                "Name": "ctrl_cloth_S_M",
                "Transform": [
                    1.0,
                    0.0,
                    0.0,
                    0.0003926513600163162,
                    0.0,
                    1.0,
                    0.0,
                    -0.05737733840942383,
                    0.0,
                    0.0,
                    1.0,
                    0.10696996748447418,
                    0.0,
                    0.0,
                    0.0,
                    1.0
                ],
                "ParentIndex": 46,
                "Children": []
            },
            {
                "Name": "ctrl_cloth_S_R",
                "Transform": [
                    1.0,
                    0.0,
                    0.0,
                    -0.06923443078994751,
                    0.0,
                    1.0,
                    0.0,
                    -0.04409843683242798,
                    0.0,
                    0.0,
                    1.0,
                    0.08346441388130188,
                    0.0,
                    0.0,
                    0.0,
                    1.0
                ],
                "ParentIndex": 46,
                "Children": []
            },
            {
                "Name": "ctl_arm_L_03",
                "Transform": [
                    1.0,
                    0.0,
                    0.0,
                    -0.008928905241191387,
                    0.0,
                    1.0,
                    0.0,
                    0.01923265866935253,
                    0.0,
                    0.0,
                    1.0,
                    0.009637165814638138,
                    0.0,
                    0.0,
                    0.0,
                    1.0
                ],
                "ParentIndex": 6,
                "Children": []
            },
            {
                "Name": "grp_arm_L_03",
                "Transform": [
                    1.0,
                    0.0,
                    0.0,
                    0.1617937535047531,
                    0.0,
                    1.0,
                    0.0,
                    -0.0364876352250576,
                    0.0,
                    0.0,
                    1.0,
                    0.006620008032768965,
                    0.0,
                    0.0,
                    0.0,
                    1.0
                ],
                "ParentIndex": 7,
                "Children": [
                    5
                ]
            },
            {
                "Name": "ctl_arm_L_02",
                "Transform": [
                    0.9896246194839478,
                    0.0,
                    0.14367718994617462,
                    -0.011799351312220097,
                    0.0,
                    1.0,
                    0.0,
                    0.025415755808353424,
                    -0.14367718994617462,
                    0.0,
                    0.9896246194839478,
                    0.012735309079289436,
                    0.0,
                    0.0,
                    0.0,
                    1.0
                ],
                "ParentIndex": 8,
                "Children": [
                    6
                ]
            },
            {
                "Name": "grp_arm_L_02",
                "Transform": [
                    0.9709697365760803,
                    0.22960227727890015,
                    -0.0670866146683693,
                    0.1076836884021759,
                    -0.23914021253585815,
                    0.9381563663482666,
                    -0.2503490447998047,
                    -0.04706953465938568,
                    0.00545702688395977,
                    0.2591244578361511,
                    0.965828537940979,
                    -0.030545806512236595,
                    0.0,
                    0.0,
                    0.0,
                    1.0
                ],
                "ParentIndex": 9,
                "Children": [
                    7
                ]
            },
            {
                "Name": "ctl_arm_L_01",
                "Transform": [
                    1.0,
                    0.0,
                    0.0,
                    0.0,
                    0.0,
                    1.0,
                    0.0,
                    0.0,
                    0.0,
                    0.0,
                    1.0,
                    0.0,
                    0.0,
                    0.0,
                    0.0,
                    1.0
                ],
                "ParentIndex": 10,
                "Children": [
                    8
                ]
            },
            {
                "Name": "grp_arm_L_01",
                "Transform": [
                    0.72385174036026,
                    0.15232864022254944,
                    0.0,
                    0.025919169187545776,
                    -0.15232865512371063,
                    0.7238516807556152,
                    -0.0,
                    0.0071852803230285645,
                    -0.0,
                    0.0,
                    0.73970627784729,
                    -0.018727075308561325,
                    0.0,
                    0.0,
                    0.0,
                    1.0
                ],
                "ParentIndex": 11,
                "Children": [
                    9
                ]
            },
            {
                "Name": "ctrl_clavicle_L",
                "Transform": [
                    1.0,
                    0.0,
                    0.0,
                    0.03764119744300842,
                    0.0,
                    1.0,
                    0.0,
                    0.0297887921333313,
                    0.0,
                    0.0,
                    1.0,
                    -0.008351599797606468,
                    0.0,
                    0.0,
                    0.0,
                    1.0
                ],
                "ParentIndex": 42,
                "Children": [
                    10
                ]
            },
            {
                "Name": "ctl_arm_R_03",
                "Transform": [
                    1.0,
                    0.0,
                    0.0,
                    -0.008928859606385231,
                    0.0,
                    1.0,
                    0.0,
                    0.019232630729675293,
                    0.0,
                    0.0,
                    1.0,
                    0.009637199342250824,
                    0.0,
                    0.0,
                    0.0,
                    1.0
                ],
                "ParentIndex": 13,
                "Children": []
            },
            {
                "Name": "grp_arm_R_03",
                "Transform": [
                    1.0,
                    0.0,
                    0.0,
                    0.16179390251636505,
                    0.0,
                    1.0,
                    0.0,
                    -0.03648771345615387,
                    0.0,
                    0.0,
                    1.0,
                    0.006620023399591446,
                    0.0,
                    0.0,
                    0.0,
                    1.0
                ],
                "ParentIndex": 14,
                "Children": [
                    12
                ]
            },
            {
                "Name": "ctl_arm_R_02",
                "Transform": [
                    1.0,
                    0.0,
                    0.0,
                    -0.011799393221735954,
                    0.0,
                    1.0,
                    0.0,
                    0.025415681302547455,
                    0.0,
                    0.0,
                    1.0,
                    0.01273536030203104,
                    0.0,
                    0.0,
                    0.0,
                    1.0
                ],
                "ParentIndex": 15,
                "Children": [
                    13
                ]
            },
            {
                "Name": "grp_arm_R_02",
                "Transform": [
                    0.9709697365760803,
                    0.22960229218006134,
                    -0.06708663702011108,
                    0.11639640480279922,
                    -0.23914022743701935,
                    0.9381563663482666,
                    -0.2503490149974823,
                    -0.03665291517972946,
                    0.005457054823637009,
                    0.25912442803382874,
                    0.965828537940979,
                    -0.01537228561937809,
                    0.0,
                    0.0,
                    0.0,
                    1.0
                ],
                "ParentIndex": 16,
                "Children": [
                    14
                ]
            },
            {
                "Name": "ctl_arm_R_01",
                "Transform": [
                    1.0,
                    -0.0,
                    0.0,
                    0.0,
                    0.0,
                    0.7801450490951538,
                    0.6255987286567688,
                    0.0,
                    -0.0,
                    -0.6255987286567688,
                    0.7801450490951538,
                    0.0,
                    0.0,
                    0.0,
                    0.0,
                    1.0
                ],
                "ParentIndex": 17,
                "Children": [
                    15
                ]
            },
            {
                "Name": "grp_arm_R_01",
                "Transform": [
                    -0.7238518595695496,
                    -0.15232861042022705,
                    4.8466512053702004e-11,
                    -0.025641880929470062,
                    -0.15232865512371063,
                    0.7238516807556152,
                    -4.656613428188905e-10,
                    0.0009721219539642334,
                    -4.846650858425505e-11,
                    4.656612040410124e-10,
                    0.7397064566612244,
                    -0.029951032251119614,
                    -0.0,
                    -0.0,
                    -0.0,
                    1.0
                ],
                "ParentIndex": 18,
                "Children": [
                    16
                ]
            },
            {
                "Name": "ctrl_clavicle_R",
                "Transform": [
                    1.0,
                    0.0,
                    0.0,
                    -0.037641216069459915,
                    0.0,
                    1.0,
                    0.0,
                    0.029789060354232788,
                    0.0,
                    0.0,
                    1.0,
                    -0.008351584896445274,
                    0.0,
                    0.0,
                    0.0,
                    1.0
                ],
                "ParentIndex": 42,
                "Children": [
                    17
                ]
            },
            {
                "Name": "ctrl_cloth_Back",
                "Transform": [
                    -0.9949837923049927,
                    0.014059193432331085,
                    -0.0990433394908905,
                    -0.003376128152012825,
                    5.122274160385132e-9,
                    0.990074872970581,
                    0.14054100215435028,
                    0.04621592164039612,
                    0.10003621876239777,
                    0.13983602821826935,
                    -0.985108494758606,
                    -0.0711032897233963,
                    0.0,
                    0.0,
                    0.0,
                    1.0
                ],
                "ParentIndex": 42,
                "Children": []
            },
            {
                "Name": "ctrl_cloth_Top_L",
                "Transform": [
                    1.0,
                    0.0,
                    0.0,
                    0.00021301419474184513,
                    0.0,
                    1.0,
                    0.0,
                    0.05009898543357849,
                    0.0,
                    0.0,
                    1.0,
                    0.0436348021030426,
                    0.0,
                    0.0,
                    0.0,
                    1.0
                ],
                "ParentIndex": 42,
                "Children": []
            },
            {
                "Name": "ctrl_cloth_Top_M",
                "Transform": [
                    1.0,
                    0.0,
                    0.0,
                    0.049394913017749786,
                    0.0,
                    1.0,
                    0.0,
                    0.04379153251647949,
                    0.0,
                    0.0,
                    1.0,
                    0.02479405514895916,
                    0.0,
                    0.0,
                    0.0,
                    1.0
                ],
                "ParentIndex": 42,
                "Children": []
            },
            {
                "Name": "ctrl_cloth_Top_R",
                "Transform": [
                    1.0,
                    0.0,
                    0.0,
                    -0.04622175544500351,
                    0.0,
                    1.0,
                    0.0,
                    0.04215651750564575,
                    0.0,
                    0.0,
                    1.0,
                    0.03684866055846214,
                    0.0,
                    0.0,
                    0.0,
                    1.0
                ],
                "ParentIndex": 42,
                "Children": []
            },
            {
                "Name": "ctrl_leaf_a2.001",
                "Transform": [
                    1.0,
                    0.0,
                    0.0,
                    0.00028575374744832516,
                    0.0,
                    1.0,
                    0.0,
                    -0.004254045430570841,
                    0.0,
                    0.0,
                    1.0,
                    -0.00038282081368379295,
                    0.0,
                    0.0,
                    0.0,
                    1.0
                ],
                "ParentIndex": 24,
                "Children": []
            },
            {
                "Name": "ctrl_leaf_a2",
                "Transform": [
                    0.9981635808944702,
                    0.04841461032629013,
                    0.036406755447387695,
                    0.010606248863041401,
                    -0.0111549012362957,
                    0.7376415729522705,
                    -0.6751003861427307,
                    -0.026945246383547783,
                    -0.059539854526519775,
                    0.6734544634819031,
                    0.73682701587677,
                    0.0499856099486351,
                    0.0,
                    0.0,
                    0.0,
                    1.0
                ],
                "ParentIndex": 25,
                "Children": [
                    23
                ]
            },
            {
                "Name": "ctrl_leaf_a1.001",
                "Transform": [
                    1.0,
                    -0.0,
                    0.0,
                    0.0,
                    0.0,
                    0.8491671085357666,
                    0.528124213218689,
                    0.0,
                    -0.0,
                    -0.528124213218689,
                    0.8491671085357666,
                    0.0,
                    0.0,
                    0.0,
                    0.0,
                    1.0
                ],
                "ParentIndex": 26,
                "Children": [
                    24
                ]
            },
            {
                "Name": "ctrl_leaf_a1",
                "Transform": [
                    -2.0509228706359863,
                    -0.14591838419437408,
                    0.09059522300958633,
                    -0.015002834610641003,
                    -0.16885784268379211,
                    1.5144832134246826,
                    -1.3833327293395996,
                    1.6071079969406128,
                    0.03141180798411369,
                    -1.3859403133392334,
                    -1.5211728811264038,
                    -0.07698555290699005,
                    0.0,
                    0.0,
                    0.0,
                    1.0
                ],
                "ParentIndex": 40,
                "Children": [
                    25
                ]
            },
            {
                "Name": "ctrl_leaf_a2.003",
                "Transform": [
                    1.0,
                    0.0,
                    0.0,
                    0.0,
                    0.0,
                    1.0,
                    0.0,
                    0.0,
                    0.0,
                    0.0,
                    1.0,
                    0.0,
                    0.0,
                    0.0,
                    0.0,
                    1.0
                ],
                "ParentIndex": 28,
                "Children": []
            },
            {
                "Name": "ctrl_leaf_a2.002",
                "Transform": [
                    0.9802311062812805,
                    0.023498818278312683,
                    -0.19645556807518005,
                    0.007084832061082125,
                    -0.09167350828647614,
                    0.9338522553443909,
                    -0.34571075439453125,
                    -0.001654597232118249,
                    0.17533668875694275,
                    0.35688620805740356,
                    0.9175452589988708,
                    0.035674430429935455,
                    0.0,
                    0.0,
                    0.0,
                    1.0
                ],
                "ParentIndex": 29,
                "Children": [
                    27
                ]
            },
            {
                "Name": "ctrl_leaf_a1.002",
                "Transform": [
                    1.0,
                    0.0,
                    0.0,
                    0.0,
                    0.0,
                    1.0,
                    0.0,
                    0.0,
                    0.0,
                    0.0,
                    1.0,
                    0.0,
                    0.0,
                    0.0,
                    0.0,
                    1.0
                ],
                "ParentIndex": 30,
                "Children": [
                    28
                ]
            },
            {
                "Name": "ctrl_leaf_a3",
                "Transform": [
                    0.13866731524467468,
                    0.2231583148241043,
                    -1.7032240629196167,
                    -0.06068029999732971,
                    -0.27514153718948364,
                    1.6895878314971924,
                    0.1989711970090866,
                    1.6653498411178589,
                    1.6956028938293457,
                    0.25591546297073364,
                    0.17157720029354095,
                    0.007486790884286165,
                    0.0,
                    0.0,
                    0.0,
                    1.0
                ],
                "ParentIndex": 40,
                "Children": [
                    29
                ]
            },
            {
                "Name": "ctrl_leaf_a2.005",
                "Transform": [
                    1.0,
                    0.0,
                    0.0,
                    0.0,
                    0.0,
                    1.0,
                    0.0,
                    0.0,
                    0.0,
                    0.0,
                    1.0,
                    0.0,
                    0.0,
                    0.0,
                    0.0,
                    1.0
                ],
                "ParentIndex": 32,
                "Children": []
            },
            {
                "Name": "ctrl_leaf_a2.004",
                "Transform": [
                    0.9802311062812805,
                    0.023498862981796265,
                    -0.19645561277866364,
                    0.005028268322348595,
                    -0.09167356789112091,
                    0.9338522553443909,
                    -0.345710813999176,
                    -0.013989659026265144,
                    0.17533670365810394,
                    0.35688626766204834,
                    0.9175452589988708,
                    0.0449516624212265,
                    0.0,
                    0.0,
                    0.0,
                    1.0
                ],
                "ParentIndex": 33,
                "Children": [
                    31
                ]
            },
            {
                "Name": "ctrl_leaf_a1.003",
                "Transform": [
                    1.0,
                    0.0,
                    0.0,
                    0.0,
                    0.0,
                    1.0,
                    0.0,
                    0.0,
                    0.0,
                    0.0,
                    1.0,
                    0.0,
                    0.0,
                    0.0,
                    0.0,
                    1.0
                ],
                "ParentIndex": 34,
                "Children": [
                    32
                ]
            },
            {
                "Name": "ctrl_leaf_a4",
                "Transform": [
                    -0.4644151031970978,
                    0.10128431767225266,
                    1.656520962715149,
                    0.06779102236032486,
                    0.22817738354206085,
                    1.7077176570892334,
                    -0.04044390097260475,
                    1.6439357995986938,
                    -1.643854022026062,
                    0.20842768251895905,
                    -0.47360751032829285,
                    -0.05979830026626587,
                    0.0,
                    0.0,
                    0.0,
                    1.0
                ],
                "ParentIndex": 40,
                "Children": [
                    33
                ]
            },
            {
                "Name": "ctrl_mouth_bottom",
                "Transform": [
                    1.0,
                    -0.0,
                    0.0,
                    0.006412791088223457,
                    0.0,
                    0.9723036885261536,
                    0.233721062541008,
                    1.3450944423675537,
                    -0.0,
                    -0.233721062541008,
                    0.9723036885261536,
                    -0.021780135110020638,
                    0.0,
                    0.0,
                    0.0,
                    1.0
                ],
                "ParentIndex": 40,
                "Children": []
            },
            {
                "Name": "ctrl_mouth_top",
                "Transform": [
                    1.0,
                    0.0,
                    0.0,
                    0.006412791088223457,
                    0.0,
                    0.9764578938484192,
                    -0.21570809185504913,
                    1.3486921787261963,
                    0.0,
                    0.21570809185504913,
                    0.9764578938484192,
                    0.00425620237365365,
                    0.0,
                    0.0,
                    0.0,
                    1.0
                ],
                "ParentIndex": 40,
                "Children": []
            },
            {
                "Name": "ctrl_flower",
                "Transform": [
                    1.0,
                    0.0,
                    0.0,
                    -0.005600099451839924,
                    0.0,
                    1.0,
                    0.0,
                    -0.0010025505907833576,
                    0.0,
                    0.0,
                    1.0,
                    -0.0008949751500040293,
                    0.0,
                    0.0,
                    0.0,
                    1.0
                ],
                "ParentIndex": 38,
                "Children": []
            },
            {
                "Name": "flower",
                "Transform": [
                    11.647350311279297,
                    -13.610549926757813,
                    -2.0994598865509033,
                    0.06260658800601959,
                    13.29873275756836,
                    11.830309867858887,
                    -2.9160003662109375,
                    1.773311734199524,
                    3.5775015354156494,
                    0.33507147431373596,
                    17.67497444152832,
                    0.009427436627447605,
                    0.0,
                    0.0,
                    0.0,
                    1.0
                ],
                "ParentIndex": 40,
                "Children": [
                    37
                ]
            },
            {
                "Name": "pasted__ctrl_eye",
                "Transform": [
                    1.0,
                    0.0,
                    0.0,
                    0.00167902372777462,
                    0.0,
                    1.0,
                    0.0,
                    1.4392246007919312,
                    0.0,
                    0.0,
                    1.0,
                    0.2689928412437439,
                    0.0,
                    0.0,
                    0.0,
                    1.0
                ],
                "ParentIndex": 40,
                "Children": []
            },
            {
                "Name": "group1",
                "Transform": [
                    0.7642520070075989,
                    0.0,
                    0.0,
                    0.0,
                    0.0,
                    0.7642520070075989,
                    0.0,
                    -1.0247365236282349,
                    0.0,
                    0.0,
                    0.7642520070075989,
                    0.012094235047698021,
                    0.0,
                    0.0,
                    0.0,
                    1.0
                ],
                "ParentIndex": 41,
                "Children": [
                    26,
                    30,
                    34,
                    35,
                    36,
                    38,
                    39
                ]
            },
            {
                "Name": "ctrl_Head",
                "Transform": [
                    1.0,
                    0.0,
                    0.0,
                    -0.0034149843268096447,
                    0.0,
                    1.0,
                    0.0,
                    0.11899872124195099,
                    0.0,
                    0.0,
                    1.0,
                    -0.07578258961439133,
                    0.0,
                    0.0,
                    0.0,
                    1.0
                ],
                "ParentIndex": 42,
                "Children": [
                    40
                ]
            },
            {
                "Name": "ctrl_spine_03",
                "Transform": [
                    1.0,
                    0.0,
                    0.0,
                    -0.001172496471554041,
                    0.0,
                    1.0,
                    0.0,
                    0.07082539796829224,
                    0.0,
                    0.0,
                    1.0,
                    0.0,
                    0.0,
                    0.0,
                    0.0,
                    1.0
                ],
                "ParentIndex": 43,
                "Children": [
                    11,
                    18,
                    19,
                    20,
                    21,
                    22,
                    41
                ]
            },
            {
                "Name": "ctrl_spine_02",
                "Transform": [
                    1.0,
                    0.0,
                    0.0,
                    0.00016280030831694603,
                    0.0,
                    1.0,
                    0.0,
                    0.08434653282165527,
                    0.0,
                    0.0,
                    1.0,
                    -0.014908470213413239,
                    0.0,
                    0.0,
                    0.0,
                    1.0
                ],
                "ParentIndex": 44,
                "Children": [
                    42
                ]
            },
            {
                "Name": "ctrl_spine_01",
                "Transform": [
                    1.0,
                    0.0,
                    0.0,
                    0.004425188526511192,
                    0.0,
                    1.0,
                    0.0,
                    0.058887094259262085,
                    0.0,
                    0.0,
                    1.0,
                    -0.013966567814350128,
                    0.0,
                    0.0,
                    0.0,
                    1.0
                ],
                "ParentIndex": 46,
                "Children": [
                    43
                ]
            },
            {
                "Name": "pasted__ctrl_knife",
                "Transform": [
                    1.0,
                    0.0,
                    0.0,
                    0.005098345689475536,
                    0.0,
                    1.0,
                    0.0,
                    0.007896006107330322,
                    0.0,
                    0.0,
                    1.0,
                    0.18681150674819946,
                    0.0,
                    0.0,
                    0.0,
                    1.0
                ],
                "ParentIndex": 46,
                "Children": []
            },
            {
                "Name": "ctrl_hip",
                "Transform": [
                    1.0,
                    0.0,
                    0.0,
                    0.0,
                    0.0,
                    1.0,
                    0.0,
                    0.33967095613479614,
                    0.0,
                    0.0,
                    1.0,
                    0.07030189037322998,
                    0.0,
                    0.0,
                    0.0,
                    1.0
                ],
                "ParentIndex": 47,
                "Children": [
                    0,
                    1,
                    2,
                    3,
                    4,
                    44,
                    45
                ]
            },
            {
                "Name": "grp_hip",
                "Transform": [
                    1.2660000324249268,
                    0.0,
                    0.0,
                    0.0,
                    0.0,
                    1.2660000324249268,
                    0.0,
                    -0.07026684284210205,
                    0.0,
                    0.0,
                    1.2660000324249268,
                    0.0,
                    0.0,
                    0.0,
                    0.0,
                    1.0
                ],
                "ParentIndex": 48,
                "Children": [
                    46
                ]
            },
            {
                "Name": "ctrl_root",
                "Transform": [
                    1.0,
                    0.0,
                    0.0,
                    -1.9626988172531128,
                    0.0,
                    1.0,
                    0.0,
                    -1.010475993156433,
                    0.0,
                    0.0,
                    1.0,
                    0.0,
                    0.0,
                    0.0,
                    0.0,
                    1.0
                ],
                "ParentIndex": 49,
                "Children": [
                    47
                ]
            },
            {
                "Name": "cw",
                "Transform": [
                    1.0,
                    0.0,
                    0.0,
                    -0.2985219955444336,
                    0.0,
                    1.0,
                    0.0,
                    -1.6063811779022217,
                    0.0,
                    0.0,
                    1.0,
                    0.3739016354084015,
                    0.0,
                    0.0,
                    0.0,
                    1.0
                ],
                "ParentIndex": 50,
                "Children": [
                    48
                ]
            },
            {
                "Name": "control",
                "Transform": [
                    1.0,
                    0.0,
                    0.0,
                    2.26072359085083,
                    0.0,
                    1.0,
                    0.0,
                    1.6063811779022217,
                    0.0,
                    0.0,
                    1.0,
                    -0.3739016354084015,
                    0.0,
                    0.0,
                    0.0,
                    1.0
                ],
                "ParentIndex": 93,
                "Children": [
                    49
                ]
            },
            {
                "Name": "Belly",
                "Transform": [
                    -0.032241348177194595,
                    0.9994802474975586,
                    -2.086162567138672e-7,
                    0.05572788417339325,
                    2.980232594040899e-8,
                    1.1920930376163597e-7,
                    1.0000001192092896,
                    0.18738695979118347,
                    0.9994802474975586,
                    0.03224125877022743,
                    -1.1920928955078125e-7,
                    0.0020499886013567448,
                    0.0,
                    0.0,
                    0.0,
                    1.0
                ],
                "ParentIndex": 90,
                "Children": []
            },
            {
                "Name": "But_L",
                "Transform": [
                    -0.032241351902484894,
                    0.9994803071022034,
                    2.3841860752327193e-7,
                    0.021673407405614853,
                    0.0,
                    -3.576279254957626e-7,
                    1.000000238418579,
                    -0.10813247412443161,
                    0.9994804263114929,
                    0.032241228967905045,
                    -1.1920930376163597e-7,
                    0.060959286987781525,
                    0.0,
                    0.0,
                    0.0,
                    1.0
                ],
                "ParentIndex": 90,
                "Children": []
            },
            {
                "Name": "But_R",
                "Transform": [
                    -0.032241471111774445,
                    0.9994801878929138,
                    -2.3841860752327193e-7,
                    0.02013174630701542,
                    -1.1920931797249068e-7,
                    2.3841860752327193e-7,
                    1.0000001192092896,
                    -0.108660489320755,
                    0.9994803071022034,
                    0.032241467386484146,
                    1.1920930376163597e-7,
                    -0.050376664847135544,
                    0.0,
                    0.0,
                    0.0,
                    1.0
                ],
                "ParentIndex": 90,
                "Children": []
            },
            {
                "Name": "Cloth1",
                "Transform": [
                    0.06263315677642822,
                    0.9980367422103882,
                    1.1920928955078125e-7,
                    -0.05102488398551941,
                    -1.1920928955078125e-7,
                    -2.384185791015625e-7,
                    1.0000001192092896,
                    0.17202457785606384,
                    0.9980367422103882,
                    -0.06263327598571777,
                    0.0,
                    -0.007631177082657814,
                    0.0,
                    0.0,
                    0.0,
                    1.0
                ],
                "ParentIndex": 90,
                "Children": []
            },
            {
                "Name": "Foot_L",
                "Transform": [
                    1.0,
                    5.17218722961843e-7,
                    -1.6207468434004113e-7,
                    0.1422264575958252,
                    -5.17218722961843e-7,
                    1.0,
                    1.3970258283535486e-9,
                    -0.021838543936610222,
                    1.6207468434004113e-7,
                    -1.396941895492887e-9,
                    1.0,
                    0.00010041426867246628,
                    0.0,
                    0.0,
                    0.0,
                    1.0
                ],
                "ParentIndex": 56,
                "Children": []
            },
            {
                "Name": "Knee_L",
                "Transform": [
                    0.999781608581543,
                    -4.14253122471564e-7,
                    0.020897455513477325,
                    0.18263918161392212,
                    -4.141874399010703e-7,
                    -0.9999999403953552,
