{
    "Model": {
        "UID": 1456348520492735,
        "Scenes": [
            {
                "rootNode": 174
            },
            {
                "rootNode": 175
            },
            {
                "rootNode": 176
            }
        ],
        "Nodes": [
            {
                "Name": "CH_SoldierEnemy_Skin_v02:CH_SoldierEnemy_Rig_v03:ctrl_foot_L",
                "Transform": [
                    0.9209585785865784,
                    0.0,
                    0.38966047763824463,
                    0.24711860716342926,
                    -0.0,
                    1.0,
                    0.0,
                    0.07378210127353668,
                    -0.38966047763824463,
                    -0.0,
                    0.9209585785865784,
                    -0.2546735405921936,
                    0.0,
                    0.0,
                    0.0,
                    1.0
                ],
                "ParentIndex": 92,
                "Children": []
            },
            {
                "Name": "CH_SoldierEnemy_Skin_v02:CH_SoldierEnemy_Rig_v03:ctrl_foot_R",
                "Transform": [
                    0.9078586101531982,
                    0.0,
                    0.4192764163017273,
                    -0.3529554605484009,
                    -0.0,
                    1.0,
                    0.0,
                    0.07261130958795547,
                    -0.4192764163017273,
                    -0.0,
                    0.9078586101531982,
                    0.07029508799314499,
                    0.0,
                    0.0,
                    0.0,
                    1.0
                ],
                "ParentIndex": 92,
                "Children": []
            },
            {
                "Name": "CH_SoldierEnemy_Skin_v02:CH_SoldierEnemy_Rig_v03:null1.002",
                "Transform": [
                    1.0,
                    0.0,
                    0.0,
                    0.0,
                    0.0,
                    1.0,
                    0.0,
                    0.0,
                    0.0,
                    0.0,
                    1.0,
                    0.0,
                    0.0,
                    0.0,
                    0.0,
                    1.0
                ],
                "ParentIndex": 3,
                "Children": []
            },
            {
                "Name": "CH_SoldierEnemy_Skin_v02:CH_SoldierEnemy_Rig_v03:cloth_03",
                "Transform": [
                    1.0,
                    0.0,
                    0.0,
                    -0.0013025159714743495,
                    0.0,
                    0.9964525699615479,
                    0.08415648341178894,
                    -0.031021997332572937,
                    0.0,
                    -0.08415648341178894,
                    0.9964525699615479,
                    0.001462080399505794,
                    0.0,
                    0.0,
                    0.0,
                    1.0
                ],
                "ParentIndex": 4,
                "Children": [
                    2
                ]
            },
            {
                "Name": "CH_SoldierEnemy_Skin_v02:CH_SoldierEnemy_Rig_v03:null1.001",
                "Transform": [
                    1.0,
                    0.0,
                    0.0,
                    0.0,
                    0.0,
                    1.0,
                    0.0,
                    0.0,
                    0.0,
                    0.0,
                    1.0,
                    0.0,
                    0.0,
                    0.0,
                    0.0,
                    1.0
                ],
                "ParentIndex": 5,
                "Children": [
                    3
                ]
            },
            {
                "Name": "CH_SoldierEnemy_Skin_v02:CH_SoldierEnemy_Rig_v03:cloth_02",
                "Transform": [
                    0.9241762757301331,
                    0.0,
                    0.0,
                    -0.001389458542689681,
                    0.0,
                    0.9228843450546265,
                    0.04884922504425049,
                    -0.03324979171156883,
                    0.0,
                    -0.04884922504425049,
                    0.9228843450546265,
                    0.0011741156922653317,
                    0.0,
                    0.0,
                    0.0,
                    1.0
                ],
                "ParentIndex": 6,
                "Children": [
                    4
                ]
            },
            {
                "Name": "CH_SoldierEnemy_Skin_v02:CH_SoldierEnemy_Rig_v03:null1",
                "Transform": [
                    1.0,
                    0.0,
                    0.0,
                    0.001107047195546329,
                    0.0,
                    1.0,
                    0.0,
                    0.031055068597197533,
                    0.0,
                    0.0,
                    1.0,
                    -0.0021445839665830135,
                    0.0,
                    0.0,
                    0.0,
                    1.0
                ],
                "ParentIndex": 7,
                "Children": [
                    5
                ]
            },
            {
                "Name": "CH_SoldierEnemy_Skin_v02:CH_SoldierEnemy_Rig_v03:ctrl_cl_01",
                "Transform": [
                    6.236999988555908,
                    0.0,
                    0.0,
                    -0.078282929956913,
                    0.0,
                    4.690999984741211,
                    0.0,
                    -0.1718914806842804,
                    0.0,
                    0.0,
                    6.236999988555908,
                    0.09433883428573608,
                    0.0,
                    0.0,
                    0.0,
                    1.0
                ],
                "ParentIndex": 90,
                "Children": [
                    6
                ]
            },
            {
                "Name": "CH_SoldierEnemy_Skin_v02:CH_SoldierEnemy_Rig_v03:ctrl_WeaponHan",
                "Transform": [
                    1.0,
                    0.0,
                    0.0,
                    0.06804512441158295,
                    0.0,
                    1.0,
                    0.0,
                    -0.04767575114965439,
                    0.0,
                    0.0,
                    1.0,
                    -0.06762977689504623,
                    0.0,
                    0.0,
                    0.0,
                    1.0
                ],
                "ParentIndex": 37,
                "Children": []
            },
            {
                "Name": "CH_SoldierEnemy_Skin_v02:CH_SoldierEnemy_Rig_v03:jnt_Index_.002",
                "Transform": [
                    1.0,
                    0.0,
                    0.0,
                    0.0,
                    0.0,
                    1.0,
                    0.0,
                    0.0,
                    0.0,
                    0.0,
                    1.0,
                    0.0,
                    0.0,
                    0.0,
                    0.0,
                    1.0
                ],
                "ParentIndex": 10,
                "Children": []
            },
            {
                "Name": "CH_SoldierEnemy_Skin_v02:CH_SoldierEnemy_Rig_v03:jnt_Index_R_En",
                "Transform": [
                    1.0,
                    0.0,
                    0.0,
                    0.0452527217566967,
                    0.0,
                    1.0,
                    0.0,
                    0.01114162988960743,
                    0.0,
                    0.0,
                    1.0,
                    -0.005703956354409456,
                    0.0,
                    0.0,
                    0.0,
                    1.0
                ],
                "ParentIndex": 11,
                "Children": [
                    9
                ]
            },
            {
                "Name": "CH_SoldierEnemy_Skin_v02:CH_SoldierEnemy_Rig_v03:jnt_Index_.001",
                "Transform": [
                    1.0,
                    0.0,
                    0.0,
                    0.0,
                    0.0,
                    1.0,
                    0.0,
                    0.0,
                    0.0,
                    0.0,
                    1.0,
                    0.0,
                    0.0,
                    0.0,
                    0.0,
                    1.0
                ],
                "ParentIndex": 12,
                "Children": [
                    10
                ]
            },
            {
                "Name": "CH_SoldierEnemy_Skin_v02:CH_SoldierEnemy_Rig_v03:jnt_Index_R_02",
                "Transform": [
                    0.9968598484992981,
                    -0.03553701192140579,
                    -0.07076407223939896,
                    0.04214140772819519,
                    0.016863729804754257,
                    0.9684162139892578,
                    -0.2487681806087494,
                    0.014604734256863594,
                    0.07736954838037491,
                    0.24679365754127502,
                    0.9659745693206787,
                    -0.00486647617071867,
                    0.0,
                    0.0,
                    0.0,
                    1.0
                ],
                "ParentIndex": 13,
                "Children": [
                    11
                ]
            },
            {
                "Name": "CH_SoldierEnemy_Skin_v02:CH_SoldierEnemy_Rig_v03:jnt_Index_",
                "Transform": [
                    1.0,
                    0.0,
                    0.0,
                    0.0,
                    0.0,
                    1.0,
                    0.0,
                    0.0,
                    0.0,
                    0.0,
                    1.0,
                    0.0,
                    0.0,
                    0.0,
                    0.0,
                    1.0
                ],
                "ParentIndex": 14,
                "Children": [
                    12
                ]
            },
            {
                "Name": "CH_SoldierEnemy_Skin_v02:CH_SoldierEnemy_Rig_v03:jnt_Index_R_01",
                "Transform": [
                    0.5494470596313477,
                    0.22416236996650696,
                    0.8048970103263855,
                    0.0730467140674591,
                    -0.7975411415100098,
                    0.42787879705429077,
                    0.4252622127532959,
                    -0.02304958365857601,
                    -0.24907058477401733,
                    -0.8755974769592285,
                    0.41387540102005005,
                    -0.1107700765132904,
                    0.0,
                    0.0,
                    0.0,
                    1.0
                ],
                "ParentIndex": 37,
                "Children": [
                    13
                ]
            },
            {
                "Name": "CH_SoldierEnemy_Skin_v02:CH_SoldierEnemy_Rig_v03:jnt_Mid_R_.002",
                "Transform": [
                    1.0,
                    0.0,
                    0.0,
                    0.0,
                    0.0,
                    1.0,
                    0.0,
                    0.0,
                    0.0,
                    0.0,
                    1.0,
                    0.0,
                    0.0,
                    0.0,
                    0.0,
                    1.0
                ],
                "ParentIndex": 16,
                "Children": []
            },
            {
                "Name": "CH_SoldierEnemy_Skin_v02:CH_SoldierEnemy_Rig_v03:jnt_Mid_R_End_",
                "Transform": [
                    1.0,
                    0.0,
                    0.0,
                    0.04638247564435005,
                    0.0,
                    1.0,
                    0.0,
                    0.02136649377644062,
                    0.0,
                    0.0,
                    1.0,
                    0.006679886486381292,
                    0.0,
                    0.0,
                    0.0,
                    1.0
                ],
                "ParentIndex": 17,
                "Children": [
                    15
                ]
            },
            {
                "Name": "CH_SoldierEnemy_Skin_v02:CH_SoldierEnemy_Rig_v03:jnt_Mid_R_.001",
                "Transform": [
                    1.0,
                    0.0,
                    0.0,
                    0.0,
                    0.0,
                    1.0,
                    0.0,
                    0.0,
                    0.0,
                    0.0,
                    1.0,
                    0.0,
                    0.0,
                    0.0,
                    0.0,
                    1.0
                ],
                "ParentIndex": 18,
                "Children": [
                    16
                ]
            },
            {
                "Name": "CH_SoldierEnemy_Skin_v02:CH_SoldierEnemy_Rig_v03:jnt_Mid_R_02_C",
                "Transform": [
                    0.9895749092102051,
                    0.11923635005950928,
                    0.08077250421047211,
                    0.04141765087842941,
                    -0.1379927694797516,
                    0.9455469846725464,
                    0.29478612542152405,
                    0.01137489452958107,
                    -0.04122497886419296,
                    -0.30285897850990295,
                    0.9521433115005493,
                    -0.0020014962647110224,
                    0.0,
                    0.0,
                    0.0,
                    1.0
                ],
                "ParentIndex": 19,
                "Children": [
                    17
                ]
            },
            {
                "Name": "CH_SoldierEnemy_Skin_v02:CH_SoldierEnemy_Rig_v03:jnt_Mid_R_",
                "Transform": [
                    1.0,
                    0.0,
                    0.0,
                    0.0,
                    0.0,
                    1.0,
                    0.0,
                    0.0,
                    0.0,
                    0.0,
                    1.0,
                    0.0,
                    0.0,
                    0.0,
                    0.0,
                    1.0
                ],
                "ParentIndex": 20,
                "Children": [
                    18
                ]
            },
            {
                "Name": "CH_SoldierEnemy_Skin_v02:CH_SoldierEnemy_Rig_v03:jnt_Mid_R_01_C",
                "Transform": [
                    0.5086567997932434,
                    0.08864077925682068,
                    0.8563942313194275,
                    0.05817854404449463,
                    -0.8220421075820923,
                    0.34571266174316406,
                    0.45247048139572144,
                    -0.04612434655427933,
                    -0.2559589743614197,
                    -0.9341443181037903,
                    0.24871551990509033,
                    -0.09511750936508179,
                    0.0,
                    0.0,
                    0.0,
                    1.0
                ],
                "ParentIndex": 37,
                "Children": [
                    19
                ]
            },
            {
                "Name": "CH_SoldierEnemy_Skin_v02:CH_SoldierEnemy_Rig_v03:jnt_Pink_L.001",
                "Transform": [
                    1.0,
                    0.0,
                    0.0,
                    0.0,
                    0.0,
                    1.0,
                    0.0,
                    0.0,
                    0.0,
                    0.0,
                    1.0,
                    0.0,
                    0.0,
                    0.0,
                    0.0,
                    1.0
                ],
                "ParentIndex": 22,
                "Children": []
            },
            {
                "Name": "CH_SoldierEnemy_Skin_v02:CH_SoldierEnemy_Rig_v03:jnt_Pink_L_End",
                "Transform": [
                    1.0,
                    0.0,
                    0.0,
                    0.030743464827537537,
                    0.0,
                    1.0,
                    0.0,
                    -0.004758299328386784,
                    0.0,
                    0.0,
                    1.0,
                    0.010199113748967648,
                    0.0,
                    0.0,
                    0.0,
                    1.0
                ],
                "ParentIndex": 23,
                "Children": [
                    21
                ]
            },
            {
                "Name": "CH_SoldierEnemy_Skin_v02:CH_SoldierEnemy_Rig_v03:jnt_Pink_L",
                "Transform": [
                    0.9997525811195374,
                    0.02224329486489296,
                    0.0,
                    0.0,
                    -0.02224329486489296,
                    0.9997525811195374,
                    0.0,
                    0.0,
                    0.0,
                    0.0,
                    1.0,
                    0.0,
                    0.0,
                    0.0,
                    0.0,
                    1.0
                ],
                "ParentIndex": 24,
                "Children": [
                    22
                ]
            },
            {
                "Name": "CH_SoldierEnemy_Skin_v02:CH_SoldierEnemy_Rig_v03:jnt_Pink_L_02_",
                "Transform": [
                    0.9632449150085449,
                    -0.04329971224069595,
                    0.26511189341545105,
                    0.037094660103321075,
                    -0.19285383820533752,
                    0.5755416750907898,
                    0.7947070002555847,
                    0.0008402922539971769,
                    -0.1869935244321823,
                    -0.8166252970695496,
                    0.5460370779037476,
                    0.0046305349096655846,
                    0.0,
                    0.0,
                    0.0,
                    1.0
                ],
                "ParentIndex": 25,
                "Children": [
                    23
                ]
            },
            {
                "Name": "CH_SoldierEnemy_Skin_v02:CH_SoldierEnemy_Rig_v03:jnt_Pink_R",
                "Transform": [
                    1.0,
                    0.0,
                    0.0,
                    0.0,
                    0.0,
                    1.0,
                    0.0,
                    0.0,
                    0.0,
                    0.0,
                    1.0,
                    0.0,
                    0.0,
                    0.0,
                    0.0,
                    1.0
                ],
                "ParentIndex": 26,
                "Children": [
                    24
                ]
            },
            {
                "Name": "CH_SoldierEnemy_Skin_v02:CH_SoldierEnemy_Rig_v03:jnt_Pink_R_01_",
                "Transform": [
                    0.38176482915878296,
                    -0.33181750774383545,
                    0.8626429438591003,
                    0.029411889612674713,
                    -0.8711670637130737,
                    0.18259263038635254,
                    0.4557718336582184,
                    -0.08262962102890015,
                    -0.3087453246116638,
                    -0.9255037307739258,
                    -0.2193610668182373,
                    -0.05762708932161331,
                    0.0,
                    0.0,
                    0.0,
                    1.0
                ],
                "ParentIndex": 37,
                "Children": [
                    25
                ]
            },
            {
                "Name": "CH_SoldierEnemy_Skin_v02:CH_SoldierEnemy_Rig_v03:jnt_Ring_R.002",
                "Transform": [
                    1.0,
                    0.0,
                    0.0,
                    0.0,
                    0.0,
                    1.0,
                    0.0,
                    0.0,
                    0.0,
                    0.0,
                    1.0,
                    0.0,
                    0.0,
                    0.0,
                    0.0,
                    1.0
                ],
                "ParentIndex": 28,
                "Children": []
            },
            {
                "Name": "CH_SoldierEnemy_Skin_v02:CH_SoldierEnemy_Rig_v03:jnt_Ring_R_End",
                "Transform": [
                    1.0,
                    0.0,
                    0.0,
                    0.04296588897705078,
                    0.0,
                    1.0,
                    0.0,
                    0.009387978352606297,
                    0.0,
                    0.0,
                    1.0,
                    0.011957057751715183,
                    0.0,
                    0.0,
                    0.0,
                    1.0
                ],
                "ParentIndex": 29,
                "Children": [
                    27
                ]
            },
            {
                "Name": "CH_SoldierEnemy_Skin_v02:CH_SoldierEnemy_Rig_v03:jnt_Ring_R.001",
                "Transform": [
                    1.0,
                    0.0,
                    0.0,
                    0.0,
                    0.0,
                    1.0,
                    0.0,
                    0.0,
                    0.0,
                    0.0,
                    1.0,
                    0.0,
                    0.0,
                    0.0,
                    0.0,
                    1.0
                ],
                "ParentIndex": 30,
                "Children": [
                    28
                ]
            },
            {
                "Name": "CH_SoldierEnemy_Skin_v02:CH_SoldierEnemy_Rig_v03:jnt_Ring_R_02_",
                "Transform": [
                    0.9710648059844971,
                    0.22149020433425903,
                    0.08930416405200958,
                    0.03861556574702263,
                    -0.2375880777835846,
                    0.9338576197624207,
                    0.26732349395751953,
                    0.003649689955636859,
                    -0.024187833070755005,
                    -0.2808060646057129,
                    0.9594597220420837,
                    0.005723280366510153,
                    0.0,
                    0.0,
                    0.0,
                    1.0
                ],
                "ParentIndex": 31,
                "Children": [
                    29
                ]
            },
            {
                "Name": "CH_SoldierEnemy_Skin_v02:CH_SoldierEnemy_Rig_v03:jnt_Ring_R",
                "Transform": [
                    1.0,
                    0.0,
                    0.0,
                    0.0,
                    0.0,
                    1.0,
                    0.0,
                    0.0,
                    0.0,
                    0.0,
                    1.0,
                    0.0,
                    0.0,
                    0.0,
                    0.0,
                    1.0
                ],
                "ParentIndex": 32,
                "Children": [
                    30
                ]
            },
            {
                "Name": "CH_SoldierEnemy_Skin_v02:CH_SoldierEnemy_Rig_v03:jnt_Ring_R_01_",
                "Transform": [
                    0.3882911205291748,
                    -0.3120224177837372,
                    0.8671055436134338,
                    0.046534109860658646,
                    -0.8675671815872192,
                    0.19350558519363403,
                    0.4581295847892761,
                    -0.06865993142127991,
                    -0.3107364773750305,
                    -0.9301599860191345,
                    -0.19556379318237305,
                    -0.07869655638933182,
                    0.0,
                    0.0,
                    0.0,
                    1.0
                ],
                "ParentIndex": 37,
                "Children": [
                    31
                ]
            },
            {
                "Name": "CH_SoldierEnemy_Skin_v02:CH_SoldierEnemy_Rig_v03:jnt_Thumb_.001",
                "Transform": [
                    1.0,
                    0.0,
                    0.0,
                    0.0,
                    0.0,
                    1.0,
                    0.0,
                    0.0,
                    0.0,
                    0.0,
                    1.0,
                    0.0,
                    0.0,
                    0.0,
                    0.0,
                    1.0
                ],
                "ParentIndex": 34,
                "Children": []
            },
            {
                "Name": "CH_SoldierEnemy_Skin_v02:CH_SoldierEnemy_Rig_v03:jnt_Thumb_R_02",
                "Transform": [
                    0.9555062651634216,
                    0.21365971863269806,
                    0.2033650130033493,
                    0.04767754301428795,
                    -0.276095986366272,
                    0.8904885053634644,
                    0.36166462302207947,
                    0.018061242997646332,
                    -0.1038210541009903,
                    -0.4017210900783539,
                    0.9098578691482544,
                    -0.009376836009323597,
                    0.0,
                    0.0,
                    0.0,
                    1.0
                ],
                "ParentIndex": 35,
                "Children": [
                    33
                ]
            },
            {
                "Name": "CH_SoldierEnemy_Skin_v02:CH_SoldierEnemy_Rig_v03:jnt_Thumb_",
                "Transform": [
                    1.0,
                    0.0,
                    0.0,
                    0.0,
                    0.0,
                    1.0,
                    0.0,
                    0.0,
                    0.0,
                    0.0,
                    1.0,
                    0.0,
                    0.0,
                    0.0,
                    0.0,
                    1.0
                ],
                "ParentIndex": 36,
                "Children": [
                    34
                ]
            },
            {
                "Name": "CH_SoldierEnemy_Skin_v02:CH_SoldierEnemy_Rig_v03:jnt_Thumb_R_01",
                "Transform": [
                    0.7509989738464355,
                    0.38246476650238037,
                    0.5382576584815979,
                    0.054177362471818924,
                    -0.5890441536903381,
                    0.7564074397087097,
                    0.28438496589660645,
                    0.033970173448324203,
                    -0.29837489128112793,
                    -0.530630350112915,
                    0.7933498024940491,
                    -0.03290744125843048,
                    0.0,
                    0.0,
                    0.0,
                    1.0
                ],
                "ParentIndex": 37,
                "Children": [
                    35
                ]
            },
            {
                "Name": "CH_SoldierEnemy_Skin_v02:CH_SoldierEnemy_Rig_v03:jnt_wrist_",
                "Transform": [
                    0.9683608412742615,
                    -0.040301501750946045,
                    0.24627836048603058,
                    -0.01253201812505722,
                    -0.0052021220326423645,
                    0.9833993315696716,
                    0.18138012290000916,
                    0.001925747375935316,
                    -0.2494998723268509,
                    -0.17692258954048157,
                    0.952075719833374,
                    0.005189953371882439,
                    0.0,
                    0.0,
                    0.0,
                    1.0
                ],
                "ParentIndex": 38,
                "Children": [
                    8,
                    14,
                    20,
                    26,
                    32,
                    36
                ]
            },
            {
                "Name": "CH_SoldierEnemy_Skin_v02:CH_SoldierEnemy_Rig_v03:jnt_wrist_R_CT",
                "Transform": [
                    0.19119352102279663,
                    -0.6727545261383057,
                    -0.714735209941864,
                    0.27271318435668945,
                    -0.44806110858917236,
                    0.5880557894706726,
                    -0.6733733415603638,
                    0.029318444430828094,
                    0.8733192086219788,
                    0.4489896595478058,
                    -0.18900275230407715,
                    -0.011680608615279198,
                    0.0,
                    0.0,
                    0.0,
                    1.0
                ],
                "ParentIndex": 39,
                "Children": [
                    37
                ]
            },
            {
                "Name": "CH_SoldierEnemy_Skin_v02:CH_SoldierEnemy_Rig_v03:jnt_arm_R_02_C",
                "Transform": [
                    0.9732849597930908,
                    -0.22351227700710297,
                    0.05252321437001228,
                    0.00450889952480793,
                    0.21634311974048615,
                    0.8161596059799194,
                    -0.535797655582428,
                    -0.005750412121415138,
                    0.0768900141119957,
                    0.5328468680381775,
                    0.8427112102508545,
                    -0.01009164098650217,
                    0.0,
                    0.0,
                    0.0,
                    1.0
                ],
                "ParentIndex": 40,
                "Children": [
                    38
                ]
            },
            {
                "Name": "CH_SoldierEnemy_Skin_v02:CH_SoldierEnemy_Rig_v03:jnt_arm_R_02_G",
                "Transform": [
                    0.5641970634460449,
                    0.6536160707473755,
                    -0.5044479370117188,
                    0.1361122876405716,
                    -0.8207767009735107,
                    0.5102323889732361,
                    -0.2568822503089905,
                    -0.1880761682987213,
                    -0.0894833505153656,
                    -0.5589713454246521,
                    -0.8243444561958313,
                    0.061806630343198776,
                    0.0,
                    0.0,
                    -0.0,
                    1.0
                ],
                "ParentIndex": 41,
                "Children": [
                    39
                ]
            },
            {
                "Name": "CH_SoldierEnemy_Skin_v02:CH_SoldierEnemy_Rig_v03:jnt_arm_L_01_C",
                "Transform": [
                    0.8769536018371582,
                    0.428005188703537,
                    -0.21854975819587708,
                    0.0,
                    -0.46269598603248596,
                    0.8748577833175659,
                    -0.14330483973026276,
                    0.0,
                    0.12986475229263306,
                    0.2267937809228897,
                    0.9652459621429443,
                    0.0,
                    0.0,
                    0.0,
                    0.0,
                    1.0
                ],
                "ParentIndex": 42,
                "Children": [
                    40
                ]
            },
            {
                "Name": "CH_SoldierEnemy_Skin_v02:CH_SoldierEnemy_Rig_v03:ctrl_L_arm1",
                "Transform": [
                    1.0,
                    0.0,
                    -0.0,
                    0.07250459492206573,
                    0.0,
                    1.0,
                    -0.0,
                    0.004747313912957907,
                    0.0,
                    0.0,
                    -1.0,
                    -0.053984105587005615,
                    0.0,
                    0.0,
                    -0.0,
                    1.0
                ],
                "ParentIndex": 43,
                "Children": [
                    41
                ]
            },
            {
                "Name": "CH_SoldierEnemy_Skin_v02:CH_SoldierEnemy_Rig_v03:jntl_clavi",
                "Transform": [
                    0.998006284236908,
                    -0.06311426311731339,
                    -0.0,
                    0.09170440584421158,
                    0.06311426311731339,
                    0.998006284236908,
                    0.0,
                    1.497862696647644,
                    0.0,
                    -0.0,
                    1.0,
                    0.022435704246163368,
                    0.0,
                    0.0,
                    0.0,
                    1.0
                ],
                "ParentIndex": 44,
                "Children": [
                    42
                ]
            },
            {
                "Name": "CH_SoldierEnemy_Skin_v02:CH_SoldierEnemy_Rig_v03:ctrl_clavi",
                "Transform": [
                    -1.0,
                    0.0,
                    0.0,
                    0.0,
                    -0.0,
                    1.0,
                    0.0,
                    -1.3347630500793457,
                    -0.0,
                    0.0,
                    1.0,
                    0.003451995085924864,
                    -0.0,
                    0.0,
                    0.0,
                    1.0
                ],
                "ParentIndex": 88,
                "Children": [
                    43
                ]
            },
            {
                "Name": "CH_SoldierEnemy_Skin_v02:CH_SoldierEnemy_Rig_v03:SoldierEne.010",
                "Transform": [
                    1.0,
                    0.0,
                    0.0,
                    0.0,
                    0.0,
                    1.0,
                    0.0,
                    0.0,
                    0.0,
                    0.0,
                    1.0,
                    0.0,
                    0.0,
                    0.0,
                    0.0,
                    1.0
                ],
                "ParentIndex": 46,
                "Children": []
            },
            {
                "Name": "CH_SoldierEnemy_Skin_v02:CH_SoldierEnemy_Rig_v03:SoldierEne.009",
                "Transform": [
                    1.0,
                    0.0,
                    0.0,
                    0.0452527217566967,
                    0.0,
                    1.0,
                    0.0,
                    0.01114162988960743,
                    0.0,
                    0.0,
                    1.0,
                    -0.005703956354409456,
                    0.0,
                    0.0,
                    0.0,
                    1.0
                ],
                "ParentIndex": 47,
                "Children": [
                    45
                ]
            },
            {
                "Name": "CH_SoldierEnemy_Skin_v02:CH_SoldierEnemy_Rig_v03:SoldierEne.008",
                "Transform": [
                    1.0,
                    0.0,
                    0.0,
                    0.0,
                    0.0,
                    1.0,
                    0.0,
                    0.0,
                    0.0,
                    0.0,
                    1.0,
                    0.0,
                    0.0,
                    0.0,
                    0.0,
                    1.0
                ],
                "ParentIndex": 48,
                "Children": [
                    46
                ]
            },
            {
                "Name": "CH_SoldierEnemy_Skin_v02:CH_SoldierEnemy_Rig_v03:SoldierEne.007",
                "Transform": [
                    0.9968598484992981,
                    -0.03553701192140579,
                    -0.07076407223939896,
                    0.04214140772819519,
                    0.016863729804754257,
                    0.9684162139892578,
                    -0.2487681806087494,
                    0.014604734256863594,
                    0.07736954838037491,
                    0.24679365754127502,
                    0.9659745693206787,
                    -0.00486647617071867,
                    0.0,
                    0.0,
                    0.0,
                    1.0
                ],
                "ParentIndex": 49,
                "Children": [
                    47
                ]
            },
            {
                "Name": "CH_SoldierEnemy_Skin_v02:CH_SoldierEnemy_Rig_v03:SoldierEne.006",
                "Transform": [
                    1.0,
                    0.0,
                    0.0,
                    0.0,
                    0.0,
                    1.0,
                    0.0,
                    0.0,
                    0.0,
                    0.0,
                    1.0,
                    0.0,
                    0.0,
                    0.0,
                    0.0,
                    1.0
                ],
                "ParentIndex": 50,
                "Children": [
                    48
                ]
            },
            {
                "Name": "CH_SoldierEnemy_Skin_v02:CH_SoldierEnemy_Rig_v03:SoldierEne.005",
                "Transform": [
                    0.5494470596313477,
                    0.22416236996650696,
                    0.8048970103263855,
                    0.05780140310525894,
                    -0.7975411415100098,
                    0.42787879705429077,
                    0.4252622127532959,
                    -0.045331623405218124,
                    -0.24907058477401733,
                    -0.8755974769592285,
                    0.41387540102005005,
                    -0.08831219375133514,
                    0.0,
                    0.0,
                    0.0,
                    1.0
                ],
                "ParentIndex": 73,
                "Children": [
                    49
                ]
            },
            {
                "Name": "CH_SoldierEnemy_Skin_v02:CH_SoldierEnemy_Rig_v03:SoldierEne.016",
                "Transform": [
                    1.0,
                    0.0,
                    0.0,
                    0.0,
                    0.0,
                    1.0,
                    0.0,
                    0.0,
                    0.0,
                    0.0,
                    1.0,
                    0.0,
                    0.0,
                    0.0,
                    0.0,
                    1.0
                ],
                "ParentIndex": 52,
                "Children": []
            },
            {
                "Name": "CH_SoldierEnemy_Skin_v02:CH_SoldierEnemy_Rig_v03:SoldierEne.015",
                "Transform": [
                    1.0,
                    0.0,
                    0.0,
                    0.04638247564435005,
                    0.0,
                    1.0,
                    0.0,
                    0.02136649377644062,
                    0.0,
                    0.0,
                    1.0,
                    0.006679886486381292,
                    0.0,
                    0.0,
                    0.0,
                    1.0
                ],
