{
    "Model": {
        "UID": 1495627186395010,
        "Scenes": [
            {
                "rootNode": 175
            },
            {
                "rootNode": 176
            },
            {
                "rootNode": 177
            }
        ],
        "Nodes": [
            {
                "Name": "hair_jnt_03",
                "Transform": [
                    0.9924179911613464,
                    -0.08246780186891556,
                    0.09113476425409317,
                    -0.056204844266176224,
                    0.06431125849485397,
                    -0.2834608554840088,
                    -0.956825315952301,
                    -0.07829824090003967,
                    0.10474037379026413,
                    0.9554316401481628,
                    -0.27600812911987305,
                    -0.3424493074417114,
                    0.0,
                    0.0,
                    0.0,
                    1.0
                ],
                "ParentIndex": 1,
                "Children": []
            },
            {
                "Name": "hair_jnt_02",
                "Transform": [
                    1.0,
                    5.784336898351228e-10,
                    3.6170581131222e-15,
                    7.42759009852989e-9,
                    -5.784336898351228e-10,
                    1.0,
                    4.951073719894339e-7,
                    0.10992696136236191,
                    -3.3306714032160746e-15,
                    -4.951073719894339e-7,
                    1.0,
                    -0.015267690643668175,
                    0.0,
                    0.0,
                    0.0,
                    1.0
                ],
                "ParentIndex": 2,
                "Children": [
                    0
                ]
            },
            {
                "Name": "hair_jnt_01",
                "Transform": [
                    1.0,
                    1.1643416542028717e-7,
                    2.9831959125203866e-9,
                    -0.0005738623440265656,
                    -1.4740209053343278e-11,
                    -0.02548658847808838,
                    0.9996752738952637,
                    1.7711262702941895,
                    1.1647237840861635e-7,
                    -0.9996752738952637,
                    -0.02548658847808838,
                    -0.0967463031411171,
                    0.0,
                    0.0,
                    0.0,
                    1.0
                ],
                "ParentIndex": 74,
                "Children": [
                    1
                ]
            },
            {
                "Name": "jnt_cloth_end",
                "Transform": [
                    0.9999999403953552,
                    1.664739102125168e-8,
                    -1.885928213596344e-8,
                    -7.363269105553627e-8,
                    -1.664739102125168e-8,
                    0.9999999403953552,
                    4.234607331454754e-9,
                    0.10227752476930618,
                    1.88592803596066e-8,
                    -4.234606887365544e-9,
                    1.0,
                    1.6705598682165146e-8,
                    0.0,
                    0.0,
                    0.0,
                    1.0
                ],
                "ParentIndex": 4,
                "Children": []
            },
            {
                "Name": "jnt_cloth_03",
                "Transform": [
                    -0.9993643164634705,
                    0.0356501005589962,
                    1.5752138438074326e-7,
                    9.950599633157253e-8,
                    0.035650093108415604,
                    0.99936443567276,
                    3.505076335841295e-7,
                    0.13574111461639404,
                    -1.449256217256334e-7,
                    3.5590053926171095e-7,
                    -0.9999999403953552,
                    -1.92900188267231e-7,
                    0.0,
                    0.0,
                    0.0,
                    1.0
                ],
                "ParentIndex": 5,
                "Children": [
                    3
                ]
            },
            {
                "Name": "jnt_cloth_02",
                "Transform": [
                    -0.9981181621551514,
                    -0.061319950968027115,
                    -3.6777524314857146e-7,
                    -2.9424347758322256e-7,
                    -0.06131993606686592,
                    0.9981184005737305,
                    -7.15206510903954e-7,
                    0.1563872992992401,
                    4.1093952063420147e-7,
                    -6.913087418070063e-7,
                    -1.0000001192092896,
                    2.395245246589184e-7,
                    0.0,
                    0.0,
                    0.0,
                    1.0
                ],
                "ParentIndex": 6,
                "Children": [
                    4
                ]
            },
            {
                "Name": "jnt_cloth_01",
                "Transform": [
                    0.0000454787295893766,
                    -0.055416539311409,
                    -0.9984853267669678,
                    -0.07138156145811081,
                    -0.08945348858833313,
                    -0.994461178779602,
                    0.05519149824976921,
                    0.11081970483064651,
                    -0.9959995746612549,
                    0.08931277692317963,
                    -0.005002608522772789,
                    0.0820043757557869,
                    0.0,
                    0.0,
                    0.0,
                    1.0
                ],
                "ParentIndex": 73,
                "Children": [
                    5
                ]
            },
            {
                "Name": "jnt_foot_L_End",
                "Transform": [
                    0.9999999403953552,
                    3.265449493028427e-7,
                    8.163042934938858e-7,
                    -6.101618055254221e-8,
                    -3.265450061462616e-7,
                    0.9999999403953552,
                    5.308525530267616e-8,
                    0.09005723893642426,
                    -8.163042366504669e-7,
                    -5.308552175620207e-8,
                    1.0,
                    -1.4901161193847656e-8,
                    0.0,
                    0.0,
                    0.0,
                    1.0
                ],
                "ParentIndex": 8,
                "Children": []
            },
            {
                "Name": "jnt_foot_L_01",
                "Transform": [
                    0.9995157122612,
                    -0.029705779626965523,
                    -0.009261767379939556,
                    -0.003990480676293373,
                    0.029773686081171036,
                    0.999530017375946,
                    0.00728213507682085,
                    0.0869281217455864,
                    0.009041094221174717,
                    -0.0075543662533164024,
                    0.9999305009841919,
                    -0.017459802329540253,
                    0.0,
                    0.0,
                    0.0,
                    1.0
                ],
                "ParentIndex": 9,
                "Children": [
                    7
                ]
            },
            {
                "Name": "jnt_leg_L_03",
                "Transform": [
                    -0.9745532274246216,
                    -0.06885538250207901,
                    0.21331985294818878,
                    0.010067409835755825,
                    -0.22214454412460327,
                    0.16943158209323883,
                    -0.9601795673370361,
                    0.43346354365348816,
                    0.02997039258480072,
                    -0.9831339120864868,
                    -0.18041610717773438,
                    0.031534116715192795,
                    0.0,
                    0.0,
                    0.0,
                    1.0
                ],
                "ParentIndex": 10,
                "Children": [
                    8
                ]
            },
            {
                "Name": "jnt_leg_L_02",
                "Transform": [
                    0.9994744062423706,
                    0.03241636976599693,
                    -0.00032980451942421496,
                    -0.0031266026198863983,
                    -0.032237518578767776,
                    0.9927849173545837,
                    -0.1154937818646431,
                    0.4166249930858612,
                    -0.0034164637327194214,
                    0.11544369906187057,
                    0.9933082461357117,
                    -0.01540447399020195,
                    0.0,
                    0.0,
                    0.0,
                    1.0
                ],
                "ParentIndex": 11,
                "Children": [
                    9
                ]
            },
            {
                "Name": "jnt_leg_L_01",
                "Transform": [
                    0.941788375377655,
                    0.2114754468202591,
                    -0.26137274503707886,
                    0.09316544979810715,
                    0.18917077779769897,
                    -0.9759831428527832,
                    -0.10803766548633575,
                    -0.010816735215485096,
                    -0.27794307470321655,
                    0.0523044653236866,
                    -0.9591728448867798,
                    -0.0016665413277223706,
                    0.0,
                    0.0,
                    0.0,
                    1.0
                ],
                "ParentIndex": 73,
                "Children": [
                    10
                ]
            },
            {
                "Name": "jnt_foot_R_End",
                "Transform": [
                    0.9999999403953552,
                    2.4796463549137115e-8,
                    1.0430813546236095e-7,
                    -2.7808710001409054e-8,
                    -2.4796465325493955e-8,
                    0.9999998807907104,
                    -7.450582373280668e-9,
                    0.0900571346282959,
                    -1.043081283569336e-7,
                    7.4505792646561986e-9,
                    1.0,
                    6.51925802230835e-9,
                    0.0,
                    0.0,
                    0.0,
                    1.0
                ],
                "ParentIndex": 13,
                "Children": []
            },
            {
                "Name": "jnt_foot_R_01",
                "Transform": [
                    0.9995152950286865,
                    0.029719628393650055,
                    0.00926459301263094,
                    0.004044067580252886,
                    -0.02978755719959736,
                    0.9995296001434326,
                    0.007282229606062174,
                    0.08715108036994934,
                    -0.009043811820447445,
                    -0.0075546689331531525,
                    0.9999305009841919,
                    -0.0175984688103199,
                    0.0,
                    0.0,
                    0.0,
                    1.0
                ],
                "ParentIndex": 14,
                "Children": [
                    12
                ]
            },
            {
                "Name": "jnt_leg_R_03",
                "Transform": [
                    -0.9635440111160278,
                    0.020027341321110725,
                    -0.26679956912994385,
                    0.011681942269206047,
                    0.2668790817260742,
                    0.14253464341163635,
                    -0.9531312584877014,
                    0.4402749240398407,
                    0.018939509987831116,
                    -0.9895869493484497,
                    -0.14268335700035095,
                    0.023318957537412643,
                    0.0,
                    0.0,
                    0.0,
                    1.0
                ],
                "ParentIndex": 15,
                "Children": [
                    13
                ]
            },
            {
                "Name": "jnt_leg_R_02",
                "Transform": [
                    0.9991175532341003,
                    -0.04117409139871597,
                    -0.00828572642058134,
                    0.013787402771413326,
                    0.038192018866539,
                    0.9727643132209778,
                    -0.22862893342971802,
                    0.4135659635066986,
                    0.01747363992035389,
                    0.22811076045036316,
                    0.9734784960746765,
                    0.006167374551296234,
                    0.0,
                    0.0,
                    0.0,
                    1.0
                ],
                "ParentIndex": 16,
                "Children": [
                    14
                ]
            },
            {
                "Name": "jnt_leg_R_01",
                "Transform": [
                    0.9477484226226807,
                    -0.2539588212966919,
                    0.1930667608976364,
                    -0.09316537529230118,
                    -0.22263099253177643,
                    -0.9599873423576355,
                    -0.16988104581832886,
                    -0.010816698893904686,
                    0.2284841686487198,
                    0.11802209168672562,
                    -0.9663669466972351,
                    -0.0016740121645852923,
                    0.0,
                    0.0,
                    0.0,
                    1.0
                ],
                "ParentIndex": 73,
                "Children": [
                    15
                ]
            },
            {
                "Name": "jnt_Index_L_End",
                "Transform": [
                    0.9999999403953552,
                    1.0244548320770264e-8,
                    3.9406586438417435e-8,
                    -0.005686888936907053,
                    -1.0244550097127103e-8,
                    0.9999999403953552,
                    3.67872416973114e-8,
                    0.045116961002349854,
                    -3.9406586438417435e-8,
                    -3.67872416973114e-8,
                    0.9999999403953552,
                    0.01110827550292015,
                    0.0,
                    0.0,
                    0.0,
                    1.0
                ],
                "ParentIndex": 18,
                "Children": []
            },
            {
                "Name": "jnt_Index_L_02",
                "Transform": [
                    0.9659745693206787,
                    0.07736936956644058,
                    0.2467937022447586,
                    -0.004851803183555603,
                    -0.07076387107372284,
                    0.9968597888946533,
                    -0.035537101328372955,
                    0.042015403509140015,
                    -0.24876824021339417,
                    0.016863858327269554,
                    0.968416154384613,
                    0.014560960233211517,
                    0.0,
                    0.0,
                    0.0,
                    1.0
                ],
                "ParentIndex": 19,
                "Children": [
                    17
                ]
            },
            {
                "Name": "jnt_Index_L_01",
                "Transform": [
                    0.4252626299858093,
                    -0.7975411415100098,
                    0.427878201007843,
                    -0.04519597440958023,
                    -0.41387492418289185,
                    0.24907010793685913,
                    0.8755977749824524,
                    0.0880473405122757,
                    -0.8048968315124512,
                    -0.5494471788406372,
                    -0.22416208684444427,
                    -0.057627975940704346,
                    0.0,
                    0.0,
                    0.0,
                    1.0
                ],
                "ParentIndex": 32,
                "Children": [
                    18
                ]
            },
            {
                "Name": "jnt_Mid_L_End",
                "Transform": [
                    0.9999999403953552,
                    -5.58793766813892e-9,
                    -3.520399616263603e-7,
                    0.006659932434558868,
                    5.587933671336032e-9,
                    0.9999998211860657,
                    -1.3038517820973539e-8,
                    0.04624360427260399,
                    3.520399616263603e-7,
                    1.303851515643828e-8,
                    0.9999998807907104,
                    0.02130253240466118,
                    0.0,
                    0.0,
                    0.0,
                    1.0
                ],
                "ParentIndex": 21,
                "Children": []
            },
            {
                "Name": "jnt_Mid_L_02",
                "Transform": [
                    0.9521434307098389,
                    -0.0412256233394146,
                    -0.3028583824634552,
                    -0.0019956734031438828,
                    0.08077307045459747,
                    0.9895747303962708,
                    0.1192363053560257,
                    0.041293203830718994,
                    0.2947854697704315,
                    -0.13799287378787994,
                    0.9455471038818359,
                    0.011340714991092682,
                    0.0,
                    0.0,
                    0.0,
                    1.0
                ],
                "ParentIndex": 22,
                "Children": [
                    20
                ]
            },
            {
                "Name": "jnt_Mid_L_01",
                "Transform": [
                    0.4524710178375244,
                    -0.8220421671867371,
                    0.3457118570804596,
                    -0.06820173561573029,
                    -0.24871474504470825,
                    0.2559584379196167,
                    0.9341444969177246,
                    0.07244183868169785,
                    -0.8563941717147827,
                    -0.5086570382118225,
                    -0.08864019811153412,
                    -0.04280450940132141,
                    0.0,
                    0.0,
                    0.0,
                    1.0
                ],
                "ParentIndex": 32,
                "Children": [
                    21
                ]
            },
            {
                "Name": "jnt_Pink_L_End",
                "Transform": [
                    1.0,
                    -2.2724272241703147e-7,
                    -2.2351741790771484e-7,
                    0.010168619453907013,
                    2.2724269399532204e-7,
                    1.0,
                    -1.490116545710407e-7,
                    0.030651463195681572,
                    2.2351741790771484e-7,
                    1.4901158351676713e-7,
                    1.0000001192092896,
                    -0.004744028672575951,
                    0.0,
                    0.0,
                    0.0,
                    1.0
                ],
                "ParentIndex": 24,
                "Children": []
            },
            {
                "Name": "jnt_Pink_L_02",
                "Transform": [
                    0.546036422252655,
                    -0.18699423968791962,
                    -0.8166255950927734,
                    0.004616633057594299,
                    0.26511096954345703,
                    0.9632450342178345,
                    -0.04330139607191086,
                    0.03698354586958885,
                    0.794707715511322,
                    -0.19285227358341217,
                    0.5755411386489868,
                    0.0008378960192203522,
                    0.0,
                    0.0,
                    0.0,
                    1.0
                ],
                "ParentIndex": 25,
                "Children": [
                    23
                ]
            },
            {
                "Name": "jnt_Pink_L_01",
                "Transform": [
                    0.45577216148376465,
                    -0.8711673021316528,
                    0.1825910359621048,
                    -0.10459747910499573,
                    0.21936166286468506,
                    0.308743953704834,
                    0.9255039691925049,
                    0.03506353124976158,
                    -0.8626426458358765,
                    -0.38176557421684265,
                    0.33181747794151306,
                    -0.014123877510428429,
                    0.0,
                    0.0,
                    0.0,
                    1.0
                ],
                "ParentIndex": 32,
                "Children": [
                    24
                ]
            },
            {
                "Name": "jnt_Ring_L_End",
                "Transform": [
                    1.0,
                    -4.842877388000488e-8,
                    -3.166496753692627e-8,
                    0.011921227909624577,
                    4.842877388000488e-8,
                    1.0,
                    2.514570951461792e-8,
                    0.04283689334988594,
                    3.166496753692627e-8,
                    -2.514570951461792e-8,
                    1.0,
                    0.00935983844101429,
                    0.0,
                    0.0,
                    0.0,
                    1.0
                ],
                "ParentIndex": 27,
                "Children": []
            },
            {
                "Name": "jnt_Ring_L_02",
                "Transform": [
                    0.9594595432281494,
                    -0.02418779581785202,
                    -0.2808065116405487,
                    0.005706187337636948,
                    0.0893041342496872,
                    0.9710648655891418,
                    0.22148984670639038,
                    0.038499996066093445,
                    0.2673240005970001,
                    -0.23758772015571594,
                    0.9338575601577759,
                    0.0036387555301189423,
                    0.0,
                    0.0,
                    0.0,
                    1.0
                ],
                "ParentIndex": 28,
                "Children": [
                    26
                ]
            },
            {
                "Name": "jnt_Ring_L_01",
                "Transform": [
                    0.45812898874282837,
                    -0.8675674796104431,
                    0.19350555539131165,
                    -0.09066946804523468,
                    0.19556362926959991,
                    0.3107360303401947,
                    0.9301599860191345,
                    0.05606987699866295,
                    -0.8671057224273682,
                    -0.38829082250595093,
                    0.31202179193496704,
                    -0.03119480609893799,
                    0.0,
                    0.0,
                    0.0,
                    1.0
                ],
                "ParentIndex": 32,
                "Children": [
                    27
                ]
            },
            {
                "Name": "jnt_Thumb_L_End",
                "Transform": [
                    1.0,
                    1.6763802790364934e-8,
                    -1.7276033759117126e-7,
                    -0.000524476170539856,
                    -1.6763809895792292e-8,
                    1.0,
                    -3.632158041000366e-8,
                    0.04084361717104912,
                    1.7276033759117126e-7,
                    3.632158041000366e-8,
                    1.0,
                    0.013987328857183456,
                    0.0,
                    0.0,
                    0.0,
                    1.0
                ],
                "ParentIndex": 30,
                "Children": []
            },
            {
                "Name": "jnt_Thumb_L_02",
                "Transform": [
                    0.9098584055900574,
                    -0.10382150113582611,
                    -0.4017196595668793,
                    -0.00934874452650547,
                    0.20336513221263885,
                    0.9555059671401978,
                    0.21365995705127716,
                    0.0475345104932785,
                    0.3616631031036377,
                    -0.27609604597091675,
                    0.8904890418052673,
                    0.01800713688135147,
                    0.0,
                    0.0,
                    0.0,
                    1.0
                ],
                "ParentIndex": 31,
                "Children": [
                    29
                ]
            },
            {
                "Name": "jnt_Thumb_L_01",
                "Transform": [
                    0.2843857705593109,
                    -0.5890438556671143,
                    0.7564073801040649,
                    0.011652858927845955,
                    -0.7933490872383118,
                    0.29837509989738464,
                    0.5306312441825867,
                    0.010418262332677841,
                    -0.5382581353187561,
                    -0.7509990334510803,
                    -0.38246381282806396,
                    -0.03881533443927765,
                    0.0,
                    0.0,
                    0.0,
                    1.0
                ],
                "ParentIndex": 32,
                "Children": [
                    30
                ]
            },
            {
                "Name": "jnt_wrist_L",
                "Transform": [
                    0.44898927211761475,
                    0.1890033334493637,
                    -0.8733190894126892,
                    0.00685911113396287,
                    -0.6727553606033325,
                    0.7147344946861267,
                    -0.19119326770305634,
                    0.2737590968608856,
                    0.5880551338195801,
                    0.6733739376068115,
                    0.44806107878685,
                    0.06255192309617996,
                    0.0,
                    0.0,
                    0.0,
                    1.0
                ],
                "ParentIndex": 33,
                "Children": [
                    19,
                    22,
                    25,
                    28,
                    31
                ]
            },
            {
                "Name": "jnt_arm_L_02",
                "Transform": [
                    0.9131683707237244,
                    0.24759648740291595,
                    0.32375839352607727,
                    -0.022624120116233826,
                    -0.2800820469856262,
                    0.9582744240760803,
                    0.05713091418147087,
                    0.23311175405979156,
                    -0.2961040437221527,
                    -0.14284902811050415,
                    0.9444133639335632,
                    -0.05020510405302048,
                    0.0,
                    0.0,
                    0.0,
                    1.0
                ],
                "ParentIndex": 34,
                "Children": [
                    32
                ]
            },
            {
                "Name": "jnt_arm_L_01",
                "Transform": [
                    0.6629154682159424,
                    0.3987078070640564,
                    0.6336995363235474,
                    -0.010688325390219688,
                    -0.7097923755645752,
                    0.6039682030677795,
                    0.36251503229141235,
                    0.09681066125631332,
                    -0.23819682002067566,
                    -0.6901119351387024,
                    0.6833796501159668,
                    -0.009827855974435806,
                    0.0,
                    0.0,
                    0.0,
                    1.0
                ],
                "ParentIndex": 35,
                "Children": [
                    33
                ]
            },
            {
                "Name": "jnt_clavicle_L",
                "Transform": [
                    0.5980870723724365,
                    0.8009819388389587,
                    -0.026827454566955566,
                    0.09170441329479218,
                    -0.08397719264030457,
                    0.09592502564191818,
                    0.9918397665023804,
                    0.07229743152856827,
                    0.7970192432403564,
                    -0.5909536480903625,
                    0.12463575601577759,
                    0.05140990763902664,
                    0.0,
                    0.0,
                    0.0,
                    1.0
                ],
                "ParentIndex": 70,
                "Children": [
                    34
                ]
            },
            {
                "Name": "jnt_Index_R_End",
                "Transform": [
                    1.0,
                    -3.026798012228937e-8,
                    1.0023359209299088e-7,
                    -0.005703992210328579,
                    3.026798367500305e-8,
                    0.9999998807907104,
                    -2.1420417439799166e-8,
                    0.045252930372953415,
                    -1.0023359209299088e-7,
                    2.1420419216156006e-8,
                    1.0,
                    -0.011141587048768997,
                    0.0,
                    0.0,
                    0.0,
                    1.0
                ],
                "ParentIndex": 37,
                "Children": []
            },
            {
                "Name": "jnt_Index_R_02",
                "Transform": [
                    0.9659745693206787,
                    0.07736961543560028,
                    -0.24679352343082428,
                    -0.004866685718297958,
                    -0.07076413929462433,
                    0.9968598484992981,
                    0.0355369970202446,
                    0.04214136302471161,
                    0.24876801669597626,
                    -0.016863703727722168,
                    0.9684163928031921,
                    -0.014604903757572174,
                    0.0,
                    0.0,
                    0.0,
                    1.0
                ],
                "ParentIndex": 38,
                "Children": [
                    36
                ]
            },
            {
                "Name": "jnt_Index_R_01",
                "Transform": [
                    0.4138750433921814,
                    -0.2490711212158203,
                    0.8755975961685181,
                    -0.11076897382736206,
                    0.8048979043960571,
                    0.5494459271430969,
                    -0.22416234016418457,
                    0.0730438381433487,
                    -0.4252611994743347,
                    0.7975418567657471,
                    0.42787861824035645,
                    0.023045886307954788,
                    0.0,
                    0.0,
                    0.0,
                    1.0
                ],
                "ParentIndex": 52,
                "Children": [
                    37
                ]
            },
            {
                "Name": "jnt_Mid_R_End",
                "Transform": [
                    0.9999999403953552,
                    -2.0023437130589627e-8,
                    -1.0058283805847168e-7,
                    0.006679654121398926,
                    2.0023437130589627e-8,
                    0.9999999403953552,
                    1.0244547432591844e-8,
                    0.04638230800628662,
                    1.0058284516389904e-7,
                    -1.0244549208948683e-8,
                    0.9999998807907104,
                    -0.02136688306927681,
                    0.0,
                    0.0,
                    0.0,
                    1.0
                ],
                "ParentIndex": 40,
                "Children": []
            },
            {
                "Name": "jnt_Mid_R_02",
                "Transform": [
                    0.9521437287330627,
                    -0.04122451692819595,
                    0.3028582036495209,
                    -0.002001553773880005,
                    0.08077225834131241,
                    0.9895747900009155,
                    -0.11923745274543762,
                    0.04141810163855553,
                    -0.29478538036346436,
                    0.137993723154068,
                    0.9455471038818359,
                    -0.011374806985259056,
                    0.0,
                    0.0,
                    0.0,
                    1.0
                ],
                "ParentIndex": 41,
                "Children": [
                    39
                ]
            },
            {
                "Name": "jnt_Mid_R_01",
                "Transform": [
                    0.24871444702148438,
                    -0.2559598982334137,
                    0.9341444969177246,
                    -0.09511661529541016,
                    0.8563951253890991,
                    0.5086554884910583,
                    -0.08863998204469681,
                    0.058175228536129,
                    -0.45246925950050354,
                    0.8220429420471191,
                    0.345712810754776,
                    0.04612050577998161,
                    0.0,
                    0.0,
                    0.0,
                    1.0
                ],
                "ParentIndex": 52,
                "Children": [
                    40
                ]
            },
            {
                "Name": "jnt_Pink_R_End",
                "Transform": [
                    0.9999999403953552,
                    3.725290298461914e-8,
                    1.0430813546236095e-7,
                    0.010199300944805145,
                    -3.725290298461914e-8,
                    0.9999998807907104,
                    -1.4901162970204496e-8,
                    0.030743541195988655,
                    -1.0430813546236095e-7,
                    1.4901159417490817e-8,
                    0.9999999403953552,
                    0.004757821559906006,
                    0.0,
                    0.0,
                    0.0,
                    1.0
                ],
                "ParentIndex": 43,
                "Children": []
            },
            {
                "Name": "jnt_Pink_R_02",
                "Transform": [
                    0.5460360646247864,
                    -0.16878245770931244,
                    0.8205832839012146,
                    0.004630807787179947,
                    0.26511266827583313,
                    0.9639695286750793,
                    0.0218625720590353,
                    0.037095099687576294,
                    -0.7947074174880981,
                    0.20560932159423828,
                    0.5711084604263306,
                    -0.0008400008082389832,
                    0.0,
                    0.0,
                    0.0,
                    1.0
                ],
                "ParentIndex": 44,
                "Children": [
                    42
                ]
            },
            {
                "Name": "jnt_Pink_R_01",
                "Transform": [
                    -0.2193615436553955,
                    -0.30874550342559814,
                    0.925503671169281,
                    -0.05762592703104019,
                    0.862643301486969,
                    0.3817637860774994,
                    0.3318178355693817,
                    0.029408464208245277,
                    -0.45577090978622437,
                    0.8711676597595215,
                    0.18259288370609283,
                    0.08262569457292557,
                    0.0,
                    0.0,
                    0.0,
                    1.0
                ],
                "ParentIndex": 52,
                "Children": [
                    43
                ]
            },
            {
                "Name": "jnt_Ring_R_End",
                "Transform": [
                    0.9999999403953552,
                    -9.941869194562969e-8,
                    1.3969838619232178e-7,
                    0.011957082897424698,
                    9.941868484020233e-8,
                    1.0,
                    -1.9092105674189952e-8,
                    0.042965762317180634,
                    -1.3969837198146706e-7,
                    1.9092119885044667e-8,
                    1.0,
                    -0.00938750896602869,
                    0.0,
                    0.0,
                    0.0,
                    1.0
                ],
                "ParentIndex": 46,
                "Children": []
            },
            {
                "Name": "jnt_Ring_R_02",
                "Transform": [
                    0.9594596028327942,
                    -0.02418782003223896,
                    0.2808062732219696,
                    0.005723154172301292,
                    0.0893043652176857,
                    0.971064567565918,
                    -0.2214908003807068,
                    0.038615886121988297,
                    -0.2673236131668091,
                    0.23758868873119354,
                    0.9338574409484863,
                    -0.0036502378061413765,
                    0.0,
                    0.0,
                    0.0,
                    1.0
                ],
                "ParentIndex": 47,
                "Children": [
                    45
                ]
            },
            {
                "Name": "jnt_Ring_R_01",
                "Transform": [
                    -0.1955646574497223,
                    -0.31073638796806335,
                    0.9301602840423584,
                    -0.07869528234004974,
                    0.8671058416366577,
                    0.3882908523082733,
                    0.312022864818573,
                    0.046531081199645996,
                    -0.45812946557998657,
                    0.8675677180290222,
                    0.1935052126646042,
                    0.06865622103214264,
                    0.0,
                    0.0,
                    0.0,
                    1.0
                ],
                "ParentIndex": 52,
                "Children": [
                    46
                ]
            },
            {
                "Name": "jnt_Thumb_R_End",
                "Transform": [
                    1.0,
                    1.5133988284787847e-8,
                    -9.778887033462524e-8,
                    -0.000524105504155159,
                    -1.5133993613858365e-8,
                    0.9999999403953552,
                    -2.0780136722464704e-8,
                    0.04084404185414314,
                    9.778887033462524e-8,
                    2.0780134946107864e-8,
                    1.0,
                    -0.013987235724925995,
                    0.0,
                    0.0,
                    0.0,
                    1.0
                ],
                "ParentIndex": 49,
                "Children": []
            },
            {
                "Name": "jnt_Thumb_R_02",
                "Transform": [
                    0.9098578691482544,
                    -0.1038210466504097,
                    0.40172111988067627,
                    -0.009376837871968746,
