{
    "Model": {
        "UID": 1497450407474944,
        "Scenes": [
            {
                "rootNode": 25
            }
        ],
        "Nodes": [
            {
                "Name": "b_Head_05",
                "Transform": [
                    0.6795427203178406,
                    0.7336358428001404,
                    -0.000001687801159278024,
                    13.376960754394531,
                    -0.7336358428001404,
                    0.6795427203178406,
                    8.327559726239997e-7,
                    0.000007629340871062595,
                    0.0000017578726101419306,
                    6.723381034134945e-7,
                    1.0,
                    0.000012259229151823092,
                    0.0,
                    0.0,
                    0.0,
                    1.0
                ],
                "ParentIndex": 1,
                "Children": []
            },
            {
                "Name": "b_Neck_04",
                "Transform": [
                    0.8159224987030029,
                    -0.578161358833313,
                    7.947778044581355e-7,
                    25.649133682250977,
                    0.578161358833313,
                    0.8159224987030029,
                    5.298530822983594e-7,
                    0.000008285024705401156,
                    -9.548176649332163e-7,
                    2.719073677326378e-8,
                    1.0,
                    -0.0000012062810128554702,
                    0.0,
                    0.0,
                    0.0,
                    1.0
                ],
                "ParentIndex": 8,
                "Children": [
                    0
                ]
            },
            {
                "Name": "b_RightHand_08",
                "Transform": [
                    0.575641393661499,
                    -0.8173208832740784,
                    -0.024972515180706978,
                    19.35005760192871,
                    0.8176975250244141,
                    0.5754739046096802,
                    0.01416105404496193,
                    -0.14598023891448975,
                    0.0027969088405370712,
                    -0.02857164852321148,
                    0.9995878338813782,
                    -0.0000023414941097144037,
                    0.0,
                    0.0,
                    0.0,
                    1.0
                ],
                "ParentIndex": 3,
                "Children": []
            },
            {
                "Name": "b_RightForeArm_07",
                "Transform": [
                    0.9972432255744934,
                    -0.07420190423727036,
                    -0.0000020153036075498676,
                    23.045124053955078,
                    0.07420190423727036,
                    0.9972432255744934,
                    3.217083417439426e-7,
                    0.000031113624572753906,
                    0.0000019858764517266536,
                    -4.7036081696205656e-7,
                    1.0,
                    0.00004283672751626,
                    0.0,
                    0.0,
                    0.0,
                    1.0
                ],
                "ParentIndex": 4,
                "Children": [
                    2
                ]
            },
            {
                "Name": "b_RightUpperArm_06",
                "Transform": [
                    -0.014400718733668327,
                    0.9998953938484192,
                    -0.0012922459281980991,
                    18.677906036376953,
                    -0.999896228313446,
                    -0.014400837942957878,
                    -0.000022485095541924238,
                    -4.297327041625977,
                    -0.00004109216024517082,
                    0.0012917880667373538,
                    0.9999991655349731,
                    6.967575550079346,
                    0.0,
                    0.0,
                    0.0,
                    1.0
                ],
                "ParentIndex": 8,
                "Children": [
                    3
                ]
            },
            {
                "Name": "b_LeftHand_011",
                "Transform": [
                    0.5762672424316406,
                    -0.8162781596183777,
                    0.04007555916905403,
                    19.350051879882813,
                    0.8172041773796082,
                    0.5761142373085022,
                    -0.016428586095571518,
                    -0.1459829956293106,
                    -0.00967780314385891,
                    0.04221716523170471,
                    0.9990615844726563,
                    0.00001817988231778145,
                    0.0,
                    0.0,
                    0.0,
                    1.0
                ],
                "ParentIndex": 6,
                "Children": []
            },
            {
                "Name": "b_LeftForeArm_010",
                "Transform": [
                    0.9972432851791382,
                    -0.07420016825199127,
                    0.0000018310505538465804,
                    23.04513168334961,
                    0.07420016825199127,
                    0.9972432255744934,
                    1.636009159255991e-7,
                    -0.000003227032721042633,
                    -0.0000018381422250968171,
                    -2.7285647519192935e-8,
                    1.0,
                    -0.00002086721360683441,
                    0.0,
                    0.0,
                    0.0,
                    1.0
                ],
                "ParentIndex": 7,
                "Children": [
                    5
                ]
            },
            {
                "Name": "b_LeftUpperArm_09",
                "Transform": [
                    -0.014138579368591309,
                    0.9998981952667236,
                    -0.0019468864193186164,
                    18.67790412902832,
                    -0.9998999834060669,
                    -0.014137506484985352,
                    0.0005591445369645953,
                    -4.297337532043457,
                    0.0005315634189173579,
                    0.0019545969553291798,
                    0.9999979734420776,
                    -6.967987537384033,
                    0.0,
                    0.0,
                    0.0,
                    1.0
                ],
                "ParentIndex": 8,
                "Children": [
                    6
                ]
            },
            {
                "Name": "b_Spine02_03",
                "Transform": [
                    0.9993936419487,
                    -0.03481873497366905,
                    -9.156186138170597e-7,
                    21.65574836730957,
                    0.034818731248378754,
                    0.9993937611579895,
                    -1.637315172331455e-9,
                    -0.00011547655594768003,
                    9.151204380941635e-7,
                    -3.024435812903903e-8,
                    1.0,
                    0.000018810545952874236,
                    0.0,
                    0.0,
                    0.0,
                    1.0
                ],
                "ParentIndex": 9,
                "Children": [
                    1,
                    4,
                    7
                ]
            },
            {
                "Name": "b_Spine01_02",
                "Transform": [
                    0.30281615257263184,
                    0.9530490040779114,
                    -2.9755724995084165e-7,
                    12.850597381591797,
                    -0.9530490040779114,
                    0.30281615257263184,
                    -8.188150104615488e-7,
                    -0.0000324249267578125,
                    -6.902656650709105e-7,
                    5.315370117386919e-7,
                    1.0,
                    0.000007293310773093253,
                    0.0,
                    0.0,
                    0.0,
                    1.0
                ],
                "ParentIndex": 21,
                "Children": [
                    8
                ]
            },
            {
                "Name": "b_Tail03_014",
                "Transform": [
                    0.9942041039466858,
                    0.10750914365053177,
                    1.5931134100810596e-7,
                    24.240346908569336,
                    -0.10750914365053177,
                    0.9942041039466858,
                    -5.4288872064489624e-8,
                    0.000022888149032951333,
                    -1.6422454507392104e-7,
                    3.6846788731281777e-8,
                    1.0,
                    0.000008307850293931551,
                    0.0,
                    0.0,
                    0.0,
                    1.0
                ],
                "ParentIndex": 11,
                "Children": []
            },
            {
                "Name": "b_Tail02_013",
                "Transform": [
                    0.9903067350387573,
                    0.1388971209526062,
                    2.3192630038693096e-8,
                    12.411919593811035,
                    -0.1388970911502838,
                    0.9903069138526917,
                    -4.7602657815559724e-8,
                    0.000019073462681262754,
                    -2.957968980865644e-8,
                    4.3919854419982585e-8,
                    1.0,
                    0.000003924804332200438,
                    0.0,
                    0.0,
                    0.0,
                    1.0
                ],
                "ParentIndex": 12,
                "Children": [
                    10
                ]
            },
            {
                "Name": "b_Tail01_012",
                "Transform": [
                    -0.9282260537147522,
                    -0.37201565504074097,
                    -8.541055649402551e-7,
                    4.260408401489258,
                    0.37201544642448425,
                    -0.9282265901565552,
                    1.2665573478898295e-7,
                    15.95875358581543,
                    -8.399208013543102e-7,
                    -2.0017542112782394e-7,
                    1.0,
                    0.0000023338047867582645,
                    0.0,
                    0.0,
                    0.0,
                    1.0
                ],
                "ParentIndex": 21,
                "Children": [
                    11
                ]
            },
            {
                "Name": "b_LeftFoot02_018",
                "Transform": [
                    0.4009503126144409,
                    -0.9160996675491333,
                    1.3280624955314124e-7,
                    15.779932975769043,
                    0.9160996675491333,
                    0.4009503126144409,
                    -4.61620857095113e-8,
                    -0.000005439622327685356,
                    -1.0959637641860809e-8,
                    1.4017246030562092e-7,
                    1.0,
                    -0.000004601010004989803,
                    0.0,
                    0.0,
                    0.0,
                    1.0
                ],
                "ParentIndex": 14,
                "Children": []
            },
            {
                "Name": "b_LeftFoot01_017",
                "Transform": [
                    0.5795835852622986,
                    -0.8149126768112183,
                    0.00022747174079995602,
                    17.94280433654785,
                    0.8149126768112183,
                    0.579583466053009,
                    -0.0004416209412738681,
                    0.000027067959308624268,
                    0.00022804363106843084,
                    0.0004413258866406977,
                    0.9999998211860657,
                    0.000001019041519612074,
                    0.0,
                    0.0,
                    0.0,
                    1.0
                ],
                "ParentIndex": 15,
                "Children": [
                    13
                ]
            },
            {
                "Name": "b_LeftLeg02_016",
                "Transform": [
                    0.7290878891944885,
                    0.6844200491905212,
                    -8.328954095304653e-7,
                    18.94416618347168,
                    -0.6844200491905212,
                    0.7290878891944885,
                    9.605356865449721e-8,
                    0.000013681827113032341,
                    6.7299498596185e-7,
                    5.000188707526831e-7,
                    1.0,
                    0.000018092221580445766,
                    0.0,
                    0.0,
                    0.0,
                    1.0
                ],
                "ParentIndex": 16,
                "Children": [
                    14
                ]
            },
            {
                "Name": "b_LeftLeg01_015",
                "Transform": [
                    -0.8818634748458862,
                    0.4715050160884857,
                    0.00008213511318899691,
                    4.813786029815674,
                    -0.47150513529777527,
                    -0.8818632364273071,
                    -0.0003337031230330467,
                    5.1540069580078125,
                    -0.00008491078187944368,
                    -0.0003330076579004526,
                    0.9999999403953552,
                    -6.968003273010254,
                    0.0,
                    0.0,
                    0.0,
                    1.0
                ],
                "ParentIndex": 21,
                "Children": [
                    15
                ]
            },
            {
                "Name": "b_RightFoot02_022",
                "Transform": [
                    0.40095221996307373,
                    -0.9160988926887512,
                    4.613951887222356e-7,
                    15.779942512512207,
                    0.9160990118980408,
                    0.40095216035842896,
                    6.045181635272456e-7,
                    -0.000019174418412148952,
                    -7.38795847610163e-7,
                    1.8030071657904045e-7,
                    1.0,
                    -0.0000037392637750599533,
                    0.0,
                    0.0,
                    0.0,
                    1.0
                ],
                "ParentIndex": 18,
                "Children": []
            },
            {
                "Name": "b_RightFoot01_021",
                "Transform": [
                    0.5806370973587036,
                    -0.8141624331474304,
                    -0.00013973088061902672,
                    17.942819595336914,
                    0.8141624927520752,
                    0.5806369185447693,
                    0.00027272154693491757,
                    9.267341738450341e-8,
                    -0.0001409067481290549,
                    -0.00027211589622311294,
                    0.9999998807907104,
                    -0.000019734810848603956,
                    0.0,
                    0.0,
                    0.0,
                    1.0
                ],
                "ParentIndex": 19,
                "Children": [
                    17
                ]
            },
            {
                "Name": "b_RightLeg02_020",
                "Transform": [
                    0.7290871739387512,
                    0.6844207644462585,
                    -4.78811273296742e-7,
                    18.944194793701172,
                    -0.6844207644462585,
                    0.7290871739387512,
                    6.321286036836682e-7,
                    -0.000013081251381663606,
                    7.817370715201832e-7,
                    -1.3316856950496003e-7,
                    1.0,
                    -0.000005332010914571583,
                    0.0,
                    0.0,
                    0.0,
                    1.0
                ],
                "ParentIndex": 20,
                "Children": [
                    18
                ]
            },
            {
                "Name": "b_RightLeg01_019",
                "Transform": [
                    -0.8816394805908203,
                    0.4719224274158478,
                    -2.5194239583470335e-7,
                    4.813785076141357,
                    -0.4719221591949463,
                    -0.8816400170326233,
                    2.07738210633579e-7,
                    5.154016494750977,
                    -1.240861138285254e-7,
                    3.020475958237512e-7,
                    1.0,
                    6.967566013336182,
                    0.0,
                    0.0,
                    0.0,
                    1.0
                ],
                "ParentIndex": 21,
                "Children": [
                    19
                ]
            },
            {
                "Name": "b_Hip_01",
                "Transform": [
                    5.364417461350968e-7,
                    -0.0000011175870895385742,
                    -1.0,
                    -1.7494729623312999e-12,
                    -0.3552238643169403,
                    0.9347812533378601,
                    -0.0000012367963790893555,
                    26.748403549194336,
                    0.9347811937332153,
                    0.3552238941192627,
                    1.1920928955078125e-7,
                    42.93817138671875,
                    0.0,
                    0.0,
                    0.0,
                    1.0
                ],
                "ParentIndex": 22,
                "Children": [
                    9,
                    12,
                    16,
                    20
                ]
            },
            {
                "Name": "b_Root_00",
                "Transform": [
                    1.0,
                    3.422854533141617e-8,
                    1.2079226507921703e-13,
                    0.0,
                    0.0,
                    -0.0000034570693969726563,
                    0.9999999403953552,
                    0.0,
                    3.422854533141617e-8,
                    -0.9999999403953552,
                    -0.0000034570693969726563,
                    0.0,
                    0.0,
                    0.0,
                    0.0,
                    1.0
                ],
                "ParentIndex": 23,
                "Children": [
                    21
                ]
            },
            {
                "Name": "_rootJoint",
                "Transform": [
                    1.0,
                    2.928983286277023e-16,
                    3.422854533141617e-8,
                    0.0,
                    -8.786949858831069e-16,
                    1.0,
                    1.7114272665708086e-8,
                    0.0,
                    -3.422854533141617e-8,
                    -1.7114272665708086e-8,
                    1.0,
                    0.0,
                    0.0,
                    0.0,
                    0.0,
                    1.0
                ],
                "ParentIndex": 25,
                "Children": [
                    22
                ]
            },
            {
                "Name": "fox",
                "Transform": [
                    1.0,
                    0.0,
                    0.0,
                    0.0,
                    0.0,
                    1.0,
                    0.0,
                    0.0,
                    0.0,
                    0.0,
                    1.0,
                    0.0,
                    0.0,
                    0.0,
                    0.0,
                    1.0
                ],
                "ParentIndex": 25,
                "Children": [],
                "MeshesMaterials": [
                    1130696784132297,
                    1348978346024115
                ],
                "SkinIndex": 0
            },
            {
                "Name": "root",
                "Transform": [
                    1.0,
                    0.0,
                    0.0,
                    0.0,
                    0.0,
                    1.0,
                    0.0,
                    0.0,
                    0.0,
                    0.0,
                    1.0,
                    0.0,
                    0.0,
                    0.0,
                    0.0,
                    1.0
                ],
                "ParentIndex": -1,
                "Children": [
                    24,
                    23
                ]
            }
        ],
        "Animations": [
            1523005150347008,
            1549634421884671,
            1599547681894022
        ],
        "Skins": [
            {
                "RootIndex": -1,
                "BonesIndices": [
                    23,
                    22,
                    21,
                    9,
                    8,
                    1,
                    0,
                    4,
                    3,
                    2,
                    7,
                    6,
                    5,
                    12,
                    11,
                    10,
                    16,
                    15,
                    14,
                    13,
                    20,
                    19,
                    18,
                    17
                ],
                "InverseBindMatrices": [
                    [
                        1.0,
                        -1.1715933145108092e-15,
                        -3.422854533141617e-8,
                        -0.0,
                        1.1715933145108092e-15,
                        1.0,
                        -4.010193344352739e-23,
                        0.0,
                        3.422854533141617e-8,
                        3.422854533141617e-8,
                        1.0,
                        -0.0,
                        -0.0,
                        0.0,
                        -0.0,
                        1.0
                    ],
                    [
                        1.0,
                        1.6189848940639795e-15,
                        -5.730252495989185e-21,
                        -0.0,
                        -4.230046152334546e-21,
                        -0.000003610507292250986,
                        -1.0,
                        0.0,
                        1.1715933145108092e-15,
                        1.0,
                        -0.0000035394107271713438,
                        -0.0,
                        -0.0,
                        0.0,
                        -0.0,
                        1.0
                    ],
                    [
                        5.036930588175892e-7,
                        0.9347826242446899,
                        0.35522061586380005,
                        -30.636127471923828,
                        -0.000001115738427870383,
                        0.3552205264568329,
                        -0.9347824454307556,
                        -40.256568908691406,
                        -1.0,
                        8.397617534683377e-8,
                        0.000001243410338247486,
                        0.000029653658202732913,
                        -0.0,
                        -0.0,
                        -0.0,
                        1.0
                    ],
                    [
                        0.0000019061454850088921,
                        -0.05547526478767395,
                        0.9984599947929382,
                        25.197965621948242,
                        -3.893563871315564e-7,
                        0.9984601140022278,
                        0.055475473403930664,
                        -53.63530731201172,
                        -1.0,
                        -4.85035002384393e-7,
                        0.0000019031257352253306,
                        0.00006826278695371002,
                        -0.0,
                        0.0,
                        -0.0,
                        1.0
                    ],
                    [
                        9.763123216544045e-7,
                        -0.020676517859101295,
                        0.9997861385345459,
                        1.672560691833496,
                        -4.252454743891576e-7,
                        0.9997861981391907,
                        0.02067672647535801,
                        -53.72599792480469,
                        -1.0,
                        -4.3587559162006073e-7,
                        9.888264003166114e-7,
                        0.00004629672912415117,
                        -0.0,
                        0.0,
                        -0.0,
                        1.0
                    ],
                    [
                        0.0000015055522908369312,
                        0.5611671805381775,
                        0.8277024626731873,
                        -50.62531661987305,
                        -9.386240549247304e-7,
                        0.8277023434638977,
                        -0.5611670017242432,
                        -29.973926544189453,
                        -1.0,
                        7.74307764572768e-8,
                        0.0000017943896182259778,
                        -1.9921566618563702e-8,
                        -0.0,
                        -0.0,
                        -0.0,
                        1.0
                    ],
                    [
                        -4.6177120793799986e-8,
                        -0.2258949875831604,
                        0.9741515517234802,
                        -21.50234031677246,
                        -2.0564623071095411e-7,
                        0.974151611328125,
                        0.2258952260017395,
                        -67.32294464111328,
                        -1.0,
                        -1.8043380123344832e-7,
                        -6.992252821191869e-8,
                        0.0000707829967723228,
                        0.0,
                        0.0,
                        -0.0,
                        1.0
                    ],
                    [
                        0.00004150325185037218,
                        -0.9993848204612732,
                        -0.03507229685783386,
                        49.668724060058594,
                        -0.0012908057542517781,
                        -0.035072024911642075,
                        0.9993839263916016,
                        -16.30076026916504,
                        -0.9999991655349731,
                        0.000003802750143222511,
                        -0.001291445572860539,
                        -6.944437026977539,
                        -0.0,
                        0.0,
                        -0.0,
                        1.0
                    ],
                    [
                        -0.000056377284636255354,
                        -0.9992321729660034,
                        0.03918057680130005,
                        25.34064292907715,
                        -0.0012898565037176013,
                        0.03918091580271721,
                        0.9992312788963318,
                        -18.231372833251953,
                        -0.9999991655349731,
                        0.0000058055265981238335,
                        -0.001291053369641304,
                        -6.9445390701293945,
                        0.0,
                        0.0,
                        -0.0,
                        1.0
                    ],
                    [
                        -0.003884074278175831,
                        -0.5431612730026245,
                        0.8396191596984863,
                        -11.359371185302734,
                        0.027875423431396484,
                        0.8392407298088074,
                        0.5430455207824707,
                        -15.105487823486328,
                        -0.9996038675308228,
                        0.025513984262943268,
                        0.011881209909915924,
                        -7.347382545471191,
                        0.0,
                        0.0,
                        -0.0,
                        1.0
                    ],
                    [
                        -0.0005311520653776824,
                        -0.9993937015533447,
                        -0.034810248762369156,
                        49.6678466796875,
                        -0.001953614642843604,
                        -0.03480907529592514,
                        0.9993919134140015,
                        -16.29118537902832,
                        -0.9999979138374329,
                        0.0005988441407680511,
                        -0.001933919615112245,
                        6.973489284515381,
                        0.0,
                        0.0,
                        -0.0,
                        1.0
                    ],
                    [
                        -0.0006728082080371678,
                        -0.9992215633392334,
                        0.03944076597690582,
                        25.34050750732422,
                        -0.0019087904365733266,
                        0.03944206237792969,
                        0.9992198944091797,
                        -18.2216854095459,
                        -0.9999978542327881,
                        0.000597008503973484,
                        -0.0019338197307661176,
                        6.973555564880371,
                        0.0,
                        0.0,
                        -0.0,
                        1.0
                    ],
                    [
                        0.007730188779532909,
                        -0.543592095375061,
                        0.8393137454986572,
                        -11.386921882629395,
                        -0.042767565697431564,
                        0.838391125202179,
                        0.5433886647224426,
                        -15.009151458740234,
                        -0.9990551471710205,
                        -0.040095891803503036,
                        -0.016767172142863274,
                        7.504023551940918,
                        -0.0,
                        0.0,
                        -0.0,
                        1.0
                    ],
                    [
                        -4.269233144782447e-8,
                        -0.7355428338050842,
                        -0.6774792075157166,
                        11.478917121887207,
                        0.0000010484516224096296,
                        -0.6774789690971375,
                        0.7355420589447021,
                        65.16261291503906,
                        -1.0,
                        -6.694364174109069e-7,
                        8.216186984100204e-7,
                        0.00005000518649467267,
                        -0.0,
                        0.0,
                        -0.0,
                        1.0
                    ],
                    [
                        -1.583257187576237e-7,
                        -0.6343132257461548,
                        -0.7730769515037537,
                        -9.974855422973633,
                        9.884390692604939e-7,
                        -0.7730767130851746,
                        0.6343124508857727,
                        64.40137481689453,
                        -1.0,
                        -6.542457526848011e-7,
                        7.708923703830806e-7,
                        0.000042956831748597324,
                        -0.0,
                        0.0,
                        -0.0,
                        1.0
                    ],
                    [
                        -9.944971424147298e-8,
                        -0.5475239753723145,
                        -0.8367906212806702,
                        -40.94062423706055,
                        9.288418141295551e-7,
                        -0.8367904424667358,
                        0.5475231409072876,
                        60.349632263183594,
                        -1.0,
                        -7.133295412131702e-7,
                        6.132963221716636e-7,
                        0.000025701840058900416,
                        -0.0,
                        0.0,
                        -0.0,
                        1.0
                    ],
                    [
                        0.00008499260729877278,
                        -0.9918386340141296,
                        0.12749864161014557,
                        52.672691345214844,
                        0.00033422926208004355,
                        0.12749871611595154,
                        0.9918386936187744,
                        23.32879066467285,
                        -1.0,
                        -0.000041675884858705103,
                        0.0003423593007028103,
                        6.980274677276611,
                        -0.0,
                        0.0,
                        -0.0,
                        1.0
                    ],
                    [
                        -0.0001674591185292229,
                        -0.8104003071784973,
                        -0.5858766436576843,
                        8.624383926391602,
                        0.0003013531386386603,
                        -0.58587646484375,
                        0.8104003071784973,
                        40.09321594238281,
                        -1.0,
                        -0.00004083753447048366,
                        0.00034234841587021947,
                        6.980230331420898,
                        -0.0,
                        0.0,
                        -0.0,
                        1.0
                    ],
                    [
                        -0.00007952367013785988,
                        -0.9471328854560852,
                        0.320840984582901,
                        27.27323341369629,
                        -0.00013020195183344185,
                        0.32084107398986816,
                        0.9471330642700195,
                        30.83413314819336,
                        -1.0,
                        0.000033554595574969426,
                        -0.0001488117704866454,
                        6.960402965545654,
                        0.0,
                        0.0,
                        -0.0,
                        1.0
                    ],
                    [
                        -0.00015115209680516273,
                        -0.08583078533411026,
                        0.9963098168373108,
                        32.85540008544922,
                        0.000020506906366790645,
                        0.9963096976280212,
                        0.08583112061023712,
                        1.8339545726776123,
                        -1.0,
                        0.00003341400224599056,
                        -0.00014881287643220276,
                        6.960407733917236,
                        0.0,
                        0.0,
                        -0.0,
                        1.0
                    ],
                    [
                        2.065517605842615e-7,
                        -0.9917790293693542,
                        0.1279679536819458,
                        52.68436813354492,
                        9.19336400784232e-7,
                        0.12796840071678162,
                        0.9917782545089722,
                        23.30617332458496,
                        -1.0,
                        -7.774282551054057e-8,
                        9.597251846571453e-7,
                        -6.967536449432373,
                        -0.0,
                        0.0,
                        -0.0,
                        1.0
                    ],
                    [
                        -0.0000012603558161572437,
                        -0.810677707195282,
                        -0.5854938626289368,
                        8.648287773132324,
                        9.448133369005518e-7,
                        -0.5854941010475159,
                        0.8106768131256104,
                        40.084716796875,
                        -1.0,
                        4.780245603797084e-7,
                        0.0000015253839364959276,
                        -6.967532634735107,
                        0.0,
                        0.0,
                        -0.0,
                        1.0
                    ],
                    [
                        0.00014094416110310704,
                        -0.9473969340324402,
                        0.32006311416625977,
                        27.239704132080078,
                        0.0002736906462814659,
                        0.32006365060806274,
                        0.9473962783813477,
                        30.84383201599121,
                        -1.0,
                        -0.00004592218465404585,
                        0.0003044260374736041,
                        -6.955282211303711,
                        -0.0,
                        0.0,
                        -0.0,
                        1.0
                    ],
                    [
                        0.00030797842191532254,
                        -0.08665085583925247,
                        0.9962387681007385,
                        32.85083770751953,
                        -0.000019562250599847175,
                        0.9962396621704102,
                        0.08665117621421814,
                        1.8686336278915405,
                        -1.0,
                        -0.00004616584919858724,
                        0.0003051463863812387,
                        -6.955254554748535,
                        -0.0,
                        0.0,
                        -0.0,
                        1.0
                    ]
                ]
            }
        ]
    }
}