{
    "Model": {
        "UID": 1400384992617195,
        "Scenes": [
            {
                "rootNode": 36
            }
        ],
        "Nodes": [
            {
                "Name": "fracture_A",
                "Transform": [
                    0.9999677538871765,
                    -2.8972653609571353e-8,
                    0.008031056262552738,
                    0.011107935570180416,
                    2.895972173178052e-8,
                    1.0,
                    1.7266834628770766e-9,
                    0.01000940054655075,
                    -0.008031056262552738,
                    -1.4940506609661952e-9,
                    0.9999677538871765,
                    0.01774005964398384,
                    0.0,
                    0.0,
                    0.0,
                    1.0
                ],
                "ParentIndex": 2,
                "Children": []
            },
            {
                "Name": "jnt_small_spike_A",
                "Transform": [
                    0.9659258723258972,
                    -2.413368633824575e-7,
                    -0.2588188648223877,
                    0.021596673876047134,
                    2.3277654292996885e-7,
                    1.0000001192092896,
                    -6.372000882493012e-8,
                    2.391302089677083e-8,
                    0.2588188648223877,
                    1.3018529587682792e-9,
                    0.9659258723258972,
                    -0.009254910051822662,
                    0.0,
                    0.0,
                    0.0,
                    1.0
                ],
                "ParentIndex": 2,
                "Children": []
            },
            {
                "Name": "jnt_spike_A",
                "Transform": [
                    0.8598845601081848,
                    0.5103592276573181,
                    -0.011485530994832516,
                    -0.09716635942459106,
                    -0.487020343542099,
                    0.82688969373703,
                    0.28118401765823364,
                    -0.0893481895327568,
                    0.15300212800502777,
                    -0.23619212210178375,
                    0.9595850706100464,
                    -0.05718876048922539,
                    0.0,
                    0.0,
                    0.0,
                    1.0
                ],
                "ParentIndex": 19,
                "Children": [
                    0,
                    1
                ]
            },
            {
                "Name": "fracture_B",
                "Transform": [
                    0.43393969535827637,
                    0.5103594660758972,
                    0.7424483895301819,
                    0.02017940953373909,
                    -0.48474884033203125,
                    0.8268896341323853,
                    -0.2850826680660248,
                    -0.0005706632509827614,
                    -0.7594174742698669,
                    -0.23619231581687927,
                    0.6062164306640625,
                    -0.0007729800418019295,
                    0.0,
                    0.0,
                    0.0,
                    1.0
                ],
                "ParentIndex": 5,
                "Children": []
            },
            {
                "Name": "jnt_small_spike_B",
                "Transform": [
                    0.9748010039329529,
                    -0.0467514842748642,
                    -0.21812281012535095,
                    0.002569437026977539,
                    0.07551093399524689,
                    0.9892238974571228,
                    0.12543591856956482,
                    -0.007699519395828247,
                    0.20990800857543945,
                    -0.13874569535255432,
                    0.9678266048431396,
                    -0.021403491497039795,
                    0.0,
                    0.0,
                    0.0,
                    1.0
                ],
                "ParentIndex": 5,
                "Children": []
            },
            {
                "Name": "jnt_spike_B",
                "Transform": [
                    1.0,
                    -7.450582373280668e-9,
                    1.0058283805847168e-7,
                    -0.13278557360172272,
                    7.450581485102248e-9,
                    0.9999999403953552,
                    2.6077035641947077e-8,
                    -0.04670199751853943,
                    -1.0058283805847168e-7,
                    -2.6077033865590238e-8,
                    1.0,
                    0.015146709978580475,
                    0.0,
                    0.0,
                    0.0,
                    1.0
                ],
                "ParentIndex": 19,
                "Children": [
                    3,
                    4
                ]
            },
            {
                "Name": "fracture_C",
                "Transform": [
                    0.9999677538871765,
                    -1.5879048476108437e-7,
                    0.0080270916223526,
                    0.009353915229439735,
                    -0.002066848799586296,
                    0.9662773609161377,
                    0.2574949264526367,
                    0.013529863208532333,
                    -0.007756439037621021,
                    -0.2575032114982605,
                    0.9662462472915649,
                    0.011899774894118309,
                    0.0,
                    0.0,
                    0.0,
                    1.0
                ],
                "ParentIndex": 8,
                "Children": []
            },
            {
                "Name": "jnt_small_spike_C",
                "Transform": [
                    0.9659258127212524,
                    -0.06664690375328064,
                    -0.2500908672809601,
                    0.021291915327310562,
                    0.06664710491895676,
                    0.9977405667304993,
                    -0.008477533236145973,
                    -0.002238542539998889,
                    0.2500907778739929,
                    -0.0084791649132967,
                    0.9681852459907532,
                    -0.008399688638746738,
                    0.0,
                    0.0,
                    0.0,
                    1.0
                ],
                "ParentIndex": 8,
                "Children": []
            },
            {
                "Name": "jnt_spike_C",
                "Transform": [
                    -0.4199990928173065,
                    0.686384379863739,
                    0.5936980247497559,
                    -0.09529586136341095,
                    1.4901159772762185e-7,
                    0.6541953086853027,
                    -0.7563257813453674,
                    -0.047328732907772064,
                    -0.9075244069099426,
                    -0.31765618920326233,
                    -0.274761438369751,
                    0.09395943582057953,
                    0.0,
                    0.0,
                    0.0,
                    1.0
                ],
                "ParentIndex": 19,
                "Children": [
                    6,
                    7
                ]
            },
            {
                "Name": "fracture_D",
                "Transform": [
                    0.9745278358459473,
                    0.22073319554328918,
                    0.03965216502547264,
                    0.013602154329419136,
                    -0.21426622569561005,
                    0.9686129093170166,
                    -0.12601163983345032,
                    0.005099156871438026,
                    -0.06622256338596344,
                    0.11430574208498001,
                    0.9912359118461609,
                    0.01809041015803814,
                    0.0,
                    0.0,
                    0.0,
                    1.0
                ],
                "ParentIndex": 11,
                "Children": []
            },
            {
                "Name": "jnt_small_spike_D",
                "Transform": [
                    0.9675860404968262,
                    0.03686945512890816,
                    -0.24983540177345276,
                    0.021116500720381737,
                    -0.022299040108919144,
                    0.9978943467140198,
                    0.060902465134859085,
                    -0.003633413929492235,
                    0.25155481696128845,
                    -0.053357284516096115,
                    0.9663710594177246,
                    -0.009988514706492424,
                    0.0,
                    0.0,
                    0.0,
                    1.0
                ],
                "ParentIndex": 11,
                "Children": []
            },
            {
                "Name": "jnt_spike_D",
                "Transform": [
                    -0.7252098917961121,
                    0.6780210733413696,
                    0.11982429027557373,
                    -0.017258528620004654,
                    0.6483277678489685,
                    0.7310423254966736,
                    -0.2127157747745514,
                    -0.09060088545084,
                    -0.2318224459886551,
                    -0.07657817751169205,
                    -0.9697390794754028,
                    0.11108853667974472,
                    0.0,
                    0.0,
                    0.0,
                    1.0
                ],
                "ParentIndex": 19,
                "Children": [
                    9,
                    10
                ]
            },
            {
                "Name": "fracture_E",
                "Transform": [
                    0.9999678730964661,
                    1.2320444398028485e-7,
                    0.008031629957258701,
                    0.011107885278761387,
                    -1.2321339681875543e-7,
                    1.0000001192092896,
                    6.211081093887572e-10,
                    0.01000936795026064,
                    -0.008031630888581276,
                    -1.6106926903347585e-9,
                    0.9999677538871765,
                    0.017740143463015556,
                    0.0,
                    0.0,
                    0.0,
                    1.0
                ],
                "ParentIndex": 14,
                "Children": []
            },
            {
                "Name": "jnt_small_spike_E",
                "Transform": [
                    0.9659258127212524,
                    1.0217348744845367e-7,
                    -0.25881919264793396,
                    0.02165609784424305,
                    -1.1636100794021331e-7,
                    1.0,
                    -3.949709181938488e-8,
                    -1.3617955652023284e-8,
                    0.25881919264793396,
                    6.826771681289756e-8,
                    0.9659258127212524,
                    -0.008747954852879047,
                    0.0,
                    0.0,
                    0.0,
                    1.0
                ],
                "ParentIndex": 14,
                "Children": []
            },
            {
                "Name": "jnt_spike_E",
                "Transform": [
                    -0.4398893713951111,
                    0.5103588700294495,
                    -0.7389392256736755,
                    0.022888755425810814,
                    0.4870228171348572,
                    0.8268897533416748,
                    0.2811793386936188,
                    -0.13564817607402802,
                    0.754523754119873,
                    -0.2361924797296524,
                    -0.6122965216636658,
                    0.040131062269210815,
                    0.0,
                    0.0,
                    0.0,
                    1.0
                ],
                "ParentIndex": 19,
                "Children": [
                    12,
                    13
                ]
            },
            {
                "Name": "fracture_F",
                "Transform": [
                    0.9999677538871765,
                    8.349978486421605e-8,
                    0.008031347766518593,
                    0.011107876896858215,
                    -8.435009135610017e-8,
                    1.0,
                    1.0553389984124806e-7,
                    0.010009344667196274,
                    -0.008031346835196018,
                    -1.0620792068039009e-7,
                    0.9999678730964661,
                    0.01774013228714466,
                    0.0,
                    0.0,
                    0.0,
                    1.0
                ],
                "ParentIndex": 17,
                "Children": []
            },
            {
                "Name": "jnt_small_spike_F",
                "Transform": [
                    0.9659261107444763,
                    6.486391979088069e-10,
                    -0.25881853699684143,
                    0.021480059251189232,
                    3.483569654960661e-9,
                    1.0000001192092896,
                    1.5507044537343972e-8,
                    -8.662025408057161e-8,
                    0.25881853699684143,
                    -1.5880267767443e-8,
                    0.9659261107444763,
                    -0.008984165266156197,
                    0.0,
                    0.0,
                    0.0,
                    1.0
                ],
                "ParentIndex": 17,
                "Children": []
            },
            {
                "Name": "jnt_spike_F",
                "Transform": [
                    0.41999557614326477,
                    0.5103588104248047,
                    -0.7504248023033142,
                    -0.017065193504095078,
                    0.0000029504292342608096,
                    0.82688969373703,
                    0.5623639225959778,
                    -0.13502177596092224,
                    0.907525897026062,
                    -0.23619264364242554,
                    0.347288578748703,
                    -0.044007595628499985,
                    0.0,
                    0.0,
                    0.0,
                    1.0
                ],
                "ParentIndex": 19,
                "Children": [
                    15,
                    16
                ]
            },
            {
                "Name": "ultimate_spikes_m",
                "Transform": [
                    1.0,
                    0.0,
                    0.0,
                    0.0,
                    0.0,
                    1.0,
                    0.0,
                    0.0,
                    0.0,
                    0.0,
                    1.0,
                    0.0,
                    0.0,
                    0.0,
                    0.0,
                    1.0
                ],
                "ParentIndex": 19,
                "Children": [],
                "MeshesMaterials": [
                    1159940441120056,
                    1399059225818905,
                    1193131175232286,
                    1355994001751939
                ],
                "SkinIndex": 0
            },
            {
                "Name": "ultimate_jnt_spike_Center",
                "Transform": [
                    0.06161515414714813,
                    -0.054320286959409714,
                    -0.05703406035900116,
                    -0.002921037608757615,
                    0.051035936921834946,
                    0.08268896490335464,
                    -0.023619266226887703,
                    -0.00940745510160923,
                    0.05999092385172844,
                    -0.014554807916283607,
                    0.07867179811000824,
                    -0.003954336512833834,
                    0.0,
                    0.0,
                    0.0,
                    1.0
                ],
                "ParentIndex": 20,
                "Children": [
                    18,
                    2,
                    5,
                    8,
                    11,
                    14,
                    17
                ]
            },
            {
                "Name": "ult_spike_radio",
                "Transform": [
                    18.0,
                    0.0,
                    0.0,
                    0.004139776341617107,
                    0.0,
                    18.0,
                    0.0,
                    -0.0014334768056869507,
                    0.0,
                    0.0,
                    18.0,
                    0.004104048945009708,
                    0.0,
                    0.0,
                    0.0,
                    1.0
                ],
                "ParentIndex": 22,
                "Children": [
                    19
                ]
            },
            {
                "Name": "ult_SpikeRadio",
                "Transform": [
                    1.0,
                    0.0,
                    0.0,
                    -0.11403534561395645,
                    0.0,
                    1.0,
                    0.0,
                    0.020304061472415924,
                    0.0,
                    0.0,
                    1.0,
                    0.03951527923345566,
                    0.0,
                    0.0,
                    0.0,
                    1.0
                ],
                "ParentIndex": 22,
                "Children": []
            },
            {
                "Name": "ult_spike",
                "Transform": [
                    1.0,
                    0.0,
                    0.0,
                    0.0,
                    0.0,
                    1.0,
                    0.0,
                    0.08012894541025162,
                    0.0,
                    0.0,
                    1.0,
                    0.0,
                    0.0,
                    0.0,
                    0.0,
                    1.0
                ],
                "ParentIndex": 36,
                "Children": [
                    20,
                    21
                ]
            },
            {
                "Name": "ultimate_jnt_blur",
                "Transform": [
                    1.0,
                    -0.0,
                    0.0,
                    0.0,
                    0.0,
                    5.960464477539063e-8,
                    0.9999999403953552,
                    0.0,
                    -0.0,
                    -0.9999999403953552,
                    5.960464477539063e-8,
                    0.0,
                    0.0,
                    0.0,
                    0.0,
                    1.0
                ],
                "ParentIndex": 25,
                "Children": []
            },
            {
                "Name": "ultimate_mesh_blur",
                "Transform": [
                    1.0,
                    0.0,
                    0.0,
                    0.0,
                    0.0,
                    1.0,
                    0.0,
                    0.0,
                    0.0,
                    0.0,
                    1.0,
                    0.0,
                    0.0,
                    0.0,
                    0.0,
                    1.0
                ],
                "ParentIndex": 25,
                "Children": [],
                "MeshesMaterials": [
                    1189729008305858,
                    1383091971738620
                ],
                "SkinIndex": 1
            },
            {
                "Name": "ult_blur",
                "Transform": [
                    1.0,
                    0.0,
                    0.0,
                    0.0,
                    0.0,
                    1.0,
                    0.0,
                    0.0,
                    0.0,
                    0.0,
                    1.0,
                    0.0,
                    0.0,
                    0.0,
                    0.0,
                    1.0
                ],
                "ParentIndex": 35,
                "Children": [
                    24,
                    23
                ]
            },
            {
                "Name": "ultimate_jnt_brust",
                "Transform": [
                    1.0,
                    -0.0,
                    0.0,
                    0.0,
                    0.0,
                    5.960464477539063e-8,
                    0.9999999403953552,
                    0.0,
                    -0.0,
                    -0.9999999403953552,
                    5.960464477539063e-8,
                    0.0,
                    0.0,
                    0.0,
                    0.0,
                    1.0
                ],
                "ParentIndex": 28,
                "Children": []
            },
            {
                "Name": "ultimate_mesh_brust",
                "Transform": [
                    1.0,
                    0.0,
                    0.0,
                    0.0,
                    0.0,
                    1.0,
                    0.0,
                    0.0,
                    0.0,
                    0.0,
                    1.0,
                    0.0,
                    0.0,
                    0.0,
                    0.0,
                    1.0
                ],
                "ParentIndex": 28,
                "Children": [],
                "MeshesMaterials": [
                    1119574532891287,
                    1314019435093161
                ],
                "SkinIndex": 2
            },
            {
                "Name": "ult_brust",
                "Transform": [
                    1.0,
                    0.0,
                    0.0,
                    0.0,
                    0.0,
                    1.0,
                    0.0,
                    0.0,
                    0.0,
                    0.0,
                    1.0,
                    0.0,
                    0.0,
                    0.0,
                    0.0,
                    1.0
                ],
                "ParentIndex": 35,
                "Children": [
                    27,
                    26
                ]
            },
            {
                "Name": "ultimate_jnt_crack",
                "Transform": [
                    1.0,
                    -0.0,
                    0.0,
                    0.0,
                    0.0,
                    5.960464477539063e-8,
                    0.9999999403953552,
                    -0.16163614392280579,
                    -0.0,
                    -0.9999999403953552,
                    5.960464477539063e-8,
                    0.0,
                    0.0,
                    0.0,
                    0.0,
                    1.0
                ],
                "ParentIndex": 31,
                "Children": []
            },
            {
                "Name": "ultimate_mesh_crack2",
                "Transform": [
                    1.0,
                    0.0,
                    0.0,
                    0.0,
                    0.0,
                    1.0,
                    0.0,
                    0.0,
                    0.0,
                    0.0,
                    1.0,
                    0.0,
                    0.0,
                    0.0,
                    0.0,
                    1.0
                ],
                "ParentIndex": 31,
                "Children": [],
                "MeshesMaterials": [
                    1129172267383769,
                    1328497688118053
                ],
                "SkinIndex": 3
            },
            {
                "Name": "ult_crack",
                "Transform": [
                    1.0,
                    0.0,
                    0.0,
                    0.0,
                    0.0,
                    1.0,
                    0.0,
                    0.0,
                    0.0,
                    0.0,
                    1.0,
                    0.0,
                    0.0,
                    0.0,
                    0.0,
                    1.0
                ],
                "ParentIndex": 35,
                "Children": [
                    30,
                    29
                ]
            },
            {
                "Name": "ultimate_jnt_warning",
                "Transform": [
                    1.0,
                    -0.0,
                    0.0,
                    0.0,
                    0.0,
                    5.960464477539063e-8,
                    0.9999999403953552,
                    0.13842037320137024,
                    -0.0,
                    -0.9999999403953552,
                    5.960464477539063e-8,
                    0.0,
                    0.0,
                    0.0,
                    0.0,
                    1.0
                ],
                "ParentIndex": 34,
                "Children": []
            },
            {
                "Name": "ultimate_mesh_warning",
                "Transform": [
                    1.0,
                    0.0,
                    0.0,
                    0.0,
                    0.0,
                    1.0,
                    0.0,
                    0.0,
                    0.0,
                    0.0,
                    1.0,
                    0.0,
                    0.0,
                    0.0,
                    0.0,
                    1.0
                ],
                "ParentIndex": 34,
                "Children": [],
                "MeshesMaterials": [
                    1115416033156009,
                    1398432638154131
                ],
                "SkinIndex": 4
            },
            {
                "Name": "ult_warning",
                "Transform": [
                    1.0,
                    0.0,
                    0.0,
                    0.0,
                    0.0,
                    1.0,
                    0.0,
                    0.0,
                    0.0,
                    0.0,
                    1.0,
                    0.0,
                    0.0,
                    0.0,
                    0.0,
                    1.0
                ],
                "ParentIndex": 35,
                "Children": [
                    33,
                    32
                ]
            },
            {
                "Name": "ulti_glow",
                "Transform": [
                    1.0,
                    0.0,
                    0.0,
                    0.0,
                    0.0,
                    1.0,
                    0.0,
                    0.0,
                    0.0,
                    0.0,
                    1.0,
                    0.0,
                    0.0,
                    0.0,
                    0.0,
                    1.0
                ],
                "ParentIndex": 36,
                "Children": [
                    25,
                    28,
                    31,
                    34
                ]
            },
            {
                "Name": "ultimate_attack",
                "Transform": [
                    1.0,
                    0.0,
                    0.0,
                    0.0,
                    0.0,
                    1.0,
                    0.0,
                    0.0,
                    0.0,
                    0.0,
                    1.0,
                    0.0,
                    0.0,
                    0.0,
                    0.0,
                    1.0
                ],
                "ParentIndex": -1,
                "Children": [
                    22,
                    35
                ]
            }
        ],
        "Animations": [
            1540445787300115
        ],
        "Skins": [
            {
                "RootIndex": -1,
                "BonesIndices": [
                    2,
                    0,
                    1,
                    5,
                    3,
                    4,
                    8,
                    6,
                    7,
                    11,
                    9,
                    10,
                    14,
                    12,
                    13,
                    17,
                    15,
                    16
                ],
                "InverseBindMatrices": [
                    [
                        0.3928370177745819,
                        -5.203315822654986e-8,
                        0.39283710718154907,
                        0.09416522085666656,
                        -1.9675030671351124e-7,
                        0.5555554628372192,
                        2.097585110050204e-7,
                        0.16031816601753235,
                        -0.39283710718154907,
                        -2.0162836733561562e-7,
                        0.39283695816993713,
                        0.08620531111955643,
                        -0.0,
                        0.0,
                        -0.0,
                        1.0
                    ],
                    [
                        0.39597928524017334,
                        -5.041217931989195e-8,
                        0.3896695077419281,
                        0.0825047567486763,
                        -2.184353178336096e-7,
                        0.5555554628372192,
                        1.859087177535912e-7,
                        0.150308758020401,
                        -0.3896695673465729,
                        -2.020397431579113e-7,
                        0.3959791958332062,
                        0.06913008540868759,
                        -0.0,
                        0.0,
                        -0.0,
                        1.0
                    ],
                    [
                        0.2777777910232544,
                        1.2939493920782752e-8,
                        0.4811251759529114,
                        0.09480278193950653,
                        -2.9675240398319147e-7,
                        0.5555554628372192,
                        1.0229216229618032e-7,
                        0.16031812131404877,
                        -0.48112520575523376,
                        -2.1557498541824316e-7,
                        0.277777761220932,
                        0.07342538982629776,
                        -0.0,
                        0.0,
                        -0.0,
                        1.0
                    ],
                    [
                        0.34230637550354004,
                        0.28353285789489746,
                        0.3332827091217041,
                        0.19742019474506378,
                        -0.30177929997444153,
                        0.45938313007354736,
                        -0.08086004108190536,
                        0.06829844415187836,
                        -0.31685566902160645,
                        -0.13121801614761353,
                        0.4370654225349426,
                        -0.013072540052235126,
                        -0.0,
                        -0.0,
                        -0.0,
                        1.0
                    ],
                    [
                        0.535453200340271,
                        -4.9706265770055325e-8,
                        -0.14809367060661316,
                        0.052868105471134186,
                        1.753913281277164e-8,
                        0.5555554628372192,
                        1.6693334714545927e-7,
                        0.1503087282180786,
                        0.14809376001358032,
                        -1.9984722143817635e-7,
                        0.535453200340271,
                        0.10450256615877151,
                        -0.0,
                        0.0,
                        -0.0,
                        1.0
                    ],
                    [
                        0.2443823665380478,
                        0.2835327982902527,
                        0.4105219542980194,
                        0.19742810726165771,
                        -0.27056822180747986,
                        0.45938313007354736,
                        -0.15621107816696167,
                        0.0649135485291481,
                        -0.41918015480041504,
                        -0.13121815025806427,
                        0.3401642143726349,
                        -0.024905608966946602,
                        -0.0,
                        -0.0,
                        -0.0,
                        1.0
                    ],
                    [
                        0.14378587901592255,
                        1.5841413869566168e-7,
                        -0.5366259813308716,
                        0.016217511147260666,
                        0.1381823718547821,
                        0.5368207693099976,
                        0.03702530264854431,
                        0.18405216932296753,
                        0.5185297727584839,
                        -0.14305682480335236,
                        0.1389371156692505,
                        0.0680670365691185,
                        -0.0,
                        0.0,
                        -0.0,
                        1.0
                    ],
                    [
                        0.13947370648384094,
                        2.519929012123612e-7,
                        -0.5377628803253174,
                        0.006075283046811819,
                        -5.915088649999234e-7,
                        0.5555554032325745,
                        4.5695479400365e-8,
                        0.15030860900878906,
                        0.5377629399299622,
                        4.952955237058632e-7,
                        0.13947373628616333,
                        0.0982351303100586,
                        -0.0,
                        0.0,
                        -0.0,
                        1.0
                    ],
                    [
                        0.27777549624443054,
                        5.212336873228196e-7,
                        -0.4811263978481293,
                        0.026637867093086243,
                        0.12389060109853745,
                        0.5368208885192871,
                        0.07152803987264633,
                        0.18555961549282074,
                        0.4649019241333008,
                        -0.14305643737316132,
                        0.26840826869010925,
                        0.07372373342514038,
                        -0.0,
                        0.0,
                        -0.0,
                        1.0
                    ],
                    [
                        -0.37044161558151245,
                        0.1226293072104454,
                        -0.395445317029953,
                        0.0386229045689106,
                        0.035741765052080154,
                        0.538118302822113,
                        0.13339100778102875,
                        0.14589442312717438,
                        0.41247719526290894,
                        0.06350336223840714,
                        -0.3667038679122925,
                        0.09166215360164642,
                        -0.0,
                        0.0,
                        0.0,
                        1.0
                    ],
                    [
                        -0.39597925543785095,
                        -2.5173338258355216e-7,
                        -0.38966959714889526,
                        -0.010656359605491161,
                        -3.1842006364968256e-7,
                        0.555555522441864,
                        -1.4110146828727466e-8,
                        0.15030871331691742,
                        0.38966959714889526,
                        1.638392888025919e-7,
                        -0.3959791660308838,
                        0.05617724731564522,
                        -0.0,
                        0.0,
                        0.0,
                        1.0
                    ],
                    [
                        -0.25547054409980774,
                        0.12262947112321854,
                        -0.47784799337387085,
                        0.03917534276843071,
                        -1.2264328574929095e-7,
                        0.5381183624267578,
                        0.1380966603755951,
                        0.14443469047546387,
                        0.49333229660987854,
                        0.06350342929363251,
                        -0.24745191633701324,
                        0.10296516865491867,
                        -0.0,
                        -0.0,
                        -0.0,
                        1.0
                    ],
                    [
                        -0.5366255044937134,
                        -9.23338419056563e-8,
                        0.14378802478313446,
                        0.029503343626856804,
                        -1.9563699993341288e-7,
                        0.5555555820465088,
                        -9.042019399885248e-8,
                        0.16031812131404877,
                        -0.14378808438777924,
                        -8.187707578599657e-8,
                        -0.5366254448890686,
                        0.03666842728853226,
                        0.0,
                        0.0,
                        -0.0,
                        1.0
                    ],
                    [
                        -0.5354532599449158,
                        -1.630677815001036e-7,
                        0.1480933278799057,
                        0.018242819234728813,
                        -2.584148148798704e-7,
                        0.555555522441864,
                        -7.168229387843894e-8,
                        0.1503087431192398,
                        -0.14809343218803406,
                        -8.327489098292062e-8,
                        -0.5354532599449158,
                        0.019075417891144753,
                        0.0,
                        0.0,
                        -0.0,
                        1.0
                    ],
                    [
                        -0.5555554628372192,
                        -1.793658697124556e-7,
                        -3.863262350023433e-7,
                        0.019334467127919197,
                        -2.5755085175660497e-7,
                        0.5555555820465088,
                        -1.0578000342320593e-7,
                        0.16031813621520996,
                        3.495333658065647e-7,
                        -8.278409069362169e-8,
                        -0.5555554628372192,
                        0.04183783009648323,
                        -0.0,
                        0.0,
                        0.0,
                        1.0
                    ],
                    [
                        -0.14378845691680908,
                        1.3612000770990562e-7,
                        0.5366254448890686,
                        0.07613443583250046,
                        -8.217950409061814e-8,
                        0.5555556416511536,
                        -1.7308236976987246e-7,
                        0.16031812131404877,
                        -0.5366254448890686,
                        -1.3170054558031552e-7,
                        -0.14378845691680908,
                        0.04277057200670242,
                        -0.0,
                        -0.0,
                        -0.0,
                        1.0
                    ],
                    [
                        -0.13947397470474243,
