{
    "Model": {
        "UID": 1416840326193773,
        "Scenes": [
            {
                "rootNode": 0
            }
        ],
        "Nodes": [
            {
                "Name": "vfx_Spike_Radio",
                "Transform": [
                    1.0,
                    0.0,
                    0.0,
                    0.0,
                    0.0,
                    1.0,
                    0.0,
                    0.0,
                    0.0,
                    0.0,
                    1.0,
                    0.0,
                    0.0,
                    0.0,
                    0.0,
                    1.0
                ],
                "ParentIndex": -1,
                "Children": [
                    1,
                    20
                ]
            },
            {
                "Name": "jnt_spike_Center",
                "Transform": [
                    0.3978939354419708,
                    -0.3507852852344513,
                    -0.3683100640773773,
                    0.0012187385000288486,
                    0.32957586646080017,
                    0.5339827537536621,
                    -0.15252657234668732,
                    -0.01084093563258648,
                    0.3874047100543976,
                    -0.09399084001779556,
                    0.5080409049987793,
                    0.00014971256314311177,
                    0.0,
                    0.0,
                    0.0,
                    1.0
                ],
                "ParentIndex": 0,
                "Children": [
                    2,
                    5,
                    8,
                    11,
                    14,
                    17
                ]
            },
            {
                "Name": "jnt_spike_A",
                "Transform": [
                    0.8598847389221191,
                    0.5103590488433838,
                    -0.011485546827316284,
                    -0.09716636687517166,
                    -0.4870201051235199,
                    0.8268898129463196,
                    0.2811843454837799,
                    -0.08934817463159561,
                    0.15300226211547852,
                    -0.23619243502616882,
                    0.9595850110054016,
                    -0.057188794016838074,
                    0.0,
                    0.0,
                    0.0,
                    1.0
                ],
                "ParentIndex": 1,
                "Children": [
                    3,
                    4
                ]
            },
            {
                "Name": "fracture_A",
                "Transform": [
                    0.9999677538871765,
                    2.1131964910918722e-17,
                    0.008031944744288921,
                    0.017201824113726616,
                    -2.0816011695425517e-17,
                    1.0,
                    -3.942078101631713e-17,
                    0.07421606779098511,
                    -0.008031944744288921,
                    3.925231410404213e-17,
                    0.9999677538871765,
                    0.02776079624891281,
                    0.0,
                    0.0,
                    0.0,
                    1.0
                ],
                "ParentIndex": 2,
                "Children": []
            },
            {
                "Name": "jnt_small_spike_A",
                "Transform": [
                    0.9659258127212524,
                    8.153208939769364e-17,
                    -0.258819043636322,
                    0.011725231073796749,
                    -1.1398307965986346e-16,
                    1.0,
                    -1.1037486488834795e-16,
                    0.03771713376045227,
                    0.258819043636322,
                    1.3611492560598525e-16,
                    0.9659258127212524,
                    -0.024986177682876587,
                    0.0,
                    0.0,
                    0.0,
                    1.0
                ],
                "ParentIndex": 2,
                "Children": []
            },
            {
                "Name": "jnt_spike_B",
                "Transform": [
                    1.0,
                    -1.0130785099704553e-15,
                    6.071532165918825e-17,
                    -0.1327855885028839,
                    1.0130785099704553e-15,
                    1.0,
                    4.163336342344337e-16,
                    -0.04670198634266853,
                    -6.071532165918825e-17,
                    -4.163336342344337e-16,
                    1.0,
                    0.015146689489483833,
                    0.0,
                    0.0,
                    0.0,
                    1.0
                ],
                "ParentIndex": 1,
                "Children": [
                    6,
                    7
                ]
            },
            {
                "Name": "fracture_B",
                "Transform": [
                    0.4339398145675659,
                    0.5103590488433838,
                    0.7424485683441162,
                    0.06303320080041885,
                    -0.4847487211227417,
                    0.8268898129463196,
                    -0.28508231043815613,
                    0.04673561826348305,
                    -0.7594175338745117,
                    -0.23619244992733002,
                    0.606216311454773,
                    -0.014400523155927658,
                    0.0,
                    0.0,
                    0.0,
                    1.0
                ],
                "ParentIndex": 5,
                "Children": []
            },
            {
                "Name": "jnt_small_spike_B",
                "Transform": [
                    0.9748010039329529,
                    -0.046751439571380615,
                    -0.21812225878238678,
                    0.00585189089179039,
                    0.07551077008247375,
                    0.9892239570617676,
                    0.12543578445911407,
                    0.032719314098358154,
                    0.20990745723247528,
                    -0.1387455016374588,
                    0.9678267240524292,
                    -0.03249596431851387,
                    0.0,
                    0.0,
                    0.0,
                    1.0
                ],
                "ParentIndex": 5,
                "Children": []
            },
            {
                "Name": "jnt_spike_C",
                "Transform": [
                    -0.41999924182891846,
                    0.6863842010498047,
                    0.5936980247497559,
                    -0.09529587626457214,
                    -2.9802322387695313e-8,
                    0.6541950702667236,
                    -0.756325900554657,
                    -0.04732872545719147,
                    -0.9075244665145874,
                    -0.31765633821487427,
                    -0.274761438369751,
                    0.09395944327116013,
                    0.0,
                    0.0,
                    0.0,
                    1.0
                ],
                "ParentIndex": 1,
                "Children": [
                    9,
                    10
                ]
            },
            {
                "Name": "fracture_C",
                "Transform": [
                    0.9999677538871765,
                    -1.1641532182693481e-10,
                    0.00802720244973898,
                    0.015447788871824741,
                    -0.0020670248195528984,
                    0.9662775993347168,
                    0.2574942409992218,
                    0.07815171778202057,
                    -0.007756506092846394,
                    -0.2575025260448456,
                    0.966246485710144,
                    0.005049223080277443,
                    0.0,
                    0.0,
                    0.0,
                    1.0
                ],
                "ParentIndex": 8,
                "Children": []
            },
            {
                "Name": "jnt_small_spike_C",
                "Transform": [
                    0.9659258127212524,
                    -0.06664656847715378,
                    -0.2500910460948944,
                    0.01142057403922081,
                    0.06664656847715378,
                    0.997740626335144,
                    -0.008478299714624882,
                    0.030155934393405914,
                    0.2500910460948944,
                    -0.008478299714624882,
                    0.9681851863861084,
                    -0.03331279382109642,
                    0.0,
                    0.0,
                    0.0,
                    1.0
                ],
                "ParentIndex": 8,
                "Children": []
            },
            {
                "Name": "jnt_spike_D",
                "Transform": [
                    -0.7252098321914673,
                    0.6780213713645935,
                    0.11982382088899612,
                    -0.017258528620004654,
                    0.6483281254768372,
                    0.7310422658920288,
                    -0.21271543204784393,
                    -0.0906008705496788,
                    -0.23182189464569092,
                    -0.07657818496227264,
                    -0.9697394371032715,
                    0.11108855158090591,
                    0.0,
                    0.0,
                    0.0,
                    1.0
                ],
                "ParentIndex": 1,
                "Children": [
                    12,
                    13
                ]
            },
            {
                "Name": "fracture_D",
                "Transform": [
                    0.974527895450592,
                    0.22073306143283844,
                    0.03965233638882637,
                    0.03403401002287865,
                    -0.21426604688167572,
                    0.9686129689216614,
                    -0.12601199746131897,
                    0.06473327428102493,
                    -0.06622277945280075,
                    0.11430605500936508,
                    0.9912359118461609,
                    0.03501258045434952,
                    0.0,
                    0.0,
                    0.0,
                    1.0
                ],
                "ParentIndex": 11,
                "Children": []
            },
            {
                "Name": "jnt_small_spike_D",
                "Transform": [
                    0.9675860404968262,
                    0.03686980903148651,
                    -0.24983574450016022,
                    0.019318489357829094,
                    -0.022299358621239662,
                    0.9978945851325989,
                    0.06090255454182625,
                    0.03698011860251427,
                    0.2515552043914795,
                    -0.053357284516096115,
                    0.9663710594177246,
                    -0.02070333994925022,
                    0.0,
                    0.0,
                    0.0,
                    1.0
                ],
                "ParentIndex": 11,
                "Children": []
            },
            {
                "Name": "jnt_spike_E",
                "Transform": [
                    -0.43988919258117676,
                    0.5103591680526733,
                    -0.7389391660690308,
                    0.02288876287639141,
                    0.48702290654182434,
                    0.8268897533416748,
                    0.28117963671684265,
                    -0.13564817607402802,
                    0.7545238733291626,
                    -0.23619236052036285,
                    -0.612296462059021,
                    0.04013105854392052,
                    0.0,
                    0.0,
                    0.0,
                    1.0
                ],
                "ParentIndex": 1,
                "Children": [
                    15,
                    16
                ]
            },
            {
                "Name": "fracture_E",
                "Transform": [
                    0.9999677538871765,
                    3.8279663523732056e-16,
                    0.008031941018998623,
                    0.017201857641339302,
                    -3.845925039041773e-16,
                    1.0,
                    2.220446578645905e-16,
                    0.07421606779098511,
                    -0.008031941018998623,
                    -2.251265343036161e-16,
                    0.9999677538871765,
                    0.027760831639170647,
                    0.0,
                    0.0,
                    0.0,
                    1.0
                ],
                "ParentIndex": 14,
                "Children": []
            },
            {
                "Name": "jnt_small_spike_E",
                "Transform": [
                    0.9659258127212524,
                    1.6598280286871938e-16,
                    -0.258819043636322,
                    0.011784692294895649,
                    -8.35781173341211e-17,
                    1.0,
                    3.293905726382265e-16,
                    0.03771713376045227,
                    0.258819043636322,
                    -2.9653527634497545e-16,
                    0.9659258127212524,
                    -0.024479281157255173,
                    0.0,
                    0.0,
                    0.0,
                    1.0
                ],
                "ParentIndex": 14,
                "Children": []
            },
            {
                "Name": "jnt_spike_F",
                "Transform": [
                    0.41999584436416626,
                    0.5103590488433838,
                    -0.7504246234893799,
                    -0.017065200954675674,
                    0.0000025033950805664063,
                    0.8268898129463196,
                    0.5623639822006226,
                    -0.13502179086208344,
                    0.9075260162353516,
                    -0.23619243502616882,
                    0.34728896617889404,
                    -0.04400760680437088,
                    0.0,
                    0.0,
                    0.0,
                    1.0
                ],
                "ParentIndex": 1,
                "Children": [
                    18,
                    19
                ]
            },
            {
                "Name": "fracture_F",
                "Transform": [
                    0.9999677538871765,
                    -4.60502944818785e-18,
                    0.008031472563743591,
                    0.01720181666314602,
                    4.31640379859156e-18,
                    1.0,
                    3.5954143169723745e-17,
                    0.07421606779098511,
                    -0.008031472563743591,
                    -3.591831632303285e-17,
                    0.9999677538871765,
                    0.027760805562138557,
                    0.0,
                    0.0,
                    0.0,
                    1.0
                ],
                "ParentIndex": 17,
                "Children": []
            },
            {
                "Name": "jnt_small_spike_F",
                "Transform": [
                    0.9659258127212524,
                    2.8756000935675047e-16,
                    -0.258819043636322,
                    0.011608638800680637,
                    -4.4343334165109177e-16,
                    1.0,
                    -5.438692145805864e-16,
                    0.03771713376045227,
                    0.258819043636322,
                    6.401063451905414e-16,
                    0.9659258127212524,
                    -0.02471555955708027,
                    0.0,
                    0.0,
                    0.0,
                    1.0
                ],
                "ParentIndex": 17,
                "Children": []
            },
            {
                "Name": "SpikeRadio",
                "Transform": [
                    1.0,
                    0.0,
                    0.0,
                    0.0,
                    0.0,
                    1.0,
                    0.0,
                    0.0,
                    0.0,
                    0.0,
                    1.0,
                    0.0,
                    0.0,
                    0.0,
                    0.0,
                    1.0
                ],
                "ParentIndex": 0,
                "Children": [],
                "MeshesMaterials": [
                    1193204502830229,
                    1339218850103504
                ],
                "SkinIndex": 0
            }
        ],
        "Animations": [
            1586139795182991
        ],
        "Skins": [
            {
                "RootIndex": -1,
                "BonesIndices": [
                    9,
                    13,
                    19,
                    3,
                    15,
                    14,
                    10,
                    1,
                    5,
                    11,
                    18,
                    17,
                    12,
                    8,
                    16,
                    6,
                    7,
                    4,
                    2
                ],
                "InverseBindMatrices": [
                    [
                        0.25105300545692444,
                        -5.551115123125783e-15,
                        -0.9679729342460632,
                        0.10028556734323502,
                        -2.49849837847193e-15,
                        1.0,
                        0.0,
                        0.0,
                        0.9679729342460632,
                        1.3877787807814457e-15,
                        0.25105300545692444,
                        0.1606493443250656,
                        0.0,
                        0.0,
                        0.0,
                        1.0
                    ],
                    [
                        -0.45984703302383423,
                        0.22073301672935486,
                        -0.8601259589195251,
                        0.030287057161331177,
                        9.345617968392617e-8,
                        0.9686129093170166,
                        0.2485738843679428,
                        -0.020912982523441315,
                        0.8879979252815247,
                        0.11430594325065613,
                        -0.4454139471054077,
                        0.1944880187511444,
                        0.0,
                        0.0,
                        0.0,
                        1.0
                    ],
                    [
                        -0.4999999403953552,
                        1.3877787807814457e-15,
                        0.866025984287262,
                        -0.04524189606308937,
                        3.718974811401732e-15,
                        1.0,
                        0.0,
                        0.008659884333610535,
                        -0.8660258650779724,
                        2.0816681711721685e-15,
                        -0.5,
                        -0.000057093799114227295,
                        0.0,
                        0.0,
                        0.0,
                        1.0
                    ],
                    [
                        0.7127630114555359,
                        2.7755575615628914e-15,
                        0.7014049887657166,
                        0.086720310151577,
                        -2.55590074251617e-15,
                        1.0,
                        5.551115123125783e-15,
                        0.0,
                        -0.7014049887657166,
                        1.3877787807814457e-15,
                        0.7127630114555359,
                        -0.04705701023340225,
                        0.0,
                        0.0,
                        0.0,
                        1.0
                    ],
                    [
                        -0.9638159275054932,
                        5.551115123125783e-15,
                        0.26656898856163025,
                        -0.08637604117393494,
                        -1.7753109654686282e-15,
                        1.0,
                        0.0,
                        -7.450580596923828e-9,
                        -0.26656895875930786,
                        -1.1102230246251565e-14,
                        -0.9638160467147827,
                        0.06854402273893356,
                        0.0,
                        0.0,
                        0.0,
                        1.0
                    ],
                    [
                        -0.9659260511398315,
                        5.551115123125783e-15,
                        0.25881898403167725,
                        -0.07462790608406067,
                        -3.3556144059303456e-15,
                        1.0,
                        0.0,
                        0.009596750140190125,
                        -0.25881901383399963,
                        0.0,
                        -0.9659260511398315,
                        0.08713482320308685,
                        0.0,
                        0.0,
                        0.0,
                        1.0
                    ],
                    [
                        0.4999961853027344,
                        -7.28167321994988e-8,
                        -0.8660279512405396,
                        0.134390726685524,
                        0.22300486266613007,
                        0.9662777185440063,
                        0.1287505030632019,
                        0.048142630606889725,
                        0.8368229269981384,
                        -0.25750306248664856,
                        0.4831348955631256,
                        0.1470242589712143,
                        0.0,
                        0.0,
                        0.0,
                        1.0
                    ],
                    [
                        0.6161519289016724,
                        0.5103593468666077,
                        0.5999085307121277,
                        0.05105077102780342,
                        -0.5432029366493225,
                        0.8268899917602539,
                        -0.14554806053638458,
                        -0.04631831869482994,
                        -0.5703397393226624,
                        -0.23619221150875092,
                        0.7867180109024048,
                        -0.09774602949619293,
                        0.0,
                        0.0,
                        0.0,
                        1.0
                    ],
                    [
                        0.6161519289016724,
                        0.5103593468666077,
                        0.5999085307121277,
                        0.12597894668579102,
                        -0.5432029366493225,
                        0.8268899917602539,
                        -0.14554806053638458,
                        -0.09046497941017151,
                        -0.5703397393226624,
                        -0.23619221150875092,
                        0.7867180109024048,
                        -0.08512897044420242,
                        0.0,
                        0.0,
                        0.0,
                        1.0
                    ],
                    [
                        -0.6667951345443726,
                        0.22073306143283844,
                        -0.7118009328842163,
                        0.0011477619409561157,
                        0.06433568894863129,
                        0.9686130285263062,
                        0.24010390043258667,
                        -0.012362830340862274,
                        0.7424589395523071,
                        0.1143060028553009,
                        -0.6600679755210876,
                        0.1865009218454361,
                        0.0,
                        0.0,
                        0.0,
                        1.0
                    ],
                    [
                        -0.25105300545692444,
                        -1.3877787807814457e-15,
                        0.967972993850708,
                        -0.033199016004800797,
                        -8.824098076919682e-17,
                        1.0,
                        1.3877787807814457e-15,
                        3.725290298461914e-9,
                        -0.967972993850708,
                        -3.469446951953614e-16,
                        -0.25105300545692444,
                        -0.039225105196237564,
                        0.0,
                        0.0,
                        0.0,
                        1.0
                    ],
                    [
                        -0.25881895422935486,
                        -2.7755575615628914e-15,
                        0.9659258723258972,
                        -0.022318225353956223,
                        6.22295730469066e-16,
                        1.0,
                        0.0,
                        0.00959673523902893,
                        -0.965925931930542,
                        -2.7755575615628914e-15,
                        -0.25881898403167725,
                        -0.02105800062417984,
                        0.0,
                        0.0,
                        0.0,
                        1.0
                    ],
                    [
                        -0.7127629518508911,
                        0.0,
                        -0.7014049887657166,
                        -0.01963375322520733,
                        -6.516967734638548e-15,
                        1.0,
                        1.3877787807814457e-15,
                        0.0,
                        0.7014049291610718,
                        -5.551115123125783e-15,
                        -0.7127629518508911,
                        0.1684812307357788,
                        0.0,
                        0.0,
                        0.0,
                        1.0
                    ],
                    [
                        0.25881466269493103,
                        -1.329169947439368e-7,
                        -0.9659268856048584,
                        0.1110127717256546,
                        0.24872960150241852,
                        0.9662778973579407,
                        0.0666455626487732,
                        0.05433119833469391,
                        0.9333539605140686,
                        -0.257503479719162,
                        0.2500869631767273,
                        0.1666087955236435,
                        0.0,
                        0.0,
                        0.0,
                        1.0
                    ],
                    [
                        -1.0,
                        7.748961486310404e-15,
                        -2.0466799810492375e-7,
                        -0.06799805909395218,
                        -9.261589535385344e-16,
                        1.0,
                        0.0,
                        0.008659884333610535,
                        2.0466796968321432e-7,
                        1.1102230246251565e-14,
                        -1.0,
                        0.11780524253845215,
                        0.0,
                        0.0,
                        0.0,
                        1.0
                    ],
                    [
                        0.9638158679008484,
                        -2.0816681711721685e-15,
                        -0.26656895875930786,
                        0.15346258878707886,
                        -2.997331539461275e-15,
                        1.0,
                        6.938893903907228e-16,
                        -3.725290298461914e-9,
                        0.26656895875930786,
                        0.0,
                        0.9638158679008484,
                        0.05288021266460419,
                        0.0,
                        0.0,
                        0.0,
                        1.0
                    ],
                    [
                        0.43988874554634094,
                        0.5103591084480286,
                        0.7389391660690308,
                        0.10047762095928192,
                        -0.48702293634414673,
                        0.8268899917602539,
                        -0.2811800241470337,
                        -0.07974394410848618,
                        -0.7545238137245178,
                        -0.2361922264099121,
                        0.6122960448265076,
                        -0.0987316370010376,
                        0.0,
                        0.0,
                        0.0,
                        1.0
                    ],
                    [
                        0.4999999403953552,
                        0.0,
                        0.8660249710083008,
                        0.06820788979530334,
                        -2.243049123447794e-17,
                        1.0,
                        0.0,
                        0.008659884333610535,
                        -0.8660249710083008,
                        1.3877787807814457e-15,
                        0.4999999403953552,
                        -0.03928077220916748,
                        0.0,
                        0.0,
                        0.0,
                        1.0
                    ],
                    [
                        0.7071070671081543,
                        0.0,
                        0.7071068286895752,
                        0.09753431379795074,
                        -1.2888764345331754e-16,
                        1.0,
                        0.0,
                        0.009596720337867737,
                        -0.7071070075035095,
                        0.0,
                        0.7071070671081543,
                        -0.02985282987356186,
                        0.0,
                        0.0,
                        0.0,
                        1.0
                    ]
                ]
            }
        ]
    }
}