{
    "Model": {
        "UID": 1435328386062262,
        "Scenes": [
            {
                "rootNode": 46
            }
        ],
        "Nodes": [
            {
                "Name": "fracture_A",
                "Transform": [
                    0.9999678730964661,
                    -2.470179172320286e-9,
                    0.008031279779970646,
                    0.011107902973890305,
                    2.3827737560822015e-9,
                    1.0,
                    1.0892693858011171e-8,
                    0.010009393095970154,
                    -0.00803128071129322,
                    -1.087320544712611e-8,
                    0.9999677538871765,
                    0.01774005964398384,
                    0.0,
                    0.0,
                    0.0,
                    1.0
                ],
                "ParentIndex": 2,
                "Children": []
            },
            {
                "Name": "jnt_small_spike_A",
                "Transform": [
                    0.9659258127212524,
                    -1.1441677827406238e-7,
                    -0.2588188052177429,
                    0.021596631035208702,
                    1.0612799172804444e-7,
                    1.0,
                    -4.599742098321258e-8,
                    1.0997374566557028e-8,
                    0.2588188052177429,
                    1.6962177440404957e-8,
                    0.9659258127212524,
                    -0.009254904463887215,
                    0.0,
                    0.0,
                    0.0,
                    1.0
                ],
                "ParentIndex": 2,
                "Children": []
            },
            {
                "Name": "jnt_spike_A",
                "Transform": [
                    0.8598846197128296,
                    0.5103591084480286,
                    -0.011485590599477291,
                    -0.09716637432575226,
                    -0.4870201647281647,
                    0.8268898725509644,
                    0.28118419647216797,
                    -0.08934818208217621,
                    0.15300223231315613,
                    -0.23619231581687927,
                    0.9595849514007568,
                    -0.05718878656625748,
                    0.0,
                    0.0,
                    0.0,
                    1.0
                ],
                "ParentIndex": 19,
                "Children": [
                    0,
                    1
                ]
            },
            {
                "Name": "fracture_B",
                "Transform": [
                    0.43393972516059875,
                    0.5103594064712524,
                    0.742448091506958,
                    0.020179402083158493,
                    -0.4847487807273865,
                    0.8268894553184509,
                    -0.2850826680660248,
                    -0.0005706874653697014,
                    -0.7594172358512878,
                    -0.23619216680526733,
                    0.6062164902687073,
                    -0.0007729846984148026,
                    0.0,
                    0.0,
                    0.0,
                    1.0
                ],
                "ParentIndex": 5,
                "Children": []
            },
            {
                "Name": "jnt_small_spike_B",
                "Transform": [
                    0.9748008847236633,
                    -0.04675138369202614,
                    -0.21812258660793304,
                    0.0025694258511066437,
                    0.07551079988479614,
                    0.989223837852478,
                    0.1254359632730484,
                    -0.007699545472860336,
                    0.20990777015686035,
                    -0.13874569535255432,
                    0.9678266048431396,
                    -0.021403485909104347,
                    0.0,
                    0.0,
                    0.0,
                    1.0
                ],
                "ParentIndex": 5,
                "Children": []
            },
            {
                "Name": "jnt_spike_B",
                "Transform": [
                    1.0,
                    -1.1175870895385742e-8,
                    1.1175871783564162e-8,
                    -0.1327855885028839,
                    1.1175870895385742e-8,
                    1.0,
                    2.9802320611338473e-8,
                    -0.04670199379324913,
                    -1.1175872671742582e-8,
                    -2.9802322387695313e-8,
                    0.9999999403953552,
                    0.015146692283451557,
                    0.0,
                    0.0,
                    0.0,
                    1.0
                ],
                "ParentIndex": 19,
                "Children": [
                    3,
                    4
                ]
            },
            {
                "Name": "fracture_C",
                "Transform": [
                    0.999967634677887,
                    -1.913867606617714e-7,
                    0.008026882074773312,
                    0.00935396458953619,
                    -0.0020667649805545807,
                    0.9662771821022034,
                    0.2574951946735382,
                    0.013529857620596886,
                    -0.007756242994219065,
                    -0.2575034499168396,
                    0.9662461280822754,
                    0.011899739503860474,
                    0.0,
                    0.0,
                    0.0,
                    1.0
                ],
                "ParentIndex": 8,
                "Children": []
            },
            {
                "Name": "jnt_small_spike_C",
                "Transform": [
                    0.9659258127212524,
                    -0.06664670258760452,
                    -0.2500908076763153,
                    0.02129196748137474,
                    0.06664673984050751,
                    0.9977404475212097,
                    -0.008478189818561077,
                    -0.002238498767837882,
                    0.2500908076763153,
                    -0.008478434756398201,
                    0.9681851863861084,
                    -0.008399694226682186,
                    0.0,
                    0.0,
                    0.0,
                    1.0
                ],
                "ParentIndex": 8,
                "Children": []
            },
            {
                "Name": "jnt_spike_C",
                "Transform": [
                    -0.4199991822242737,
                    0.6863840222358704,
                    0.5936979651451111,
                    -0.09529586881399155,
                    5.960463766996327e-8,
                    0.654194712638855,
                    -0.756325900554657,
                    -0.04732872545719147,
                    -0.9075243473052979,
                    -0.31765612959861755,
                    -0.2747614085674286,
                    0.09395944327116013,
                    0.0,
                    0.0,
                    0.0,
                    1.0
                ],
                "ParentIndex": 19,
                "Children": [
                    6,
                    7
                ]
            },
            {
                "Name": "fracture_D",
                "Transform": [
                    0.9745278358459473,
                    0.2207331657409668,
                    0.039652060717344284,
                    0.013602146878838539,
                    -0.21426616609096527,
                    0.9686129093170166,
                    -0.12601181864738464,
                    0.005099174566566944,
                    -0.06622248142957687,
                    0.11430595070123672,
                    0.9912359118461609,
                    0.018090464174747467,
                    0.0,
                    0.0,
                    0.0,
                    1.0
                ],
                "ParentIndex": 11,
                "Children": []
            },
            {
                "Name": "jnt_small_spike_D",
                "Transform": [
                    0.967586100101471,
                    0.03686966747045517,
                    -0.24983550608158112,
                    0.021116500720381737,
                    -0.02229919657111168,
                    0.9978945851325989,
                    0.0609026774764061,
                    -0.0036333920434117317,
                    0.2515549659729004,
                    -0.053357452154159546,
                    0.9663711190223694,
                    -0.009988456964492798,
                    0.0,
                    0.0,
                    0.0,
                    1.0
                ],
                "ParentIndex": 11,
                "Children": []
            },
            {
                "Name": "jnt_spike_D",
                "Transform": [
                    -0.7252098917961121,
                    0.6780214905738831,
                    0.11982394009828568,
                    -0.017258532345294952,
                    0.6483280062675476,
                    0.7310425639152527,
                    -0.21271559596061707,
                    -0.0906008780002594,
                    -0.23182211816310883,
                    -0.07657825946807861,
                    -0.9697392582893372,
                    0.11108855158090591,
                    0.0,
                    0.0,
                    0.0,
                    1.0
                ],
                "ParentIndex": 19,
                "Children": [
                    9,
                    10
                ]
            },
            {
                "Name": "fracture_E",
                "Transform": [
                    0.9999677538871765,
                    -3.422599448299479e-8,
                    0.008031942881643772,
                    0.011107919737696648,
                    3.3917132213900913e-8,
                    1.0000001192092896,
                    3.858960084812679e-8,
                    0.01000939030200243,
                    -0.008031942881643772,
                    -3.831593886616247e-8,
                    0.9999677538871765,
                    0.017740147188305855,
                    0.0,
                    0.0,
                    0.0,
                    1.0
                ],
                "ParentIndex": 14,
                "Children": []
            },
            {
                "Name": "jnt_small_spike_E",
                "Transform": [
                    0.9659257531166077,
                    -2.9866498607589165e-8,
                    -0.2588192820549011,
                    0.021656133234500885,
                    3.441617479893466e-8,
                    1.0,
                    1.3047595892601294e-8,
                    1.0621699964019626e-8,
                    0.2588193118572235,
                    -2.1510579983896605e-8,
                    0.9659256935119629,
                    -0.00874795950949192,
                    0.0,
                    0.0,
                    0.0,
                    1.0
                ],
                "ParentIndex": 14,
                "Children": []
            },
            {
                "Name": "jnt_spike_E",
                "Transform": [
                    -0.439889132976532,
                    0.5103590488433838,
                    -0.7389392256736755,
                    0.022888759151101112,
                    0.4870227873325348,
                    0.8268899917602539,
                    0.2811795175075531,
                    -0.13564817607402802,
                    0.7545236945152283,
                    -0.2361924648284912,
                    -0.612296462059021,
                    0.040131062269210815,
                    0.0,
                    0.0,
                    0.0,
                    1.0
                ],
                "ParentIndex": 19,
                "Children": [
                    12,
                    13
                ]
            },
            {
                "Name": "fracture_F",
                "Transform": [
                    0.9999677538871765,
                    -2.878941174344618e-8,
                    0.008031138218939304,
                    0.011107901111245155,
                    2.8303777099836225e-8,
                    1.0000001192092896,
                    6.058198920300129e-8,
                    0.010009429417550564,
                    -0.008031138218939304,
                    -6.035273258930829e-8,
                    0.9999677538871765,
                    0.01774008758366108,
                    0.0,
                    0.0,
                    0.0,
                    1.0
                ],
                "ParentIndex": 17,
                "Children": []
            },
            {
                "Name": "jnt_small_spike_F",
                "Transform": [
                    0.9659258723258972,
                    4.2531638655418647e-8,
                    -0.2588188350200653,
                    0.021480046212673187,
                    -3.858750829976998e-8,
                    1.0,
                    2.031908330479837e-8,
                    3.025019168489962e-8,
                    0.2588188648223877,
                    -9.639555820228907e-9,
                    0.9659258127212524,
                    -0.008984176442027092,
                    0.0,
                    0.0,
                    0.0,
                    1.0
                ],
                "ParentIndex": 17,
                "Children": []
            },
            {
                "Name": "jnt_spike_F",
                "Transform": [
                    0.41999584436416626,
                    0.5103589296340942,
                    -0.7504246830940247,
                    -0.017065200954675674,
                    0.000002592802047729492,
                    0.8268898725509644,
                    0.562363862991333,
                    -0.13502179086208344,
                    0.9075259566307068,
                    -0.2361924648284912,
                    0.3472890257835388,
                    -0.04400760307908058,
                    0.0,
                    0.0,
                    0.0,
                    1.0
                ],
                "ParentIndex": 19,
                "Children": [
                    15,
                    16
                ]
            },
            {
                "Name": "spikes_m",
                "Transform": [
                    1.0,
                    0.0,
                    0.0,
                    0.0,
                    0.0,
                    1.0,
                    0.0,
                    0.0,
                    0.0,
                    0.0,
                    1.0,
                    0.0,
                    0.0,
                    0.0,
                    0.0,
                    1.0
                ],
                "ParentIndex": 19,
                "Children": [],
                "MeshesMaterials": [
                    1158415119367247,
                    1334301723189545,
                    1174520941164921,
                    1300862224689451
                ],
                "SkinIndex": 0
            },
            {
                "Name": "jnt_spike_Center",
                "Transform": [
                    0.061615169048309326,
                    -0.05432027578353882,
                    -0.05703403428196907,
                    -0.002921037608757615,
                    0.05103593319654465,
                    0.08268897980451584,
                    -0.02361924946308136,
                    -0.00940745510160923,
                    0.05999090149998665,
                    -0.014554797671735287,
                    0.07867180556058884,
                    -0.003954336512833834,
                    0.0,
                    0.0,
                    0.0,
                    1.0
                ],
                "ParentIndex": 20,
                "Children": [
                    18,
                    2,
                    5,
                    8,
                    11,
                    14,
                    17
                ]
            },
            {
                "Name": "spike_radio",
                "Transform": [
                    18.0,
                    0.0,
                    0.0,
                    0.004139776341617107,
                    0.0,
                    18.0,
                    0.0,
                    -0.0014334768056869507,
                    0.0,
                    0.0,
                    18.0,
                    0.004104048945009708,
                    0.0,
                    0.0,
                    0.0,
                    1.0
                ],
                "ParentIndex": 22,
                "Children": [
                    19
                ]
            },
            {
                "Name": "SpikeRadio",
                "Transform": [
                    1.0,
                    0.0,
                    0.0,
                    -0.11403534561395645,
                    0.0,
                    1.0,
                    0.0,
                    0.020304061472415924,
                    0.0,
                    0.0,
                    1.0,
                    0.03951527923345566,
                    0.0,
                    0.0,
                    0.0,
                    1.0
                ],
                "ParentIndex": 22,
                "Children": []
            },
            {
                "Name": "spike",
                "Transform": [
                    1.0,
                    0.0,
                    0.0,
                    0.0,
                    0.0,
                    1.0,
                    0.0,
                    0.08012894541025162,
                    0.0,
                    0.0,
                    1.0,
                    0.0,
                    0.0,
                    0.0,
                    0.0,
                    1.0
                ],
                "ParentIndex": 46,
                "Children": [
                    20,
                    21
                ]
            },
            {
                "Name": "jnt_blur",
                "Transform": [
                    1.0,
                    -0.0,
                    0.0,
                    0.0,
                    0.0,
                    5.960464477539063e-8,
                    0.9999999403953552,
                    0.0,
                    -0.0,
                    -0.9999999403953552,
                    5.960464477539063e-8,
                    0.0,
                    0.0,
                    0.0,
                    0.0,
                    1.0
                ],
                "ParentIndex": 25,
                "Children": []
            },
            {
                "Name": "mesh_blur",
                "Transform": [
                    1.0,
                    0.0,
                    0.0,
                    0.0,
                    0.0,
                    1.0,
                    0.0,
                    0.0,
                    0.0,
                    0.0,
                    1.0,
                    0.0,
                    0.0,
                    0.0,
                    0.0,
                    1.0
                ],
                "ParentIndex": 25,
                "Children": [],
                "MeshesMaterials": [
                    1193083402255045,
                    1373687708066099
                ],
                "SkinIndex": 1
            },
            {
                "Name": "blur",
                "Transform": [
                    1.0,
                    0.0,
                    0.0,
                    0.0,
                    0.0,
                    1.0,
                    0.0,
                    0.0,
                    0.0,
                    0.0,
                    1.0,
                    0.0,
                    0.0,
                    0.0,
                    0.0,
                    1.0
                ],
                "ParentIndex": 45,
                "Children": [
                    24,
                    23
                ]
            },
            {
                "Name": "jnt_brust",
                "Transform": [
                    1.0,
                    -0.0,
                    0.0,
                    0.0,
                    0.0,
                    5.960464477539063e-8,
                    0.9999999403953552,
                    0.0,
                    -0.0,
                    -0.9999999403953552,
                    5.960464477539063e-8,
                    0.0,
                    0.0,
                    0.0,
                    0.0,
                    1.0
                ],
                "ParentIndex": 28,
                "Children": []
            },
            {
                "Name": "mesh_brust",
                "Transform": [
                    1.0,
                    0.0,
                    0.0,
                    0.0,
                    0.0,
                    1.0,
                    0.0,
                    0.0,
                    0.0,
                    0.0,
                    1.0,
                    0.0,
                    0.0,
                    0.0,
                    0.0,
                    1.0
                ],
                "ParentIndex": 28,
                "Children": [],
                "MeshesMaterials": [
                    1173469648138121,
                    1336185742342019
                ],
                "SkinIndex": 2
            },
            {
                "Name": "brust",
                "Transform": [
                    1.0,
                    0.0,
                    0.0,
                    0.0,
                    0.0,
                    1.0,
                    0.0,
                    0.0,
                    0.0,
                    0.0,
                    1.0,
                    0.0,
                    0.0,
                    0.0,
                    0.0,
                    1.0
                ],
                "ParentIndex": 45,
                "Children": [
                    27,
                    26
                ]
            },
            {
                "Name": "jnt_crack",
                "Transform": [
                    1.0,
                    -0.0,
                    0.0,
                    0.0,
                    0.0,
                    5.960464477539063e-8,
                    0.9999999403953552,
                    -0.16163614392280579,
                    -0.0,
                    -0.9999999403953552,
                    5.960464477539063e-8,
                    1.5777217164024755e-31,
                    0.0,
                    0.0,
                    0.0,
                    1.0
                ],
                "ParentIndex": 32,
                "Children": []
            },
            {
                "Name": "mesh_crack1",
                "Transform": [
                    1.0,
                    0.0,
                    0.0,
                    0.0,
                    0.0,
                    1.0,
                    0.0,
                    0.0,
                    0.0,
                    0.0,
                    1.0,
                    0.0,
                    0.0,
                    0.0,
                    0.0,
                    1.0
                ],
                "ParentIndex": 32,
                "Children": [],
                "MeshesMaterials": [
                    1105481417256677,
                    1364377208663486
                ],
                "SkinIndex": 3
            },
            {
                "Name": "mesh_crack2",
                "Transform": [
                    1.0,
                    0.0,
                    0.0,
                    0.0,
                    0.0,
                    1.0,
                    0.0,
                    0.0,
                    0.0,
                    0.0,
                    1.0,
                    0.0,
                    0.0,
                    0.0,
                    0.0,
                    1.0
                ],
                "ParentIndex": 32,
                "Children": [],
                "MeshesMaterials": [
                    1168843372284477,
                    1364377208663486
                ],
                "SkinIndex": 3
            },
            {
                "Name": "crack",
                "Transform": [
                    1.0,
                    0.0,
                    0.0,
                    0.0,
                    0.0,
                    1.0,
                    0.0,
                    0.0,
                    0.0,
                    0.0,
                    1.0,
                    0.0,
                    0.0,
                    0.0,
                    0.0,
                    1.0
                ],
                "ParentIndex": 45,
                "Children": [
                    30,
                    31,
                    29
                ]
            },
            {
                "Name": "jnt_halo",
                "Transform": [
                    1.0,
                    2.928983286277023e-16,
                    3.422854533141617e-8,
                    0.0,
                    -8.786949858831069e-16,
                    1.0,
                    1.7114272665708086e-8,
                    0.0,
                    -3.422854533141617e-8,
                    -1.7114272665708086e-8,
                    1.0,
                    0.0,
                    0.0,
                    0.0,
                    0.0,
                    1.0
                ],
                "ParentIndex": 35,
                "Children": []
            },
            {
                "Name": "mesh_halo",
                "Transform": [
                    1.0,
                    0.0,
                    0.0,
                    0.0,
                    0.0,
                    1.0,
                    0.0,
                    0.0,
                    0.0,
                    0.0,
                    1.0,
                    0.0,
                    0.0,
                    0.0,
                    0.0,
                    1.0
                ],
                "ParentIndex": 35,
                "Children": [],
                "MeshesMaterials": [
                    1134097613855836,
                    1373687708066099
                ],
                "SkinIndex": 4
            },
            {
                "Name": "halo",
                "Transform": [
                    1.0,
                    0.0,
                    0.0,
                    0.0,
                    0.0,
                    1.0,
                    0.0,
                    0.0,
                    0.0,
                    0.0,
                    1.0,
                    0.0,
                    0.0,
                    0.0,
                    0.0,
                    1.0
                ],
                "ParentIndex": 45,
                "Children": [
                    34,
                    33
                ]
            },
            {
                "Name": "jnt_smoke",
                "Transform": [
                    1.0,
                    2.928983286277023e-16,
                    3.422854533141617e-8,
                    0.0,
                    -8.786949858831069e-16,
                    1.0,
                    1.7114272665708086e-8,
                    0.0,
                    -3.422854533141617e-8,
                    -1.7114272665708086e-8,
                    1.0,
                    0.0,
                    0.0,
                    0.0,
                    0.0,
                    1.0
                ],
                "ParentIndex": 38,
                "Children": []
            },
            {
                "Name": "mesh_outer_smoke",
                "Transform": [
                    1.0,
                    0.0,
                    0.0,
                    0.0,
                    0.0,
                    1.0,
                    0.0,
                    0.0,
                    0.0,
                    0.0,
                    1.0,
                    0.0,
                    0.0,
                    0.0,
                    0.0,
                    1.0
                ],
                "ParentIndex": 38,
                "Children": [],
                "MeshesMaterials": [
                    1140298769158122,
                    1373687708066099
                ],
                "SkinIndex": 5
            },
            {
                "Name": "smoke",
                "Transform": [
                    1.0,
                    0.0,
                    0.0,
                    0.0,
                    0.0,
                    1.0,
                    0.0,
                    0.0,
                    0.0,
                    0.0,
                    1.0,
                    0.0,
                    0.0,
                    0.0,
                    0.0,
                    1.0
                ],
                "ParentIndex": 45,
                "Children": [
                    37,
                    36
                ]
            },
            {
                "Name": "jnt_sphere",
                "Transform": [
                    1.0,
                    -7.982535903713461e-16,
                    5.650676371260488e-8,
                    -0.007750894408673048,
                    -4.341370385879456e-15,
                    1.0,
                    9.095590769447881e-8,
                    0.0,
                    -5.650676371260488e-8,
                    -9.095590769447881e-8,
                    1.0,
                    -0.11857118457555771,
                    0.0,
                    0.0,
                    0.0,
                    1.0
                ],
                "ParentIndex": 41,
                "Children": []
            },
            {
                "Name": "mesh_sphere_glow",
                "Transform": [
                    1.0,
                    0.0,
                    0.0,
                    0.0,
                    0.0,
                    1.0,
                    0.0,
                    0.0,
                    0.0,
                    0.0,
                    1.0,
                    0.0,
                    0.0,
                    0.0,
                    0.0,
                    1.0
                ],
                "ParentIndex": 41,
                "Children": [],
                "MeshesMaterials": [
                    1139151204801227,
                    1351518832543056
                ],
                "SkinIndex": 6
            },
            {
                "Name": "sphere1",
                "Transform": [
                    1.0,
                    0.0,
                    0.0,
                    0.007750894408673048,
                    0.0,
                    1.0,
                    0.0,
                    0.9356153011322021,
                    0.0,
                    0.0,
                    1.0,
                    0.11857118457555771,
                    0.0,
                    0.0,
                    0.0,
                    1.0
                ],
                "ParentIndex": 45,
                "Children": [
                    40,
                    39
                ]
            },
            {
                "Name": "jnt_warning",
                "Transform": [
                    1.0,
                    -0.0,
                    0.0,
                    0.0,
                    0.0,
                    5.960464477539063e-8,
                    0.9999999403953552,
                    0.13842037320137024,
                    -0.0,
                    -0.9999999403953552,
                    5.960464477539063e-8,
                    1.4210854397564648e-16,
                    0.0,
                    0.0,
                    0.0,
                    1.0
                ],
                "ParentIndex": 44,
                "Children": []
            },
            {
                "Name": "mesh_warning",
                "Transform": [
                    1.0,
                    0.0,
                    0.0,
                    0.0,
                    0.0,
                    1.0,
                    0.0,
                    0.0,
                    0.0,
                    0.0,
                    1.0,
                    0.0,
                    0.0,
                    0.0,
                    0.0,
                    1.0
                ],
                "ParentIndex": 44,
                "Children": [],
                "MeshesMaterials": [
                    1106684799454944,
                    1367971073507297
                ],
                "SkinIndex": 7
            },
            {
                "Name": "warning",
                "Transform": [
                    1.0,
                    0.0,
                    0.0,
                    0.0,
                    0.0,
                    1.0,
                    0.0,
                    0.0,
                    0.0,
                    0.0,
                    1.0,
                    0.0,
                    0.0,
                    0.0,
                    0.0,
                    1.0
                ],
                "ParentIndex": 45,
                "Children": [
                    43,
                    42
                ]
            },
            {
                "Name": "ulti_glow",
                "Transform": [
                    1.0,
                    0.0,
                    0.0,
                    0.0,
                    0.0,
                    1.0,
                    0.0,
                    0.0,
                    0.0,
                    0.0,
                    1.0,
                    0.0,
                    0.0,
                    0.0,
                    0.0,
                    1.0
                ],
                "ParentIndex": 46,
                "Children": [
                    25,
                    28,
                    32,
                    35,
                    38,
                    41,
                    44
                ]
            },
            {
                "Name": "ultimate_mc_all",
                "Transform": [
                    1.0,
                    0.0,
                    0.0,
                    0.0,
                    0.0,
                    1.0,
                    0.0,
                    0.0,
                    0.0,
                    0.0,
                    1.0,
                    0.0,
                    0.0,
                    0.0,
                    0.0,
                    1.0
                ],
                "ParentIndex": -1,
                "Children": [
                    22,
                    45
                ]
            }
        ],
        "Animations": [
            1536905565660433
        ],
        "Skins": [
            {
                "RootIndex": -1,
                "BonesIndices": [
                    2,
                    0,
                    1,
                    5,
                    3,
                    4,
                    8,
                    6,
                    7,
                    11,
                    9,
                    10,
                    14,
                    12,
                    13,
                    17,
                    15,
                    16
                ],
                "InverseBindMatrices": [
                    [
                        0.39283710718154907,
                        -3.2520713233452625e-8,
                        0.3928370773792267,
                        0.09416527301073074,
                        -5.1626628305712075e-8,
                        0.555555522441864,
                        8.089526915000533e-8,
                        0.16031812131404877,
                        -0.3928370773792267,
                        -2.6016570231490732e-8,
                        0.3928370773792267,
                        0.08620535582304001,
                        -0.0,
                        0.0,
                        -0.0,
                        1.0
                    ],
                    [
                        0.3959794044494629,
                        -3.2310719433326085e-8,
                        0.38966941833496094,
                        0.08250482380390167,
                        -4.50668018459055e-8,
                        0.5555555820465088,
                        7.038537574999282e-8,
                        0.1503087431192398,
                        -0.3896694481372833,
                        -2.6276914866230072e-8,
                        0.3959794044494629,
                        0.06913014501333237,
                        -0.0,
                        0.0,
                        -0.0,
                        1.0
                    ],
                    [
                        0.27777788043022156,
                        1.2730150267259432e-8,
                        0.4811251163482666,
                        0.0948028638958931,
                        -1.0708878761533924e-7,
                        0.5555554628372192,
                        3.5274716481126234e-8,
                        0.16031809151172638,
                        -0.481125146150589,
                        -4.044573742589819e-8,
                        0.27777785062789917,
                        0.07342539727687836,
                        -0.0,
                        0.0,
                        -0.0,
                        1.0
                    ],
                    [
                        0.342306524515152,
                        0.2835327684879303,
                        0.33328261971473694,
                        0.1974201798439026,
                        -0.301779180765152,
                        0.4593832492828369,
                        -0.0808599591255188,
                        0.06829843670129776,
                        -0.31685560941696167,
                        -0.13121797144412994,
                        0.4370655119419098,
                        -0.013072527013719082,
                        -0.0,
                        -0.0,
                        -0.0,
                        1.0
                    ],
                    [
                        0.5354532599449158,
                        -1.1997070714642177e-7,
                        -0.14809377491474152,
                        0.05286809056997299,
                        1.93713376006599e-7,
                        0.5555556416511536,
                        2.518178234822699e-7,
                        0.1503087431192398,
                        0.1480937898159027,
                        -2.908575709170691e-7,
                        0.5354532599449158,
                        0.10450252145528793,
                        -0.0,
                        0.0,
                        -0.0,
                        1.0
                    ],
                    [
                        0.24438269436359406,
                        0.2835327386856079,
                        0.41052183508872986,
                        0.19742809236049652,
                        -0.2705681324005127,
                        0.4593832790851593,
                        -0.1562110036611557,
                        0.06491358578205109,
                        -0.4191800355911255,
                        -0.13121795654296875,
                        0.3401643931865692,
                        -0.024905545637011528,
                        -0.0,
                        -0.0,
                        -0.0,
                        1.0
                    ],
                    [
                        0.1437857300043106,
                        -1.788548864567474e-8,
