{
    "Model": {
        "UID": 1409781163556353,
        "Scenes": [
            {
                "rootNode": 225
            }
        ],
        "Nodes": [
            {
                "Name": "walk_practice:jnt_cloth_Center_03",
                "Transform": [
                    0.9946452975273132,
                    0.06744921952486038,
                    -0.07830220460891724,
                    -0.0007354289409704506,
                    -0.06684492528438568,
                    0.9977100491523743,
                    0.010316018015146255,
                    -0.1351141482591629,
                    0.07881870120763779,
                    -0.005026674829423428,
                    0.9968762993812561,
                    0.006181925069540739,
                    0.0,
                    0.0,
                    0.0,
                    1.0
                ],
                "ParentIndex": 1,
                "Children": []
            },
            {
                "Name": "walk_practice:jnt_cloth_Center_02",
                "Transform": [
                    1.0,
                    -3.970466940254533e-22,
                    4.6566135836201283e-8,
                    -2.9802322387695313e-8,
                    3.206337607410543e-16,
                    1.0,
                    -6.8855481316631995e-9,
                    -0.09097118675708771,
                    -4.6566135836201283e-8,
                    6.8855481316631995e-9,
                    1.0,
                    0.009081709198653698,
                    0.0,
                    0.0,
                    0.0,
                    1.0
                ],
                "ParentIndex": 2,
                "Children": [
                    0
                ]
            },
            {
                "Name": "walk_practice:jnt_cloth_Center_01",
                "Transform": [
                    1.0,
                    -3.692297671895796e-22,
                    3.5527141023169746e-15,
                    0.03069586306810379,
                    4.778033820131125e-22,
                    1.0,
                    -3.0560748598418286e-8,
                    -0.08131023496389389,
                    -3.5527141023169746e-15,
                    3.0560748598418286e-8,
                    1.0,
                    0.007267400156706572,
                    0.0,
                    0.0,
                    0.0,
                    1.0
                ],
                "ParentIndex": 9,
                "Children": [
                    1
                ]
            },
            {
                "Name": "walk_practice:jnt_cloth_L_03",
                "Transform": [
                    1.0,
                    2.985247669443519e-24,
                    -8.881784197001252e-16,
                    0.005693953018635511,
                    -1.0249642131404924e-23,
                    1.0,
                    -8.178981047990419e-9,
                    -0.1132701188325882,
                    8.881784197001252e-16,
                    8.178981047990419e-9,
                    1.0,
                    0.010165025480091572,
                    0.0,
                    0.0,
                    0.0,
                    1.0
                ],
                "ParentIndex": 4,
                "Children": []
            },
            {
                "Name": "walk_practice:jnt_cloth_L_02",
                "Transform": [
                    1.0,
                    -4.036641389258775e-22,
                    2.2351745343485163e-8,
                    0.004155054688453674,
                    -1.8281424750316879e-16,
                    1.0,
                    8.178988153417777e-9,
                    -0.07171280682086945,
                    -2.2351745343485163e-8,
                    -8.178988153417777e-9,
                    1.0,
                    0.00883796438574791,
                    0.0,
                    0.0,
                    0.0,
                    1.0
                ],
                "ParentIndex": 5,
                "Children": [
                    3
                ]
            },
            {
                "Name": "walk_practice:jnt_cloth_L_04",
                "Transform": [
                    1.0,
                    -3.549417922564718e-22,
                    3.5527141023169746e-15,
                    0.08798205852508545,
                    4.920913821897692e-22,
                    1.0,
                    -3.8604166974209875e-8,
                    -0.07015319913625717,
                    -3.5527141023169746e-15,
                    3.8604166974209875e-8,
                    1.0,
                    0.007597312331199646,
                    0.0,
                    0.0,
                    0.0,
                    1.0
                ],
                "ParentIndex": 9,
                "Children": [
                    4
                ]
            },
            {
                "Name": "walk_practice:jnt_cloth_R_03",
                "Transform": [
                    1.0,
                    2.7284841053187847e-11,
                    -2.637534635141492e-11,
                    -8.13452061265707e-9,
                    -2.7284841053187847e-11,
                    1.0,
                    2.7939677238464355e-9,
                    -0.10027815401554108,
                    2.637534635141492e-11,
                    -2.7939677238464355e-9,
                    1.0,
                    0.001822992111556232,
                    0.0,
                    0.0,
                    0.0,
                    1.0
                ],
                "ParentIndex": 7,
                "Children": []
            },
            {
                "Name": "walk_practice:jnt_cloth_R_02",
                "Transform": [
                    1.0,
                    2.3314896679949015e-8,
                    -3.2741911959455194e-10,
                    5.598849384114146e-8,
                    -2.3314896679949015e-8,
                    1.0,
                    -8.846777177495824e-8,
                    -0.06737631559371948,
                    3.274170656819564e-10,
                    8.846777177495824e-8,
                    1.0,
                    0.0012251047883182764,
                    0.0,
                    0.0,
                    0.0,
                    1.0
                ],
                "ParentIndex": 8,
                "Children": [
                    6
                ]
            },
            {
                "Name": "walk_practice:jnt_cloth_R_01",
                "Transform": [
                    0.9999994039535522,
                    -0.0007524380343966186,
                    -0.0006708018481731415,
                    -0.03399626165628433,
                    0.000736796937417239,
                    0.9997346997261047,
                    -0.023020030930638313,
                    -0.09990569204092026,
                    0.0006879449938423932,
                    0.023019522428512573,
                    0.9997347593307495,
                    0.010912119410932064,
                    0.0,
                    0.0,
                    0.0,
                    1.0
                ],
                "ParentIndex": 9,
                "Children": [
                    7
                ]
            },
            {
                "Name": "walk_practice:jnt_cloth_front",
                "Transform": [
                    1.0,
                    -8.833824713200831e-23,
                    -3.9712663379987134e-8,
                    0.00036395565257407725,
                    4.410575594720956e-22,
                    1.0,
                    8.881784197001252e-15,
                    0.03263912722468376,
                    3.9712663379987134e-8,
                    -8.881784197001252e-15,
                    1.0,
                    0.1303047239780426,
                    0.0,
                    0.0,
                    0.0,
                    1.0
                ],
                "ParentIndex": 78,
                "Children": [
                    2,
                    5,
                    8
                ]
            },
            {
                "Name": "walk_practice:jnt_foot_L_01",
                "Transform": [
                    1.0,
                    1.9292918408703462e-16,
                    -1.0638254860362295e-10,
                    0.019019968807697296,
                    -2.027376932673414e-16,
                    1.0,
                    -9.220040908530791e-8,
                    -0.056500066071748734,
                    1.0638254860362295e-10,
                    9.220040908530791e-8,
                    1.0,
                    0.15021996200084686,
                    0.0,
                    0.0,
                    0.0,
                    1.0
                ],
                "ParentIndex": 11,
                "Children": []
            },
            {
                "Name": "walk_practice:jnt_leg_L_03",
                "Transform": [
                    0.9895623922348022,
                    -0.016291534528136253,
                    0.14318117499351501,
                    0.0663209855556488,
                    0.012885600328445435,
                    0.9996122717857361,
                    0.024682801216840744,
                    -0.48920562863349915,
                    -0.1435277909040451,
                    -0.02258019894361496,
                    0.9893885254859924,
                    -0.1205422580242157,
                    0.0,
                    0.0,
                    0.0,
                    1.0
                ],
                "ParentIndex": 12,
                "Children": [
                    10
                ]
            },
            {
                "Name": "walk_practice:jnt_leg_L_02",
                "Transform": [
                    0.9999999403953552,
                    -1.3737008863756728e-8,
                    2.9496733944256448e-8,
                    0.06947961449623108,
                    1.3737008863756728e-8,
                    0.9999999403953552,
                    -7.450580596923828e-9,
                    -0.33459997177124023,
                    -2.9496733944256448e-8,
                    7.450580596923828e-9,
                    0.9999999403953552,
                    0.036707136780023575,
                    0.0,
                    0.0,
                    0.0,
                    1.0
                ],
                "ParentIndex": 13,
                "Children": [
                    11
                ]
            },
            {
                "Name": "walk_practice:jnt_leg_L_01",
                "Transform": [
                    0.9895623326301575,
                    0.012885607779026031,
                    -0.14352793991565704,
                    0.09316540509462357,
                    -0.016291532665491104,
                    0.9996122717857361,
                    -0.022580116987228394,
                    -0.010724487714469433,
                    0.14318132400512695,
                    0.024682722985744476,
                    0.989388644695282,
                    -0.0021858206018805504,
                    0.0,
                    0.0,
                    0.0,
                    1.0
                ],
                "ParentIndex": 78,
                "Children": [
                    12
                ]
            },
            {
                "Name": "walk_practice:jnt_foot_R_01",
                "Transform": [
                    1.0,
                    7.536877988845083e-17,
                    2.6057170643412064e-8,
                    -0.019020283594727516,
                    2.327111849506863e-15,
                    1.0,
                    -9.220036645274376e-8,
                    -0.05650005117058754,
                    -2.6057170643412064e-8,
                    9.220036645274376e-8,
                    1.0,
                    0.1502200961112976,
                    0.0,
                    0.0,
                    0.0,
                    1.0
                ],
                "ParentIndex": 15,
                "Children": []
            },
            {
                "Name": "walk_practice:jnt_leg_R_03",
                "Transform": [
                    0.9895626306533813,
                    0.01629134640097618,
                    -0.14317961037158966,
                    -0.06632112711668015,
                    -0.012885505333542824,
                    0.9996123909950256,
                    0.024682382121682167,
                    -0.4892059564590454,
                    0.14352622628211975,
                    -0.022579824551939964,
                    0.9893888235092163,
                    -0.12054228037595749,
                    0.0,
                    0.0,
                    0.0,
                    1.0
                ],
                "ParentIndex": 16,
                "Children": [
                    14
                ]
            },
            {
                "Name": "walk_practice:jnt_leg_R_02",
                "Transform": [
                    1.0,
                    4.65661453841193e-10,
                    -4.413595888763666e-8,
                    -0.06947923451662064,
                    -4.6566112077428556e-10,
                    1.0,
                    7.683411240577698e-9,
                    -0.3345993757247925,
                    4.413595888763666e-8,
                    -7.683411240577698e-9,
                    1.0,
                    0.03670710325241089,
                    0.0,
                    0.0,
                    0.0,
                    1.0
                ],
                "ParentIndex": 17,
                "Children": [
                    15
                ]
            },
            {
                "Name": "walk_practice:jnt_leg_R_01",
                "Transform": [
                    0.9895625710487366,
                    -0.012885501608252525,
                    0.1435261219739914,
                    -0.09316540509462357,
                    0.016291329637169838,
                    0.9996123909950256,
                    -0.02257978357374668,
                    -0.01072478573769331,
                    -0.1431795060634613,
                    0.024682344868779182,
                    0.9893888831138611,
                    -0.0021858802065253258,
                    0.0,
                    0.0,
                    0.0,
                    1.0
                ],
                "ParentIndex": 78,
                "Children": [
                    16
                ]
            },
            {
                "Name": "walk_practice:jnt_pelt_end",
                "Transform": [
                    0.0,
                    -0.9937219023704529,
                    -0.1118774339556694,
                    0.1736515909433365,
                    0.0,
                    0.11187729239463806,
                    -0.9937220811843872,
                    0.002340562641620636,
                    1.0000001192092896,
                    1.1920926112907182e-7,
                    -1.1920928244535389e-7,
                    -6.5573413365882516e-9,
                    0.0,
                    0.0,
                    0.0,
                    1.0
                ],
                "ParentIndex": 19,
                "Children": []
            },
            {
                "Name": "walk_practice:jnt_pelt_02",
                "Transform": [
                    0.9931848049163818,
                    -0.11181724071502686,
                    0.032877132296562195,
                    0.08988086879253387,
                    -0.03267073631286621,
                    0.00367814302444458,
                    0.9994593858718872,
                    -0.0029566287994384766,
                    -0.11187772452831268,
                    -0.9937220215797424,
                    -1.1920928244535389e-7,
                    -0.037344790995121,
                    0.0,
                    0.0,
                    0.0,
                    1.0
                ],
                "ParentIndex": 20,
                "Children": [
                    18
                ]
            },
            {
                "Name": "walk_practice:jnt_pelt_01",
                "Transform": [
                    0.032877326011657715,
                    0.9994593262672424,
                    -7.700930382270599e-8,
                    4.168841716278848e-9,
                    -0.9994593262672424,
                    0.032877326011657715,
                    1.379683212121563e-8,
                    -0.04203646257519722,
                    1.632122703654204e-8,
                    7.651406974673591e-8,
                    1.0,
                    -0.1049751415848732,
                    0.0,
                    0.0,
                    0.0,
                    1.0
                ],
                "ParentIndex": 78,
                "Children": [
                    19
                ]
            },
            {
                "Name": "walk_practice:jnt_pelt_1_L_02",
                "Transform": [
                    1.0,
                    5.093170329928398e-10,
                    -1.3969838619232178e-9,
                    0.11936978250741959,
                    -5.093170329928398e-10,
                    1.0,
                    1.1641532182693481e-9,
                    0.013792102225124836,
                    1.3969838619232178e-9,
                    -1.1641532182693481e-9,
                    1.0,
                    0.02455812506377697,
                    0.0,
                    0.0,
                    0.0,
                    1.0
                ],
                "ParentIndex": 22,
                "Children": []
            },
            {
                "Name": "walk_practice:jnt_pelt_1_L_01",
                "Transform": [
                    0.3323630690574646,
                    0.943072497844696,
                    -0.012207085266709328,
                    0.15422561764717102,
                    -0.9431109428405762,
                    0.3322008550167084,
                    -0.013575848191976547,
                    -0.02704966999590397,
                    -0.008747803047299385,
                    0.016024744138121605,
                    0.999833345413208,
                    0.04817281290888786,
                    0.0,
                    0.0,
                    0.0,
                    1.0
                ],
                "ParentIndex": 78,
                "Children": [
                    21
                ]
            },
            {
                "Name": "walk_practice:jnt_pelt_1_R_02",
                "Transform": [
                    1.0,
                    1.19714968604967e-7,
                    -2.3283155958786494e-10,
                    0.07645177841186523,
                    -1.19714968604967e-7,
                    1.0,
                    -1.5599651348452426e-8,
                    -0.0922497808933258,
                    2.328297138420865e-10,
                    1.5599653124809265e-8,
                    0.9999999403953552,
                    0.0240325927734375,
                    0.0,
                    0.0,
                    0.0,
                    1.0
                ],
                "ParentIndex": 24,
                "Children": []
            },
            {
                "Name": "walk_practice:jnt_pelt_1_R_01",
                "Transform": [
                    0.45332086086273193,
                    0.8912638425827026,
                    -0.01220712810754776,
                    -0.15651579201221466,
                    -0.8913232088088989,
                    0.45316511392593384,
                    -0.013575845398008823,
                    -0.019902238622307777,
                    -0.0065678139217197895,
                    0.017034711316227913,
                    0.999833345413208,
                    0.047472093254327774,
                    0.0,
                    0.0,
                    0.0,
                    1.0
                ],
                "ParentIndex": 78,
                "Children": [
                    23
                ]
            },
            {
                "Name": "walk_practice:jnt_pelt_2_L_02",
                "Transform": [
                    0.9941666126251221,
                    -0.049397245049476624,
                    0.09587801247835159,
                    0.04060400277376175,
                    0.03183719888329506,
                    0.9837473034858704,
                    0.17671340703964233,
                    -0.0917307659983635,
                    -0.10304887592792511,
                    -0.17263008654117584,
                    0.9795815348625183,
                    -0.016542674973607063,
                    0.0,
                    0.0,
                    0.0,
                    1.0
                ],
                "ParentIndex": 26,
                "Children": []
            },
            {
                "Name": "walk_practice:jnt_pelt_2_L_01",
                "Transform": [
                    1.0,
                    -1.9190590211230242e-22,
                    -3.0718467769474955e-9,
                    0.11775561422109604,
                    -1.125547438827763e-16,
                    1.0,
                    -3.66408059448986e-8,
                    -0.03773164376616478,
                    3.0718467769474955e-9,
                    3.66408059448986e-8,
                    1.0,
                    -0.052504763007164,
                    0.0,
                    0.0,
                    0.0,
                    1.0
                ],
                "ParentIndex": 78,
                "Children": [
                    25
                ]
            },
            {
                "Name": "walk_practice:jnt_pelt_2_R_02",
                "Transform": [
                    0.9941665530204773,
                    -0.04939715191721916,
                    0.09587794542312622,
                    -0.04060396924614906,
                    0.0318371020257473,
                    0.9837472438812256,
                    0.1767135113477707,
                    0.09173094481229782,
                    -0.10304880142211914,
                    -0.1726301908493042,
                    0.9795814156532288,
                    0.0165428314357996,
                    0.0,
                    0.0,
                    0.0,
                    1.0
                ],
                "ParentIndex": 28,
                "Children": []
            },
            {
                "Name": "walk_practice:jnt_pelt_2_R_01",
                "Transform": [
                    1.0,
                    2.2941645272572775e-22,
                    1.5099580252808664e-7,
                    -0.11963027715682983,
                    1.5705286106767584e-21,
                    -1.0,
                    -8.881784197001252e-15,
                    -0.023533878847956657,
                    1.5099580252808664e-7,
                    8.881784197001252e-15,
                    -1.0,
                    -0.04017128422856331,
                    0.0,
                    0.0,
                    0.0,
                    1.0
                ],
                "ParentIndex": 78,
                "Children": [
                    27
                ]
            },
            {
                "Name": "walk_practice:jnt_band_back_01",
                "Transform": [
                    1.0,
                    -2.1526804687069884e-18,
                    -3.028332792864852e-11,
                    -0.09285904467105865,
                    9.023946980864025e-19,
                    0.9999999403953552,
                    -4.1286277507879277e-8,
                    -0.012975214049220085,
                    3.028332792864852e-11,
                    4.12862739551656e-8,
                    1.0,
                    -0.045933254063129425,
                    0.0,
                    0.0,
                    0.0,
                    1.0
                ],
                "ParentIndex": 77,
                "Children": []
            },
            {
                "Name": "walk_practice:jnt_band_front_01",
                "Transform": [
                    1.0,
                    -2.3953030889216014e-18,
                    4.113319107545976e-8,
                    -0.09694648534059525,
                    3.3988679316236496e-15,
                    0.9999999403953552,
                    -8.257255501575855e-8,
                    -0.013289706781506538,
                    -4.113319107545976e-8,
                    8.25725479103312e-8,
                    1.0,
                    0.10617820173501968,
                    0.0,
                    0.0,
                    0.0,
                    1.0
                ],
                "ParentIndex": 77,
                "Children": []
            },
            {
                "Name": "walk_practice:jnt_band_back_02",
                "Transform": [
                    1.0,
                    -1.162381907310035e-18,
                    4.135812048389198e-8,
                    0.02823842689394951,
                    1.1620882581925787e-18,
                    1.0,
                    7.101665260765772e-15,
                    0.020324241369962692,
                    -4.135812048389198e-8,
                    -7.101665260765772e-15,
                    1.0,
                    -0.1048709824681282,
                    0.0,
                    0.0,
                    0.0,
                    1.0
                ],
                "ParentIndex": 76,
                "Children": []
            },
            {
                "Name": "walk_practice:jnt_band_front_02",
                "Transform": [
                    1.0,
                    -1.162381907310035e-18,
                    4.135812048389198e-8,
                    0.028015881776809692,
                    1.1620882581925787e-18,
                    1.0,
                    7.101665260765772e-15,
                    0.021156050264835358,
                    -4.135812048389198e-8,
                    -7.101665260765772e-15,
                    1.0,
                    0.15730680525302887,
                    0.0,
                    0.0,
                    0.0,
                    1.0
                ],
                "ParentIndex": 76,
                "Children": []
            },
            {
                "Name": "walk_practice:jnt_band_front_03",
                "Transform": [
                    1.0,
                    -5.956670693240324e-18,
                    -2.785842312391651e-8,
                    0.10206097364425659,
                    5.956794770332207e-18,
                    1.0,
                    4.443427268111758e-15,
                    0.04673503339290619,
                    2.785842312391651e-8,
                    -4.443427268111758e-15,
                    1.0,
                    0.15564991533756256,
                    0.0,
                    0.0,
                    0.0,
                    1.0
                ],
                "ParentIndex": 75,
                "Children": []
            },
            {
                "Name": "walk_practice:jnt_Index_L_02",
                "Transform": [
                    1.0,
                    5.5762942707815455e-8,
                    -5.45769545112762e-8,
                    0.010027916170656681,
                    -5.57629356023881e-8,
                    1.0,
                    8.294591680169106e-8,
                    -0.030945956707000732,
                    5.4576961616703557e-8,
                    -8.294591680169106e-8,
                    1.0,
                    0.007340077310800552,
                    0.0,
                    0.0,
                    0.0,
                    1.0
                ],
                "ParentIndex": 35,
                "Children": []
            },
            {
                "Name": "walk_practice:jnt_Index_L_01",
                "Transform": [
                    1.0,
                    -2.2386666387319565e-7,
                    6.105983629822731e-8,
                    0.05140001326799393,
                    2.2386666387319565e-7,
                    1.0,
                    -1.7826027320921867e-9,
                    -0.10376883298158646,
                    -6.105983629822731e-8,
                    1.782616498857692e-9,
                    1.0,
                    0.044297706335783005,
                    0.0,
                    0.0,
                    0.0,
                    1.0
                ],
                "ParentIndex": 44,
                "Children": [
                    34
                ]
            },
            {
                "Name": "walk_practice:jnt_Ling_L_02",
                "Transform": [
                    1.0,
                    -7.844064384698868e-7,
                    -3.4589909603255364e-8,
                    0.014639952220022678,
                    7.844064384698868e-7,
                    1.0,
                    1.4428210626249438e-8,
                    -0.031131727620959282,
                    3.458989539240065e-8,
                    -1.4428237271602029e-8,
                    1.0,
                    0.001011682441458106,
                    0.0,
                    0.0,
                    0.0,
                    1.0
                ],
                "ParentIndex": 37,
                "Children": []
            },
            {
                "Name": "walk_practice:jnt_Ling_L_01",
                "Transform": [
                    1.0,
                    3.2514799386262894e-7,
                    -3.0631778002998544e-8,
                    0.04980197548866272,
                    -3.2514799386262894e-7,
                    1.0,
                    2.5946070181248615e-8,
                    -0.10144125670194626,
                    3.06317851084259e-8,
                    -2.594605952310758e-8,
                    1.0,
                    -0.009199457243084908,
                    0.0,
                    0.0,
                    0.0,
                    1.0
                ],
                "ParentIndex": 44,
                "Children": [
                    36
                ]
            },
            {
                "Name": "walk_practice:jnt_Mid_L_02",
                "Transform": [
                    1.0,
                    -2.037267576859847e-10,
                    -4.241883289068937e-9,
                    0.015668921172618866,
                    2.0372686870828716e-10,
                    1.0,
                    2.4221662897616625e-8,
                    -0.03185698762536049,
                    4.241883289068937e-9,
                    -2.4221662897616625e-8,
                    1.0,
                    0.004202372394502163,
                    0.0,
                    0.0,
                    0.0,
                    1.0
                ],
                "ParentIndex": 39,
                "Children": []
            },
            {
                "Name": "walk_practice:jnt_Mid_L_01",
                "Transform": [
                    1.0,
                    2.0858715288341045e-7,
                    6.503978511318564e-8,
                    0.06120207533240318,
                    -2.0858715288341045e-7,
                    1.0,
                    -1.1277802025588812e-9,
                    -0.10099105536937714,
                    -6.503978511318564e-8,
                    1.1277666578379808e-9,
                    1.0,
                    0.017923377454280853,
                    0.0,
                    0.0,
                    0.0,
                    1.0
                ],
                "ParentIndex": 44,
                "Children": [
                    38
                ]
            },
            {
                "Name": "walk_practice:jnt_Pink_L_02",
                "Transform": [
                    1.0,
                    -9.99134499579668e-8,
                    5.972833605483174e-8,
                    0.009233909659087658,
                    9.99134499579668e-8,
                    1.0,
                    -4.3270116378835155e-8,
                    -0.026453988626599312,
                    -5.972833605483174e-8,
                    4.327012348426251e-8,
                    1.0,
                    -0.00006698444485664368,
                    0.0,
                    0.0,
                    0.0,
                    1.0
                ],
                "ParentIndex": 41,
                "Children": []
            },
            {
                "Name": "walk_practice:jnt_Pink_L_01",
                "Transform": [
                    1.0,
                    -5.821179649423414e-11,
                    6.327172741293907e-8,
                    0.03963499888777733,
                    5.820352533270068e-11,
                    1.0,
                    1.3074895832687616e-7,
                    -0.10885605961084366,
                    -6.327172741293907e-8,
                    -1.3074895832687616e-7,
                    1.0,
                    -0.031344830989837646,
                    0.0,
                    0.0,
                    0.0,
                    1.0
                ],
                "ParentIndex": 44,
                "Children": [
                    40
                ]
            },
            {
                "Name": "walk_practice:jnt_Thumb_L_02",
                "Transform": [
                    1.0,
                    -1.437729224562645e-8,
                    -1.3751563221475749e-9,
                    -0.001330024329945445,
                    1.437729224562645e-8,
                    1.0,
                    4.5823981054127216e-8,
                    -0.02840501070022583,
                    1.3751556560137601e-9,
                    -4.5823981054127216e-8,
                    1.0,
                    0.02853989787399769,
                    0.0,
                    0.0,
                    0.0,
                    1.0
                ],
                "ParentIndex": 43,
                "Children": []
            },
            {
                "Name": "walk_practice:jnt_Thumb_L_01",
                "Transform": [
                    1.0,
                    -2.7765054255723953e-7,
                    4.889443516731262e-9,
                    -0.013559010811150074,
                    2.7765054255723953e-7,
                    1.0,
                    -1.4406389414745036e-9,
                    -0.04404206946492195,
                    -4.889443516731262e-9,
                    1.4406402737421331e-9,
                    1.0,
                    0.03787139803171158,
                    0.0,
                    0.0,
                    0.0,
                    1.0
                ],
                "ParentIndex": 44,
                "Children": [
                    42
                ]
            },
            {
                "Name": "walk_practice:jnt_wrist_L",
                "Transform": [
                    1.0,
                    3.201412190900754e-10,
                    -2.8048816602677107e-8,
                    0.14283698797225952,
                    -3.2014305095806606e-10,
                    1.0,
                    -6.440677680075169e-8,
                    -0.13826730847358704,
                    2.8048816602677107e-8,
                    6.440677680075169e-8,
                    1.0,
                    0.060859259217977524,
                    0.0,
                    0.0,
                    0.0,
                    1.0
                ],
                "ParentIndex": 45,
                "Children": [
                    35,
                    37,
                    39,
                    41,
                    43
                ]
            },
            {
                "Name": "walk_practice:jnt_arm_L_02",
                "Transform": [
                    0.9996891021728516,
                    0.009821675717830658,
                    0.022918719798326492,
                    0.13300995528697968,
                    -0.009186621755361557,
                    0.9995753765106201,
                    -0.027651643380522728,
                    -0.19914968311786652,
                    -0.02318057231605053,
                    0.02743249572813511,
                    0.9993549585342407,
                    -0.030636051669716835,
                    0.0,
                    0.0,
                    0.0,
                    1.0
                ],
                "ParentIndex": 46,
                "Children": [
                    44
                ]
            },
            {
                "Name": "walk_practice:jnt_arm_L_01",
                "Transform": [
                    1.0,
                    -1.6702536807789142e-17,
                    -6.447440625834133e-8,
                    0.07250576466321945,
                    -1.9873485113965604e-15,
                    1.0,
                    -3.1082890927791595e-8,
                    0.004542801529169083,
                    6.447440625834133e-8,
                    3.1082890927791595e-8,
                    1.0,
                    -0.04446256160736084,
                    0.0,
                    0.0,
                    0.0,
                    1.0
                ],
                "ParentIndex": 48,
                "Children": [
                    45
                ]
            },
            {
                "Name": "walk_practice:jnt_shoulder_L",
                "Transform": [
                    1.0,
                    9.826482160656342e-18,
                    1.0882557077707133e-8,
                    0.07250767201185226,
                    4.677934798185334e-16,
                    1.0,
                    -4.3888576328754425e-8,
                    0.06638256460428238,
                    -1.0882557077707133e-8,
                    4.3888576328754425e-8,
                    1.0,
                    -0.03063121624290943,
                    0.0,
                    0.0,
                    0.0,
                    1.0
                ],
                "ParentIndex": 48,
                "Children": []
            },
            {
                "Name": "walk_practice:jnt_clavicle_L",
                "Transform": [
                    1.0,
                    2.7755575615628914e-17,
                    1.0124739446837339e-7,
                    0.09170392155647278,
                    -3.011234872563051e-10,
                    0.9999955892562866,
                    0.0029741358011960983,
                    0.07728635519742966,
                    -1.012469397210225e-7,
                    -0.0029741358011960983,
                    0.9999955892562866,
                    0.04355216026306152,
                    0.0,
                    0.0,
                    0.0,
                    1.0
                ],
                "ParentIndex": 75,
                "Children": [
                    46,
                    47
                ]
            },
            {
                "Name": "walk_practice:jnt_Index_R_02",
                "Transform": [
                    1.0,
                    1.3978569768369198e-7,
                    3.929025549354037e-9,
                    -0.010028068907558918,
                    -1.3978569768369198e-7,
                    1.0,
                    1.2273085303604603e-7,
                    -0.03094583749771118,
                    -3.929008673964063e-9,
                    -1.2273085303604603e-7,
                    1.0,
                    0.007340003736317158,
                    0.0,
                    0.0,
                    0.0,
                    1.0
                ],
                "ParentIndex": 50,
