{
    "Prefab": {
        "UID": 1652372403612629,
        "Name": "CH_SoldierEnemy",
        "GameObjects": [
            {
                "UID": 17563252857902228582,
                "ParentUID": 3408008172474305760,
                "Name": "CH_SoldierEnemy",
                "Mobility": 0,
                "SelectParent": false,
                "Enabled": true,
                "WasEnabled": true,
                "NavmeshValid": false,
                "PrefabUID": 1652372403612629,
                "LocalTransform": [
                    1.0,
                    0.0,
                    0.0,
                    -171.38027954101563,
                    0.0,
                    1.0,
                    0.0,
                    -15.150888442993164,
                    0.0,
                    0.0,
                    1.0,
                    1.5243725776672363,
                    0.0,
                    0.0,
                    0.0,
                    1.0
                ],
                "Components": [
                    {
                        "UID": 4523882996402365505,
                        "Type": 7,
                        "Enabled": true,
                        "WasEnabled": true,
                        "Name": "Script",
                        "Scripts": [
                            {
                                "Script Name": "SoldierScript",
                                "Enabled": true,
                                "WasEnabled": true,
                                "Max Health": 3,
                                "Current Health": 3,
                                "Invulnerable": false,
                                "Dead": false,
                                "Weapon Name": "Sword",
                                "Damage": 1,
                                "Attack Range": 1.0,
                                "Attack Duration": 0.8999999761581421,
                                "Attack Cooldown": 1.2000000476837158,
                                "Attack Hitbox Delay": 0.5,
                                "Attack Hitbox Duration": 0.30000001192092896,
                                "AI Chase Range": 10.0,
                                "AI Attack Range": 1.2999999523162842,
                                "AI Patrol Point": [
                                    0.0,
                                    0.0,
                                    0.0
                                ]
                            }
                        ]
                    },
                    {
                        "UID": 8978349395677196996,
                        "Type": 13,
                        "Enabled": true,
                        "WasEnabled": true,
                        "Name": "Capsule Collider",
                        "Mass": 1.0,
                        "ColliderType": 2,
                        "ColliderLayer": 2,
                        "Radius": 0.677929162979126,
                        "Length": 1.156000018119812,
                        "GenerateCallback": true,
                        "FitToSize": false,
                        "CenterOffset": [
                            -5.960464477539063e-8,
                            0.37550270557403564,
                            0.014899879693984985
                        ],
                        "CenterRotation": [
                            0.0,
                            0.0,
                            0.0
                        ]
                    },
                    {
                        "UID": 7813342467602509487,
                        "Type": 14,
                        "Enabled": true,
                        "WasEnabled": true,
                        "Name": "Animation",
                        "Animations": 1574759328815938,
                        "StateMachine": 1718832130894368
                    },
                    {
                        "UID": 12139081688328708290,
                        "Type": 15,
                        "Enabled": true,
                        "WasEnabled": true,
                        "Name": "AI Agent",
                        "Speed": 3.5,
                        "Acceleration": 8.0,
                        "Radius": 0.6000000238418579,
                        "Height": 2.0,
                        "MaxAngularSpeed": 6.2831854820251465,
                        "isRadians": true
                    }
                ],
                "Children": [
                    3149343976492870588,
                    10980723172455725819,
                    7515847207922450594,
                    1586768699876565261,
                    10214485493835001647
                ]
            },
            {
                "UID": 3149343976492870588,
                "ParentUID": 17563252857902228582,
                "Name": "enemy_character_lowpoly_v02",
                "Mobility": 0,
                "SelectParent": true,
                "Enabled": true,
                "WasEnabled": true,
                "NavmeshValid": false,
                "LocalTransform": [
                    1.0,
                    0.0,
                    0.0,
                    0.0,
                    0.0,
                    1.0,
                    0.0,
                    0.0,
                    0.0,
                    0.0,
                    1.0,
                    0.0,
                    0.0,
                    0.0,
                    0.0,
                    1.0
                ],
                "Components": [
                    {
                        "UID": 3196252729008565212,
                        "Type": 1,
                        "Enabled": true,
                        "WasEnabled": true,
                        "Name": "Mesh",
                        "Mesh": 1172307349938253,
                        "Material": 0,
                        "RenderMode": 0,
                        "Bones": [
                            1586768699876565261,
                            9277644194220334432,
                            13010755153006142047,
                            9340815854914355251,
                            9760885884689906186,
                            4245135177726488719,
                            3520959396950183666,
                            10854499523681232934,
                            4246860992280817338,
                            4948217778790728610,
                            1760035398381073526,
                            5634701982047879276,
                            5355666563404933632,
                            8407338707391387114,
                            7121308161804269458,
                            10733167449502464977,
                            11944385534491685643,
                            9047223679968336384,
                            11693085097700625316,
                            4199180838249509901,
                            8746129033319601619,
                            12037545379175098069,
                            5755838657817075615,
                            14162140612017080737,
                            4675003664204992079,
                            12662921175867940643,
                            9778693670402288920,
                            9852700175912575831,
                            7126411490310145941,
                            6292883240656142435,
                            4674572872002077738,
                            7556966065985910124,
                            11594706078775611082,
                            13867412502887053274,
                            8234467276839452683,
                            18331758599488191865,
                            10017054101572032021,
                            2847312380425524542,
                            13901648263636695588,
                            6988742126503653563,
                            5917137102803086007,
                            1835309390761099826,
                            13802525490348633649,
                            7111004694660546551,
                            14727252737121618509,
                            11423120852864230708,
                            11299795774179564478,
                            12255383866247839333,
                            16205894041500669331,
                            17201057694672002253,
                            13761559724581113287,
                            4538646210835071622,
                            823898355969895664,
                            10510443250559460110,
                            14174662281042473301,
                            3962624167963995515,
                            6395918951492931997,
                            11896875627133694253,
                            14582444987596897027,
                            14421185678987274339,
                            16350065713237921918,
                            13783313480971221912,
                            13456808979296250583
                        ],
                        "ModelUID": 1456758275117469,
                        "SkinIndex": 0
                    }
                ],
                "Children": []
            },
            {
                "UID": 10980723172455725819,
                "ParentUID": 17563252857902228582,
                "Name": "WP_EnemySoldierSword_LP_v03",
                "Mobility": 0,
                "SelectParent": true,
                "Enabled": true,
                "WasEnabled": true,
                "NavmeshValid": false,
                "LocalTransform": [
                    0.3457895517349243,
                    -0.9383121132850647,
                    0.0,
                    -0.506659984588623,
                    0.9383121132850647,
                    0.3457895517349243,
                    0.0,
                    0.9378799796104431,
                    0.0,
                    0.0,
                    1.0,
                    0.0,
                    0.0,
                    0.0,
                    0.0,
                    1.0
                ],
                "Components": [],
                "Children": []
            },
            {
                "UID": 7515847207922450594,
                "ParentUID": 17563252857902228582,
                "Name": "WP_EnemySoldierSword_LP_v03.001",
                "Mobility": 0,
                "SelectParent": true,
                "Enabled": true,
                "WasEnabled": true,
                "NavmeshValid": false,
                "LocalTransform": [
                    1.0,
                    0.0,
                    0.0,
                    0.0,
                    0.0,
                    1.0,
                    0.0,
                    0.0,
                    0.0,
                    0.0,
                    1.0,
                    0.0,
                    0.0,
                    0.0,
                    0.0,
                    1.0
                ],
                "Components": [
                    {
                        "UID": 4543385500601797778,
                        "Type": 1,
                        "Enabled": true,
                        "WasEnabled": true,
                        "Name": "Mesh",
                        "Mesh": 1177981603453253,
                        "Material": 0,
                        "RenderMode": 0,
                        "Bones": [
                            1586768699876565261,
                            9277644194220334432,
                            13010755153006142047,
                            9340815854914355251,
                            9760885884689906186,
                            4245135177726488719,
                            3520959396950183666,
                            10854499523681232934,
                            4246860992280817338,
                            4948217778790728610,
                            1760035398381073526,
                            5634701982047879276,
                            5355666563404933632,
                            8407338707391387114,
                            7121308161804269458,
                            10733167449502464977,
                            11944385534491685643,
                            9047223679968336384,
                            11693085097700625316,
                            4199180838249509901,
                            8746129033319601619,
                            12037545379175098069,
                            5755838657817075615,
                            14162140612017080737,
                            4675003664204992079,
                            12662921175867940643,
                            9778693670402288920,
                            9852700175912575831,
                            7126411490310145941,
                            6292883240656142435,
                            4674572872002077738,
                            7556966065985910124,
                            11594706078775611082,
                            13867412502887053274,
                            8234467276839452683,
                            18331758599488191865,
                            10017054101572032021,
                            2847312380425524542,
                            13901648263636695588,
                            6988742126503653563,
                            5917137102803086007,
                            1835309390761099826,
                            13802525490348633649,
                            7111004694660546551,
                            14727252737121618509,
                            11423120852864230708,
                            11299795774179564478,
                            12255383866247839333,
                            16205894041500669331,
                            17201057694672002253,
                            13761559724581113287,
                            4538646210835071622,
                            823898355969895664,
                            10510443250559460110,
                            14174662281042473301,
                            3962624167963995515,
                            6395918951492931997,
                            11896875627133694253,
                            14582444987596897027,
                            14421185678987274339,
                            16350065713237921918,
                            13783313480971221912,
                            13456808979296250583
                        ],
                        "ModelUID": 1456758275117469,
                        "SkinIndex": 0
                    }
                ],
                "Children": []
            },
            {
                "UID": 1586768699876565261,
                "ParentUID": 17563252857902228582,
                "Name": "jnt_RootBone",
                "Mobility": 0,
                "SelectParent": true,
                "Enabled": true,
                "WasEnabled": true,
                "NavmeshValid": false,
                "LocalTransform": [
                    0.0,
                    -2.9802317058624794e-8,
                    1.0000001192092896,
                    0.0,
                    0.9996752142906189,
                    -0.02548634633421898,
                    -2.9802322387695313e-8,
                    0.0,
                    0.025486258789896965,
                    0.9996750950813293,
                    0.0,
                    0.0,
                    0.0,
                    0.0,
                    0.0,
                    1.0
                ],
                "Components": [],
                "Children": [
                    9277644194220334432
                ]
            },
            {
                "UID": 10214485493835001647,
                "ParentUID": 17563252857902228582,
                "Name": "Sword",
                "Mobility": 0,
                "SelectParent": false,
                "Enabled": true,
                "WasEnabled": true,
                "NavmeshValid": false,
                "LocalTransform": [
                    0.5620044469833374,
                    0.0,
                    0.0,
                    0.011720657348632813,
                    0.0,
                    0.2184959501028061,
                    0.0,
                    0.9086666107177734,
                    0.0,
                    0.0,
                    1.3765294551849365,
                    0.5875930786132813,
                    0.0,
                    0.0,
                    0.0,
                    1.0
                ],
                "Components": [
                    {
                        "UID": 13587123659325304118,
                        "Type": 1,
                        "Enabled": false,
                        "WasEnabled": false,
                        "Name": "Mesh",
                        "Mesh": 1175652718975713,
                        "Material": 0,
                        "RenderMode": 0
                    },
                    {
                        "UID": 2071144207076875910,
                        "Type": 13,
                        "Enabled": true,
                        "WasEnabled": true,
                        "Name": "Capsule Collider",
                        "Mass": 1.0,
                        "ColliderType": 2,
                        "ColliderLayer": 5,
                        "Radius": 0.800000011920929,
                        "Length": 0.10210084915161133,
                        "GenerateCallback": true,
                        "FitToSize": false,
                        "CenterOffset": [
                            0.0,
                            0.0,
                            0.0
                        ],
                        "CenterRotation": [
                            0.0,
                            0.0,
                            0.0
                        ]
                    }
                ],
                "Children": []
            },
            {
                "UID": 9277644194220334432,
                "ParentUID": 1586768699876565261,
                "Name": "jnt_pelvis",
                "Mobility": 0,
                "SelectParent": true,
                "Enabled": true,
                "WasEnabled": true,
                "NavmeshValid": false,
                "LocalTransform": [
                    3.576278118089249e-7,
                    0.9998522996902466,
                    -0.017168698832392693,
                    0.908897340297699,
                    -0.00004014372098026797,
                    0.01716875657439232,
                    0.9998524188995361,
                    -0.00002401880919933319,
                    0.9999997615814209,
                    4.1723239974089665e-7,
                    0.000040173526940634474,
                    -1.0357561563978379e-7,
                    0.0,
                    0.0,
                    0.0,
                    1.0
                ],
                "Components": [],
                "Children": [
                    13010755153006142047,
                    3520959396950183666,
                    5634701982047879276,
                    11944385534491685643
                ]
            },
            {
                "UID": 13010755153006142047,
                "ParentUID": 9277644194220334432,
                "Name": "jnt_cloth_01",
                "Mobility": 0,
                "SelectParent": true,
                "Enabled": true,
                "WasEnabled": true,
                "NavmeshValid": false,
                "LocalTransform": [
                    -0.055415861308574677,
                    -0.9984633922576904,
                    0.000039920207200339064,
                    -0.07138156145811081,
                    -0.9944607615470886,
                    0.055189963430166245,
                    -0.08945289999246597,
                    0.11081934720277786,
                    0.08931323885917664,
                    -0.00499679846689105,
                    -0.9959911704063416,
                    0.08200442790985107,
                    0.0,
                    0.0,
                    0.0,
                    1.0
                ],
                "Components": [],
                "Children": [
                    9340815854914355251
                ]
            },
            {
                "UID": 3520959396950183666,
                "ParentUID": 9277644194220334432,
                "Name": "jnt_leg_L_01",
                "Mobility": 0,
                "SelectParent": true,
                "Enabled": true,
                "WasEnabled": true,
                "NavmeshValid": false,
                "LocalTransform": [
                    0.21147507429122925,
                    -0.2613726556301117,
                    0.9417870044708252,
                    0.09316544979810715,
                    -0.9759827852249146,
                    -0.10803806781768799,
                    0.18917003273963928,
                    -0.010816446505486965,
                    0.052305012941360474,
                    -0.9591726064682007,
                    -0.27794256806373596,
                    -0.001666541094891727,
                    0.0,
                    0.0,
                    0.0,
                    1.0
                ],
                "Components": [],
                "Children": [
                    10854499523681232934
                ]
            },
            {
                "UID": 5634701982047879276,
                "ParentUID": 9277644194220334432,
                "Name": "jnt_leg_R_01",
                "Mobility": 0,
                "SelectParent": true,
                "Enabled": true,
                "WasEnabled": true,
                "NavmeshValid": false,
                "LocalTransform": [
                    -0.2539590299129486,
                    0.19306695461273193,
                    0.9477500915527344,
                    -0.0931655764579773,
                    -0.959987223148346,
                    -0.16988122463226318,
                    -0.2226315438747406,
                    -0.010816870257258415,
                    0.11802210658788681,
                    -0.9663671851158142,
                    0.22848471999168396,
                    -0.001673714374192059,
                    0.0,
                    0.0,
                    0.0,
                    1.0
                ],
                "Components": [],
                "Children": [
                    5355666563404933632
                ]
            },
            {
                "UID": 11944385534491685643,
                "ParentUID": 9277644194220334432,
                "Name": "jnt_spine_01",
                "Mobility": 0,
                "SelectParent": true,
                "Enabled": true,
                "WasEnabled": true,
                "NavmeshValid": false,
                "LocalTransform": [
                    0.000004410743258631555,
                    -0.00005304811929818243,
                    0.9999998211860657,
                    1.4843060114344553e-10,
                    0.9948108196258545,
                    0.1017405092716217,
                    0.0000010728833785833558,
                    0.13355490565299988,
                    -0.10174049437046051,
                    0.9948106408119202,
                    0.0000532865415152628,
                    1.1362334362274851e-7,
                    0.0,
                    0.0,
                    0.0,
                    1.0
                ],
                "Components": [],
                "Children": [
                    9047223679968336384
                ]
            },
            {
                "UID": 9340815854914355251,
                "ParentUID": 13010755153006142047,
                "Name": "jnt_cloth_02",
                "Mobility": 0,
                "SelectParent": true,
                "Enabled": true,
                "WasEnabled": true,
                "NavmeshValid": false,
                "LocalTransform": [
                    0.9981181025505066,
                    -6.766234150745731e-7,
                    -0.06131986901164055,
                    0.15638653934001923,
                    -6.480156002908188e-7,
                    -1.0000003576278687,
                    4.86418173295533e-7,
                    1.527660060673952e-7,
                    -0.06131986901164055,
                    -4.457667159840639e-7,
                    -0.9981183409690857,
                    -1.2678826522005693e-7,
                    0.0,
                    0.0,
                    0.0,
                    1.0
                ],
                "Components": [],
                "Children": [
                    9760885884689906186
                ]
            },
            {
                "UID": 10854499523681232934,
                "ParentUID": 3520959396950183666,
                "Name": "jnt_leg_L_02",
                "Mobility": 0,
                "SelectParent": true,
                "Enabled": true,
                "WasEnabled": true,
                "NavmeshValid": false,
                "LocalTransform": [
                    0.992784857749939,
                    -0.11549408733844757,
                    -0.032237228006124496,
                    0.416625440120697,
                    0.11544399708509445,
                    0.9933081269264221,
                    -0.0034169028513133526,
                    -0.015404526144266129,
                    0.03241613134741783,
                    -0.00032934476621448994,
                    0.9994743466377258,
                    -0.0031266845762729645,
                    0.0,
                    0.0,
                    0.0,
                    1.0
                ],
                "Components": [],
                "Children": [
                    4246860992280817338
                ]
            },
            {
                "UID": 5355666563404933632,
                "ParentUID": 5634701982047879276,
                "Name": "jnt_leg_R_02",
                "Mobility": 0,
                "SelectParent": true,
                "Enabled": true,
                "WasEnabled": true,
                "NavmeshValid": false,
                "LocalTransform": [
                    0.9727643132209778,
                    -0.22862835228443146,
                    0.03819286823272705,
                    0.41356489062309265,
                    0.22811011970043182,
                    0.9734786152839661,
                    0.017473822459578514,
                    0.006167415529489517,
                    -0.04117495194077492,
                    -0.008285731077194214,
                    0.9991174936294556,
                    0.01378751453012228,
                    0.0,
                    0.0,
                    0.0,
                    1.0
                ],
                "Components": [],
                "Children": [
                    8407338707391387114
                ]
            },
            {
                "UID": 9047223679968336384,
                "ParentUID": 11944385534491685643,
                "Name": "jnt_spine_02",
                "Mobility": 0,
                "SelectParent": true,
                "Enabled": true,
                "WasEnabled": true,
                "NavmeshValid": false,
                "LocalTransform": [
                    0.9860600829124451,
                    0.16638967394828796,
                    0.0000013234457583166659,
                    0.20584845542907715,
                    -0.16638968884944916,
                    0.9860599637031555,
                    -1.1604017657873555e-7,
                    0.0000034347128803347005,
                    -0.0000013243050034361659,
                    -1.0578511222547604e-7,
                    1.0,
                    1.4269498649355228e-7,
                    0.0,
                    0.0,
                    0.0,
                    1.0
                ],
                "Components": [],
                "Children": [
                    11693085097700625316
                ]
            },
            {
                "UID": 9760885884689906186,
                "ParentUID": 9340815854914355251,
                "Name": "jnt_cloth_03",
                "Mobility": 0,
                "SelectParent": true,
                "Enabled": true,
                "WasEnabled": true,
                "NavmeshValid": false,
                "LocalTransform": [
                    0.9993643164634705,
                    -2.9248275268400903e-7,
                    0.035649992525577545,
                    0.13574108481407166,
                    -2.8924461048518424e-7,
                    -0.9999998211860657,
                    -9.599025219131363e-8,
                    -2.154556568711996e-7,
                    0.035649996250867844,
                    8.561765696413204e-8,
                    -0.9993643164634705,
                    4.270987119525671e-7,
                    0.0,
                    0.0,
                    0.0,
                    1.0
                ],
                "Components": [],
                "Children": [
                    4245135177726488719
                ]
            },
            {
                "UID": 4246860992280817338,
                "ParentUID": 10854499523681232934,
                "Name": "jnt_leg_L_03",
                "Mobility": 0,
                "SelectParent": true,
                "Enabled": true,
                "WasEnabled": true,
                "NavmeshValid": false,
                "LocalTransform": [
                    0.16943144798278809,
                    -0.9601793885231018,
                    -0.22214694321155548,
                    0.43346279859542847,
                    -0.9831337332725525,
                    -0.18041592836380005,
                    0.029969943687319756,
                    0.03153415024280548,
                    -0.06885533779859543,
                    0.21332240104675293,
                    -0.97455233335495,
                    0.010067764669656754,
                    0.0,
                    0.0,
                    0.0,
                    1.0
                ],
                "Components": [],
                "Children": [
                    4948217778790728610
                ]
            },
            {
                "UID": 8407338707391387114,
                "ParentUID": 5355666563404933632,
                "Name": "jnt_leg_R_03",
                "Mobility": 0,
                "SelectParent": true,
                "Enabled": true,
                "WasEnabled": true,
                "NavmeshValid": false,
                "LocalTransform": [
                    0.14253519475460052,
                    -0.9531306028366089,
                    0.2668803036212921,
                    0.44027405977249146,
                    -0.9895870685577393,
                    -0.14268378913402557,
                    0.01894022338092327,
                    0.023318998515605927,
                    0.020026979967951775,
                    -0.2668008804321289,
                    -0.963543713092804,
                    0.011682390235364437,
                    0.0,
                    0.0,
                    0.0,
                    1.0
                ],
                "Components": [],
                "Children": [
                    7121308161804269458
                ]
            },
            {
                "UID": 11693085097700625316,
                "ParentUID": 9047223679968336384,
                "Name": "jnt_spine_03",
                "Mobility": 0,
                "SelectParent": true,
                "Enabled": true,
                "WasEnabled": true,
                "NavmeshValid": false,
                "LocalTransform": [
                    0.988286018371582,
                    -0.1526125967502594,
                    -0.0000028029689929098822,
                    0.08952021598815918,
                    0.1526125818490982,
                    0.9882860779762268,
                    -2.1897272972637438e-7,
                    -5.578688160312595e-7,
                    0.000002803553115882096,
                    -2.1136068539817643e-7,
                    1.0,
                    7.463356155312795e-9,
                    0.0,
                    0.0,
                    0.0,
                    1.0
                ],
                "Components": [],
                "Children": [
                    4199180838249509901,
                    13901648263636695588,
                    14582444987596897027
                ]
            },
            {
                "UID": 4245135177726488719,
                "ParentUID": 9760885884689906186,
                "Name": "jnt_cloth_end",
                "Mobility": 0,
                "SelectParent": true,
                "Enabled": true,
                "WasEnabled": true,
                "NavmeshValid": false,
                "LocalTransform": [
                    1.0,
                    7.255584222320977e-8,
                    7.395283319056034e-8,
                    0.10227739810943604,
                    -7.255584932863712e-8,
                    0.9999999403953552,
                    -5.366747046764431e-8,
                    -2.9423972591757774e-8,
                    -7.395283319056034e-8,
                    5.366745980950327e-8,
                    1.0,
                    -3.271270543336868e-8,
                    0.0,
                    0.0,
                    0.0,
                    1.0
                ],
                "Components": [],
                "Children": []
            },
            {
                "UID": 4948217778790728610,
                "ParentUID": 4246860992280817338,
                "Name": "jnt_foot_L_01",
                "Mobility": 0,
                "SelectParent": true,
                "Enabled": true,
                "WasEnabled": true,
                "NavmeshValid": false,
                "LocalTransform": [
                    0.999530017375946,
                    0.007282227743417025,
                    0.0297746192663908,
                    0.08692812919616699,
                    -0.007554338313639164,
                    0.9999305605888367,
                    0.00903677474707365,
                    -0.01745983585715294,
                    -0.029706742614507675,
                    -0.009257455356419086,
                    0.9995157122612,
                    -0.003990401979535818,
                    0.0,
                    0.0,
                    0.0,
                    1.0
                ],
                "Components": [],
                "Children": [
                    1760035398381073526
                ]
            },
            {
                "UID": 7121308161804269458,
                "ParentUID": 8407338707391387114,
                "Name": "jnt_foot_R_01",
                "Mobility": 0,
                "SelectParent": true,
                "Enabled": true,
                "WasEnabled": true,
                "NavmeshValid": false,
                "LocalTransform": [
                    0.9995297193527222,
                    0.007282635197043419,
                    -0.02978735789656639,
                    0.0871506929397583,
                    -0.007555169984698296,
                    0.9999305605888367,
                    -0.009047036990523338,
                    -0.017598552629351616,
                    0.02971940115094185,
                    0.009267831221222878,
                    0.9995152950286865,
                    0.0040442245081067085,
                    0.0,
                    0.0,
                    0.0,
                    1.0
                ],
                "Components": [],
                "Children": [
                    10733167449502464977
                ]
            },
            {
                "UID": 4199180838249509901,
                "ParentUID": 11693085097700625316,
                "Name": "jnt_clavicle_L",
                "Mobility": 0,
                "SelectParent": true,
                "Enabled": true,
                "WasEnabled": true,
                "NavmeshValid": false,
                "LocalTransform": [
                    0.09592539072036743,
                    0.9918397068977356,
                    -0.08397778868675232,
                    0.07229675352573395,
                    -0.5909531712532043,
                    0.12463641166687012,
                    0.7970195412635803,
                    0.05140959098935127,
                    0.8009823560714722,
                    -0.026827454566955566,
                    0.5980865955352783,
                    0.09170443564653397,
                    0.0,
                    0.0,
                    0.0,
                    1.0
                ],
                "Components": [],
                "Children": [
                    8746129033319601619
                ]
            },
            {
                "UID": 13901648263636695588,
                "ParentUID": 11693085097700625316,
                "Name": "jnt_clavicle_R",
                "Mobility": 0,
                "SelectParent": true,
                "Enabled": true,
                "WasEnabled": true,
                "NavmeshValid": false,
                "LocalTransform": [
                    -0.09592165052890778,
                    -0.9918398857116699,
                    0.08398015052080154,
                    0.0722942128777504,
                    0.5909325480461121,
                    -0.12463545799255371,
                    -0.7970351576805115,
                    0.05141163989901543,
                    0.8009981513023376,
                    -0.026826322078704834,
                    0.5980656743049622,
                    -0.09170341491699219,
                    0.0,
                    0.0,
                    0.0,
                    1.0
                ],
                "Components": [],
                "Children": [
                    6988742126503653563
                ]
            },
            {
                "UID": 14582444987596897027,
                "ParentUID": 11693085097700625316,
                "Name": "jnt_Neck_01",
                "Mobility": 0,
                "SelectParent": true,
                "Enabled": true,
                "WasEnabled": true,
                "NavmeshValid": false,
                "LocalTransform": [
                    1.0,
                    2.0489264329626167e-7,
                    -9.079030860448256e-10,
                    0.1556980460882187,
                    -2.0489264329626167e-7,
                    1.0,
                    -1.314411036609786e-12,
                    -1.499548574201981e-7,
                    9.079030860448256e-10,
                    1.3145970857025846e-12,
                    1.0,
                    7.252168643390178e-9,
                    0.0,
                    0.0,
                    0.0,
                    1.0
                ],
                "Components": [],
                "Children": [
                    14421185678987274339
                ]
            },
            {
                "UID": 1760035398381073526,
                "ParentUID": 4948217778790728610,
                "Name": "jnt_foot_L_End",
                "Mobility": 0,
                "SelectParent": true,
                "Enabled": true,
                "WasEnabled": true,
                "NavmeshValid": false,
                "LocalTransform": [
                    1.0000001192092896,
                    7.450580596923828e-8,
                    1.955777229056821e-8,
                    0.09005700051784515,
                    -7.450580596923828e-8,
