{
    "Prefab": {
        "UID": 1652372403612629,
        "Name": "CH_SoldierEnemy",
        "GameObjects": [
            {
                "UID": 9267865370131129614,
                "ParentUID": 8823869308913623498,
                "Name": "CH_SoldierEnemy",
                "Mobility": 0,
                "SelectParent": false,
                "Enabled": true,
                "WasEnabled": true,
                "NavmeshValid": false,
                "PrefabUID": 1652372403612629,
                "LocalTransform": [
                    1.0,
                    0.0,
                    0.0,
                    -31.2188777923584,
                    0.0,
                    1.0,
                    0.0,
                    8.299378395080566,
                    0.0,
                    0.0,
                    1.0,
                    -40.64849090576172,
                    0.0,
                    0.0,
                    0.0,
                    1.0
                ],
                "Components": [
                    {
                        "UID": 12571103908184687517,
                        "Type": 7,
                        "Enabled": true,
                        "WasEnabled": true,
                        "Name": "Script",
                        "Scripts": [
                            {
                                "Script Name": "SoldierScript",
                                "Enabled": true,
                                "WasEnabled": true,
                                "Max Health": 3,
                                "Current Health": 3,
                                "Invulnerable": false,
                                "Dead": false,
                                "Weapon Name": "Sword",
                                "Damage": 1,
                                "Attack Range": 1.0,
                                "Attack Duration": 0.5,
                                "Attack Cooldown": 1.2000000476837158,
                                "Attack Hitbox Delay": 0.0,
                                "Attack Hitbox Duration": 0.0,
                                "AI Chase Range": 10.0,
                                "AI Attack Range": 1.2999999523162842,
                                "AI Patrol Point": [
                                    0.0,
                                    0.0,
                                    0.0
                                ]
                            }
                        ]
                    },
                    {
                        "UID": 5133021934315783488,
                        "Type": 13,
                        "Enabled": true,
                        "WasEnabled": true,
                        "Name": "Capsule Collider",
                        "Mass": 1.0,
                        "ColliderType": 2,
                        "ColliderLayer": 2,
                        "Radius": 0.677929162979126,
                        "Length": 1.156000018119812,
                        "GenerateCallback": true,
                        "FitToSize": false,
                        "CenterOffset": [
                            -5.960464477539063e-8,
                            0.37550270557403564,
                            0.014899879693984985
                        ],
                        "CenterRotation": [
                            0.0,
                            0.0,
                            0.0
                        ]
                    },
                    {
                        "UID": 13733452457519197002,
                        "Type": 14,
                        "Enabled": true,
                        "WasEnabled": true,
                        "Name": "Animation",
                        "Animations": 1574759328815938,
                        "StateMachine": 1718832130894368
                    },
                    {
                        "UID": 171211351537690117,
                        "Type": 15,
                        "Enabled": true,
                        "WasEnabled": true,
                        "Name": "AI Agent",
                        "Speed": 3.5,
                        "Acceleration": 8.0,
                        "Radius": 0.6000000238418579,
                        "Height": 2.0,
                        "MaxAngularSpeed": 6.2831854820251465,
                        "isRadians": true
                    }
                ],
                "Children": [
                    16089863700763121756,
                    15009241603541009698,
                    6313316097097411858,
                    1051022566828372484,
                    228656448098817007
                ]
            },
            {
                "UID": 16089863700763121756,
                "ParentUID": 9267865370131129614,
                "Name": "enemy_character_lowpoly_v02",
                "Mobility": 0,
                "SelectParent": true,
                "Enabled": true,
                "WasEnabled": true,
                "NavmeshValid": false,
                "LocalTransform": [
                    1.0,
                    0.0,
                    0.0,
                    0.0,
                    0.0,
                    1.0,
                    0.0,
                    0.0,
                    0.0,
                    0.0,
                    1.0,
                    0.0,
                    0.0,
                    0.0,
                    0.0,
                    1.0
                ],
                "Components": [
                    {
                        "UID": 15352969095881753467,
                        "Type": 1,
                        "Enabled": true,
                        "WasEnabled": true,
                        "Name": "Mesh",
                        "Mesh": 1172307349938253,
                        "Material": 0,
                        "RenderMode": 1,
                        "Bones": [
                            1051022566828372484,
                            2387276709999007060,
                            725384533016134847,
                            15346941174778545531,
                            1554309435116941786,
                            13362506646202494218,
                            3542357953787186770,
                            6875646116333233966,
                            9363893620860030986,
                            7436200077672942010,
                            1948718805480385617,
                            5245922232538936525,
                            13181245582597174472,
                            13550328047982429380,
                            13375889916813793514,
                            1836387298996290132,
                            1168696407737664752,
                            13926884216913130119,
                            16357719898529726627,
                            8639819370461476516,
                            15898171109193292211,
                            6731397859792714352,
                            10150503295248910691,
                            7140142530060753968,
                            4049328125475646669,
                            2679096761302727835,
                            7257491361231360688,
                            18294223331247557860,
                            328504760498222414,
                            8832810592213730618,
                            6505504859922106319,
                            12314765139681485289,
                            5496193101735307381,
                            12229412752977297634,
                            5344113579825862444,
                            1314790473573969752,
                            16116155777847503570,
                            5990984992599958487,
                            12624969593993909123,
                            11170357882986956187,
                            837736806003724027,
                            1858870361245188054,
                            4353563809933353111,
                            3994913843190951245,
                            6146188372170637482,
                            8345391677688678239,
                            17551264082697341284,
                            1164911342028030053,
                            4204425718287059953,
                            14646296101656211523,
                            14121260562301243325,
                            10052259381005157609,
                            4957650783687385014,
                            15062819882659823711,
                            9606136207049056811,
                            15732625104627248400,
                            10842182916898475238,
                            17823690586298140242,
                            12499909397704952054,
                            11695973948121839181,
                            17839403776996357282,
                            9006879337322254492,
                            14898762215761861051
                        ],
                        "ModelUID": 1456758275117469,
                        "SkinIndex": 0
                    }
                ],
                "Children": []
            },
            {
                "UID": 15009241603541009698,
                "ParentUID": 9267865370131129614,
                "Name": "WP_EnemySoldierSword_LP_v03",
                "Mobility": 0,
                "SelectParent": true,
                "Enabled": true,
                "WasEnabled": true,
                "NavmeshValid": false,
                "LocalTransform": [
                    0.3457895517349243,
                    -0.9383121132850647,
                    0.0,
                    -0.506659984588623,
                    0.9383121132850647,
                    0.3457895517349243,
                    0.0,
                    0.9378799796104431,
                    0.0,
                    0.0,
                    1.0,
                    0.0,
                    0.0,
                    0.0,
                    0.0,
                    1.0
                ],
                "Components": [],
                "Children": []
            },
            {
                "UID": 6313316097097411858,
                "ParentUID": 9267865370131129614,
                "Name": "WP_EnemySoldierSword_LP_v03.001",
                "Mobility": 0,
                "SelectParent": true,
                "Enabled": true,
                "WasEnabled": true,
                "NavmeshValid": false,
                "LocalTransform": [
                    1.0,
                    0.0,
                    0.0,
                    0.0,
                    0.0,
                    1.0,
                    0.0,
                    0.0,
                    0.0,
                    0.0,
                    1.0,
                    0.0,
                    0.0,
                    0.0,
                    0.0,
                    1.0
                ],
                "Components": [
                    {
                        "UID": 16081281396648676737,
                        "Type": 1,
                        "Enabled": true,
                        "WasEnabled": true,
                        "Name": "Mesh",
                        "Mesh": 1177981603453253,
                        "Material": 0,
                        "RenderMode": 1,
                        "Bones": [
                            1051022566828372484,
                            2387276709999007060,
                            725384533016134847,
                            15346941174778545531,
                            1554309435116941786,
                            13362506646202494218,
                            3542357953787186770,
                            6875646116333233966,
                            9363893620860030986,
                            7436200077672942010,
                            1948718805480385617,
                            5245922232538936525,
                            13181245582597174472,
                            13550328047982429380,
                            13375889916813793514,
                            1836387298996290132,
                            1168696407737664752,
                            13926884216913130119,
                            16357719898529726627,
                            8639819370461476516,
                            15898171109193292211,
                            6731397859792714352,
                            10150503295248910691,
                            7140142530060753968,
                            4049328125475646669,
                            2679096761302727835,
                            7257491361231360688,
                            18294223331247557860,
                            328504760498222414,
                            8832810592213730618,
                            6505504859922106319,
                            12314765139681485289,
                            5496193101735307381,
                            12229412752977297634,
                            5344113579825862444,
                            1314790473573969752,
                            16116155777847503570,
                            5990984992599958487,
                            12624969593993909123,
                            11170357882986956187,
                            837736806003724027,
                            1858870361245188054,
                            4353563809933353111,
                            3994913843190951245,
                            6146188372170637482,
                            8345391677688678239,
                            17551264082697341284,
                            1164911342028030053,
                            4204425718287059953,
                            14646296101656211523,
                            14121260562301243325,
                            10052259381005157609,
                            4957650783687385014,
                            15062819882659823711,
                            9606136207049056811,
                            15732625104627248400,
                            10842182916898475238,
                            17823690586298140242,
                            12499909397704952054,
                            11695973948121839181,
                            17839403776996357282,
                            9006879337322254492,
                            14898762215761861051
                        ],
                        "ModelUID": 1456758275117469,
                        "SkinIndex": 0
                    }
                ],
                "Children": []
            },
            {
                "UID": 1051022566828372484,
                "ParentUID": 9267865370131129614,
                "Name": "jnt_RootBone",
                "Mobility": 0,
                "SelectParent": true,
                "Enabled": true,
                "WasEnabled": true,
                "NavmeshValid": false,
                "LocalTransform": [
                    0.0,
                    -2.9802317058624794e-8,
                    1.0000001192092896,
                    0.0,
                    0.9996752142906189,
                    -0.02548634633421898,
                    -2.9802322387695313e-8,
                    0.0,
                    0.025486258789896965,
                    0.9996750950813293,
                    0.0,
                    0.0,
                    0.0,
                    0.0,
                    0.0,
                    1.0
                ],
                "Components": [],
                "Children": [
                    2387276709999007060
                ]
            },
            {
                "UID": 228656448098817007,
                "ParentUID": 9267865370131129614,
                "Name": "Sword",
                "Mobility": 0,
                "SelectParent": false,
                "Enabled": true,
                "WasEnabled": true,
                "NavmeshValid": false,
                "LocalTransform": [
                    0.5620044469833374,
                    0.0,
                    0.0,
                    0.011720657348632813,
                    0.0,
                    0.2184959501028061,
                    0.0,
                    0.9086666107177734,
                    0.0,
                    0.0,
                    1.3765294551849365,
                    0.5875930786132813,
                    0.0,
                    0.0,
                    0.0,
                    1.0
                ],
                "Components": [
                    {
                        "UID": 18397860592069970934,
                        "Type": 1,
                        "Enabled": false,
                        "WasEnabled": false,
                        "Name": "Mesh",
                        "Mesh": 1175652718975713,
                        "Material": 0,
                        "RenderMode": 1
                    },
                    {
                        "UID": 5500544884681168721,
                        "Type": 13,
                        "Enabled": true,
                        "WasEnabled": true,
                        "Name": "Capsule Collider",
                        "Mass": 1.0,
                        "ColliderType": 2,
                        "ColliderLayer": 2,
                        "Radius": 0.800000011920929,
                        "Length": 0.10210084915161133,
                        "GenerateCallback": true,
                        "FitToSize": false,
                        "CenterOffset": [
                            0.0,
                            0.0,
                            0.0
                        ],
                        "CenterRotation": [
                            0.0,
                            0.0,
                            0.0
                        ]
                    }
                ],
                "Children": []
            },
            {
                "UID": 2387276709999007060,
                "ParentUID": 1051022566828372484,
                "Name": "jnt_pelvis",
                "Mobility": 0,
                "SelectParent": true,
                "Enabled": true,
                "WasEnabled": true,
                "NavmeshValid": false,
                "LocalTransform": [
                    3.576278118089249e-7,
                    0.9998522996902466,
                    -0.017168698832392693,
                    0.908897340297699,
                    -0.00004014372098026797,
                    0.01716875657439232,
                    0.9998524188995361,
                    -0.00002401880919933319,
                    0.9999997615814209,
                    4.1723239974089665e-7,
                    0.000040173526940634474,
                    -1.0357561563978379e-7,
                    0.0,
                    0.0,
                    0.0,
                    1.0
                ],
                "Components": [],
                "Children": [
                    725384533016134847,
                    3542357953787186770,
                    5245922232538936525,
                    1168696407737664752
                ]
            },
            {
                "UID": 725384533016134847,
                "ParentUID": 2387276709999007060,
                "Name": "jnt_cloth_01",
                "Mobility": 0,
                "SelectParent": true,
                "Enabled": true,
                "WasEnabled": true,
                "NavmeshValid": false,
                "LocalTransform": [
                    -0.055415861308574677,
                    -0.9984633922576904,
                    0.000039920207200339064,
                    -0.07138156145811081,
                    -0.9944607615470886,
                    0.055189963430166245,
                    -0.08945289999246597,
                    0.11081934720277786,
                    0.08931323885917664,
                    -0.00499679846689105,
                    -0.9959911704063416,
                    0.08200442790985107,
                    0.0,
                    0.0,
                    0.0,
                    1.0
                ],
                "Components": [],
                "Children": [
                    15346941174778545531
                ]
            },
            {
                "UID": 3542357953787186770,
                "ParentUID": 2387276709999007060,
                "Name": "jnt_leg_L_01",
                "Mobility": 0,
                "SelectParent": true,
                "Enabled": true,
                "WasEnabled": true,
                "NavmeshValid": false,
                "LocalTransform": [
                    0.21147507429122925,
                    -0.2613726556301117,
                    0.9417870044708252,
                    0.09316544979810715,
                    -0.9759827852249146,
                    -0.10803806781768799,
                    0.18917003273963928,
                    -0.010816446505486965,
                    0.052305012941360474,
                    -0.9591726064682007,
                    -0.27794256806373596,
                    -0.001666541094891727,
                    0.0,
                    0.0,
                    0.0,
                    1.0
                ],
                "Components": [],
                "Children": [
                    6875646116333233966
                ]
            },
            {
                "UID": 5245922232538936525,
                "ParentUID": 2387276709999007060,
                "Name": "jnt_leg_R_01",
                "Mobility": 0,
                "SelectParent": true,
                "Enabled": true,
                "WasEnabled": true,
                "NavmeshValid": false,
                "LocalTransform": [
                    -0.2539590299129486,
                    0.19306695461273193,
                    0.9477500915527344,
                    -0.0931655764579773,
                    -0.959987223148346,
                    -0.16988122463226318,
                    -0.2226315438747406,
                    -0.010816870257258415,
                    0.11802210658788681,
                    -0.9663671851158142,
                    0.22848471999168396,
                    -0.001673714374192059,
                    0.0,
                    0.0,
                    0.0,
                    1.0
                ],
                "Components": [],
                "Children": [
                    13181245582597174472
                ]
            },
            {
                "UID": 1168696407737664752,
                "ParentUID": 2387276709999007060,
                "Name": "jnt_spine_01",
                "Mobility": 0,
                "SelectParent": true,
                "Enabled": true,
                "WasEnabled": true,
                "NavmeshValid": false,
                "LocalTransform": [
                    0.000004410743258631555,
                    -0.00005304811929818243,
                    0.9999998211860657,
                    1.4843060114344553e-10,
                    0.9948108196258545,
                    0.1017405092716217,
                    0.0000010728833785833558,
                    0.13355490565299988,
                    -0.10174049437046051,
                    0.9948106408119202,
                    0.0000532865415152628,
                    1.1362334362274851e-7,
                    0.0,
                    0.0,
                    0.0,
                    1.0
                ],
                "Components": [],
                "Children": [
                    13926884216913130119
                ]
            },
            {
                "UID": 15346941174778545531,
                "ParentUID": 725384533016134847,
                "Name": "jnt_cloth_02",
                "Mobility": 0,
                "SelectParent": true,
                "Enabled": true,
                "WasEnabled": true,
                "NavmeshValid": false,
                "LocalTransform": [
                    0.9981181025505066,
                    -6.766234150745731e-7,
                    -0.06131986901164055,
                    0.15638653934001923,
                    -6.480156002908188e-7,
                    -1.0000003576278687,
                    4.86418173295533e-7,
                    1.527660060673952e-7,
                    -0.06131986901164055,
                    -4.457667159840639e-7,
                    -0.9981183409690857,
                    -1.2678826522005693e-7,
                    0.0,
                    0.0,
                    0.0,
                    1.0
                ],
                "Components": [],
                "Children": [
                    1554309435116941786
                ]
            },
            {
                "UID": 6875646116333233966,
                "ParentUID": 3542357953787186770,
                "Name": "jnt_leg_L_02",
                "Mobility": 0,
                "SelectParent": true,
                "Enabled": true,
                "WasEnabled": true,
                "NavmeshValid": false,
                "LocalTransform": [
                    0.992784857749939,
                    -0.11549408733844757,
                    -0.032237228006124496,
                    0.416625440120697,
                    0.11544399708509445,
                    0.9933081269264221,
                    -0.0034169028513133526,
                    -0.015404526144266129,
                    0.03241613134741783,
                    -0.00032934476621448994,
                    0.9994743466377258,
                    -0.0031266845762729645,
                    0.0,
                    0.0,
                    0.0,
                    1.0
                ],
                "Components": [],
                "Children": [
                    9363893620860030986
                ]
            },
            {
                "UID": 13181245582597174472,
                "ParentUID": 5245922232538936525,
                "Name": "jnt_leg_R_02",
                "Mobility": 0,
                "SelectParent": true,
                "Enabled": true,
                "WasEnabled": true,
                "NavmeshValid": false,
                "LocalTransform": [
                    0.9727643132209778,
                    -0.22862835228443146,
                    0.03819286823272705,
                    0.41356489062309265,
                    0.22811011970043182,
                    0.9734786152839661,
                    0.017473822459578514,
                    0.006167415529489517,
                    -0.04117495194077492,
                    -0.008285731077194214,
                    0.9991174936294556,
                    0.01378751453012228,
                    0.0,
                    0.0,
                    0.0,
                    1.0
                ],
                "Components": [],
                "Children": [
                    13550328047982429380
                ]
            },
            {
                "UID": 13926884216913130119,
                "ParentUID": 1168696407737664752,
                "Name": "jnt_spine_02",
                "Mobility": 0,
                "SelectParent": true,
                "Enabled": true,
                "WasEnabled": true,
                "NavmeshValid": false,
                "LocalTransform": [
                    0.9860600829124451,
                    0.16638967394828796,
                    0.0000013234457583166659,
                    0.20584845542907715,
                    -0.16638968884944916,
                    0.9860599637031555,
                    -1.1604017657873555e-7,
                    0.0000034347128803347005,
                    -0.0000013243050034361659,
                    -1.0578511222547604e-7,
                    1.0,
                    1.4269498649355228e-7,
                    0.0,
                    0.0,
                    0.0,
                    1.0
                ],
                "Components": [],
                "Children": [
                    16357719898529726627
                ]
            },
            {
                "UID": 1554309435116941786,
                "ParentUID": 15346941174778545531,
                "Name": "jnt_cloth_03",
                "Mobility": 0,
                "SelectParent": true,
                "Enabled": true,
                "WasEnabled": true,
                "NavmeshValid": false,
                "LocalTransform": [
                    0.9993643164634705,
                    -2.9248275268400903e-7,
                    0.035649992525577545,
                    0.13574108481407166,
                    -2.8924461048518424e-7,
                    -0.9999998211860657,
                    -9.599025219131363e-8,
                    -2.154556568711996e-7,
                    0.035649996250867844,
                    8.561765696413204e-8,
                    -0.9993643164634705,
                    4.270987119525671e-7,
                    0.0,
                    0.0,
                    0.0,
                    1.0
                ],
                "Components": [],
                "Children": [
                    13362506646202494218
                ]
            },
            {
                "UID": 9363893620860030986,
                "ParentUID": 6875646116333233966,
                "Name": "jnt_leg_L_03",
                "Mobility": 0,
                "SelectParent": true,
                "Enabled": true,
                "WasEnabled": true,
                "NavmeshValid": false,
                "LocalTransform": [
                    0.16943144798278809,
                    -0.9601793885231018,
                    -0.22214694321155548,
                    0.43346279859542847,
                    -0.9831337332725525,
                    -0.18041592836380005,
                    0.029969943687319756,
                    0.03153415024280548,
                    -0.06885533779859543,
                    0.21332240104675293,
                    -0.97455233335495,
                    0.010067764669656754,
                    0.0,
                    0.0,
                    0.0,
                    1.0
                ],
                "Components": [],
                "Children": [
                    7436200077672942010
                ]
            },
            {
                "UID": 13550328047982429380,
                "ParentUID": 13181245582597174472,
                "Name": "jnt_leg_R_03",
                "Mobility": 0,
                "SelectParent": true,
                "Enabled": true,
                "WasEnabled": true,
                "NavmeshValid": false,
                "LocalTransform": [
                    0.14253519475460052,
                    -0.9531306028366089,
                    0.2668803036212921,
                    0.44027405977249146,
                    -0.9895870685577393,
                    -0.14268378913402557,
                    0.01894022338092327,
                    0.023318998515605927,
                    0.020026979967951775,
                    -0.2668008804321289,
                    -0.963543713092804,
                    0.011682390235364437,
                    0.0,
                    0.0,
                    0.0,
                    1.0
                ],
                "Components": [],
                "Children": [
                    13375889916813793514
                ]
            },
            {
                "UID": 16357719898529726627,
                "ParentUID": 13926884216913130119,
                "Name": "jnt_spine_03",
                "Mobility": 0,
                "SelectParent": true,
                "Enabled": true,
                "WasEnabled": true,
                "NavmeshValid": false,
                "LocalTransform": [
                    0.988286018371582,
                    -0.1526125967502594,
                    -0.0000028029689929098822,
                    0.08952021598815918,
                    0.1526125818490982,
                    0.9882860779762268,
                    -2.1897272972637438e-7,
                    -5.578688160312595e-7,
                    0.000002803553115882096,
                    -2.1136068539817643e-7,
                    1.0,
                    7.463356155312795e-9,
                    0.0,
                    0.0,
                    0.0,
                    1.0
                ],
                "Components": [],
                "Children": [
                    8639819370461476516,
                    12624969593993909123,
                    12499909397704952054
                ]
            },
            {
                "UID": 13362506646202494218,
                "ParentUID": 1554309435116941786,
                "Name": "jnt_cloth_end",
                "Mobility": 0,
                "SelectParent": true,
                "Enabled": true,
                "WasEnabled": true,
                "NavmeshValid": false,
                "LocalTransform": [
                    1.0,
                    7.255584222320977e-8,
                    7.395283319056034e-8,
                    0.10227739810943604,
                    -7.255584932863712e-8,
                    0.9999999403953552,
                    -5.366747046764431e-8,
                    -2.9423972591757774e-8,
                    -7.395283319056034e-8,
                    5.366745980950327e-8,
                    1.0,
                    -3.271270543336868e-8,
                    0.0,
                    0.0,
                    0.0,
                    1.0
                ],
                "Components": [],
                "Children": []
            },
            {
                "UID": 7436200077672942010,
                "ParentUID": 9363893620860030986,
                "Name": "jnt_foot_L_01",
                "Mobility": 0,
                "SelectParent": true,
                "Enabled": true,
                "WasEnabled": true,
                "NavmeshValid": false,
                "LocalTransform": [
                    0.999530017375946,
                    0.007282227743417025,
                    0.0297746192663908,
                    0.08692812919616699,
                    -0.007554338313639164,
                    0.9999305605888367,
                    0.00903677474707365,
                    -0.01745983585715294,
                    -0.029706742614507675,
                    -0.009257455356419086,
                    0.9995157122612,
                    -0.003990401979535818,
                    0.0,
                    0.0,
                    0.0,
                    1.0
                ],
                "Components": [],
                "Children": [
                    1948718805480385617
                ]
            },
            {
                "UID": 13375889916813793514,
                "ParentUID": 13550328047982429380,
                "Name": "jnt_foot_R_01",
                "Mobility": 0,
                "SelectParent": true,
                "Enabled": true,
                "WasEnabled": true,
                "NavmeshValid": false,
                "LocalTransform": [
                    0.9995297193527222,
                    0.007282635197043419,
                    -0.02978735789656639,
                    0.0871506929397583,
                    -0.007555169984698296,
                    0.9999305605888367,
                    -0.009047036990523338,
                    -0.017598552629351616,
                    0.02971940115094185,
                    0.009267831221222878,
                    0.9995152950286865,
                    0.0040442245081067085,
                    0.0,
                    0.0,
                    0.0,
                    1.0
                ],
                "Components": [],
                "Children": [
                    1836387298996290132
                ]
            },
            {
                "UID": 8639819370461476516,
                "ParentUID": 16357719898529726627,
                "Name": "jnt_clavicle_L",
                "Mobility": 0,
                "SelectParent": true,
                "Enabled": true,
                "WasEnabled": true,
                "NavmeshValid": false,
                "LocalTransform": [
                    0.09592539072036743,
                    0.9918397068977356,
                    -0.08397778868675232,
                    0.07229675352573395,
                    -0.5909531712532043,
                    0.12463641166687012,
                    0.7970195412635803,
                    0.05140959098935127,
                    0.8009823560714722,
                    -0.026827454566955566,
                    0.5980865955352783,
                    0.09170443564653397,
                    0.0,
                    0.0,
                    0.0,
                    1.0
                ],
                "Components": [],
                "Children": [
                    15898171109193292211
                ]
            },
            {
                "UID": 12624969593993909123,
                "ParentUID": 16357719898529726627,
                "Name": "jnt_clavicle_R",
                "Mobility": 0,
                "SelectParent": true,
                "Enabled": true,
                "WasEnabled": true,
                "NavmeshValid": false,
                "LocalTransform": [
                    -0.09592165052890778,
                    -0.9918398857116699,
                    0.08398015052080154,
                    0.0722942128777504,
                    0.5909325480461121,
                    -0.12463545799255371,
                    -0.7970351576805115,
                    0.05141163989901543,
                    0.8009981513023376,
                    -0.026826322078704834,
                    0.5980656743049622,
                    -0.09170341491699219,
                    0.0,
                    0.0,
                    0.0,
                    1.0
                ],
                "Components": [],
                "Children": [
                    11170357882986956187
                ]
            },
            {
                "UID": 12499909397704952054,
                "ParentUID": 16357719898529726627,
                "Name": "jnt_Neck_01",
                "Mobility": 0,
                "SelectParent": true,
                "Enabled": true,
                "WasEnabled": true,
                "NavmeshValid": false,
                "LocalTransform": [
                    1.0,
                    2.0489264329626167e-7,
                    -9.079030860448256e-10,
                    0.1556980460882187,
                    -2.0489264329626167e-7,
                    1.0,
                    -1.314411036609786e-12,
                    -1.499548574201981e-7,
                    9.079030860448256e-10,
                    1.3145970857025846e-12,
                    1.0,
                    7.252168643390178e-9,
                    0.0,
                    0.0,
                    0.0,
                    1.0
                ],
                "Components": [],
                "Children": [
                    11695973948121839181
                ]
            },
            {
                "UID": 1948718805480385617,
                "ParentUID": 7436200077672942010,
                "Name": "jnt_foot_L_End",
                "Mobility": 0,
                "SelectParent": true,
                "Enabled": true,
                "WasEnabled": true,
                "NavmeshValid": false,
                "LocalTransform": [
                    1.0000001192092896,
                    7.450580596923828e-8,
                    1.955777229056821e-8,
                    0.09005700051784515,
                    -7.450580596923828e-8,
                    1.0000001192092896,
