{
    "Prefab": {
        "UID": 1669093407739650,
        "Name": "FoxPlayer(1)",
        "GameObjects": [
            {
                "UID": 11466553288399138798,
                "ParentUID": 8823869308913623498,
                "Name": "FoxPlayer",
                "Mobility": 1,
                "IsTopParent": false,
                "Enabled": true,
                "PrefabUID": 1669093407739650,
                "LocalTransform": [
                    0.014999999664723873,
                    0.0,
                    0.0,
                    -20.40865135192871,
                    0.0,
                    0.014999999664723873,
                    0.0,
                    9.643656730651855,
                    0.0,
                    0.0,
                    0.014999999664723873,
                    -39.076744079589844,
                    0.0,
                    0.0,
                    0.0,
                    1.0
                ],
                "Components": [
                    {
                        "UID": 2783454115129743241,
                        "Type": 14,
                        "Enabled": true,
                        "Name": "Animation",
                        "Animations": 0
                    },
                    {
                        "UID": 10882329601945567169,
                        "Type": 5,
                        "Enabled": true,
                        "Name": "Character Controller",
                        "TargetDirectionX": 0.0,
                        "TargetDirectionY": 0.0,
                        "TargetDirectionZ": 1.0,
                        "Speed": 6.0,
                        "MaxLinearSpeed": 10.0,
                        "MaxAngularSpeed": 15.0,
                        "isRadians": false
                    }
                ],
                "Children": [
                    9527385579855442500,
                    12484932621151621945
                ]
            },
            {
                "UID": 9527385579855442500,
                "ParentUID": 11466553288399138798,
                "Name": "fox",
                "Mobility": 1,
                "IsTopParent": false,
                "Enabled": true,
                "LocalTransform": [
                    1.0,
                    -0.0,
                    0.0,
                    0.0,
                    0.0,
                    0.7660931348800659,
                    0.6428285837173462,
                    1326.0262451171875,
                    -0.0,
                    -0.6428285837173462,
                    0.7660931348800659,
                    1786.568115234375,
                    0.0,
                    0.0,
                    0.0,
                    1.0
                ],
                "Components": [
                    {
                        "UID": 18253466510435975715,
                        "Type": 1,
                        "Enabled": true,
                        "Name": "Mesh",
                        "Mesh": 1130696784132297,
                        "Material": 1348978346024115,
                        "Bones": [
                            12484932621151621945,
                            17560797793324660208,
                            9074171265587199599,
                            9953730589847741047,
                            11977255589467300991,
                            12063368141870526588,
                            2944578821577354446,
                            1656597521762491047,
                            5316625966330174825,
                            17758015601991682017,
                            5434238173459708143,
                            2395225045189179052,
                            1313284539139639652,
                            9271280929519688265,
                            12531792126774026246,
                            4843970747281963266,
                            6795701889790102656,
                            7825004072665211606,
                            13633078771908927996,
                            18322022742948304715,
                            2953858330444671104,
                            15555046970753677093,
                            14127240267320021019,
                            13551735656136548978
                        ],
                        "ModelUID": 1497450407474944,
                        "SkinIndex": 0
                    },
                    {
                        "UID": 18157836946508964490,
                        "Type": 6,
                        "Enabled": true,
                        "Name": "Camera",
                        "MainCamera": true,
                        "DrawGizmos": true,
                        "SeePreview": true,
                        "CameraType": 0,
                        "CameraPosition": [
                            -20.40865135192871,
                            29.53404998779297,
                            -12.278223037719727
                        ],
                        "CameraFront": [
                            -0.0,
                            -0.6427876353263855,
                            -0.7660443186759949
                        ],
                        "CameraUp": [
                            0.0,
                            0.7660443186759949,
                            -0.6427876353263855
                        ],
                        "CameraNearPlane": 0.10000000149011612,
                        "CameraFarPlane": 50.0,
                        "CameraHFOV": 0.5235987901687622,
                        "CameraVFOV": 0.3696783185005188
                    }
                ],
                "Children": []
            },
            {
                "UID": 12484932621151621945,
                "ParentUID": 11466553288399138798,
                "Name": "_rootJoint",
                "Mobility": 1,
                "IsTopParent": false,
                "Enabled": true,
                "LocalTransform": [
                    1.0,
                    2.928983286277023e-16,
                    3.422854533141617e-8,
                    0.0,
                    -8.786949858831069e-16,
                    1.0,
                    1.7114272665708086e-8,
                    0.0,
                    -3.422854533141617e-8,
                    -1.7114272665708086e-8,
                    1.0,
                    0.0,
                    0.0,
                    0.0,
                    0.0,
                    1.0
                ],
                "Components": [],
                "Children": [
                    17560797793324660208
                ]
            },
            {
                "UID": 17560797793324660208,
                "ParentUID": 12484932621151621945,
                "Name": "b_Root_00",
                "Mobility": 1,
                "IsTopParent": false,
                "Enabled": true,
                "LocalTransform": [
                    1.0,
                    3.422854533141617e-8,
                    1.2079226507921703e-13,
                    0.0,
                    0.0,
                    -0.0000034570693969726563,
                    0.9999999403953552,
                    0.0,
                    3.422854533141617e-8,
                    -0.9999999403953552,
                    -0.0000034570693969726563,
                    0.0,
                    0.0,
                    0.0,
                    0.0,
                    1.0
                ],
                "Components": [],
                "Children": [
                    9074171265587199599
                ]
            },
            {
                "UID": 9074171265587199599,
                "ParentUID": 17560797793324660208,
                "Name": "b_Hip_01",
                "Mobility": 1,
                "IsTopParent": false,
                "Enabled": true,
                "LocalTransform": [
                    5.364417461350968e-7,
                    -0.0000011175870895385742,
                    -1.0,
                    -1.7494729623312999e-12,
                    -0.3552238643169403,
                    0.9347812533378601,
                    -0.0000012367963790893555,
                    26.748403549194336,
                    0.9347811937332153,
                    0.3552238941192627,
                    1.1920928955078125e-7,
                    42.93817138671875,
                    0.0,
                    0.0,
                    0.0,
                    1.0
                ],
                "Components": [],
                "Children": [
                    9953730589847741047,
                    9271280929519688265,
                    6795701889790102656,
                    2953858330444671104
                ]
            },
            {
                "UID": 9953730589847741047,
                "ParentUID": 9074171265587199599,
                "Name": "b_Spine01_02",
                "Mobility": 1,
                "IsTopParent": false,
                "Enabled": true,
                "LocalTransform": [
                    0.30281615257263184,
                    0.9530490040779114,
                    -2.9755724995084165e-7,
                    12.850597381591797,
                    -0.9530490040779114,
                    0.30281615257263184,
                    -8.188150104615488e-7,
                    -0.0000324249267578125,
                    -6.902656650709105e-7,
                    5.315370117386919e-7,
                    1.0,
                    0.000007293310773093253,
                    0.0,
                    0.0,
                    0.0,
                    1.0
                ],
                "Components": [],
                "Children": [
                    11977255589467300991
                ]
            },
            {
                "UID": 9271280929519688265,
                "ParentUID": 9074171265587199599,
                "Name": "b_Tail01_012",
                "Mobility": 1,
                "IsTopParent": false,
                "Enabled": true,
                "LocalTransform": [
                    -0.9282260537147522,
                    -0.37201565504074097,
                    -8.541055649402551e-7,
                    4.260408401489258,
                    0.37201544642448425,
                    -0.9282265901565552,
                    1.2665573478898295e-7,
                    15.95875358581543,
                    -8.399208013543102e-7,
                    -2.0017542112782394e-7,
                    1.0,
                    0.0000023338047867582645,
                    0.0,
                    0.0,
                    0.0,
                    1.0
                ],
                "Components": [],
                "Children": [
                    12531792126774026246
                ]
            },
            {
                "UID": 6795701889790102656,
                "ParentUID": 9074171265587199599,
                "Name": "b_LeftLeg01_015",
                "Mobility": 1,
                "IsTopParent": false,
                "Enabled": true,
                "LocalTransform": [
                    -0.8818634748458862,
                    0.4715050160884857,
                    0.00008213511318899691,
                    4.813786029815674,
                    -0.47150513529777527,
                    -0.8818632364273071,
                    -0.0003337031230330467,
                    5.1540069580078125,
                    -0.00008491078187944368,
                    -0.0003330076579004526,
                    0.9999999403953552,
                    -6.968003273010254,
                    0.0,
                    0.0,
                    0.0,
                    1.0
                ],
                "Components": [],
                "Children": [
                    7825004072665211606
                ]
            },
            {
                "UID": 2953858330444671104,
                "ParentUID": 9074171265587199599,
                "Name": "b_RightLeg01_019",
                "Mobility": 1,
                "IsTopParent": false,
                "Enabled": true,
                "LocalTransform": [
                    -0.8816394805908203,
                    0.4719224274158478,
                    -2.5194239583470335e-7,
                    4.813785076141357,
                    -0.4719221591949463,
                    -0.8816400170326233,
                    2.07738210633579e-7,
                    5.154016494750977,
                    -1.240861138285254e-7,
                    3.020475958237512e-7,
                    1.0,
                    6.967566013336182,
                    0.0,
                    0.0,
                    0.0,
                    1.0
                ],
                "Components": [],
                "Children": [
                    15555046970753677093
                ]
            },
            {
                "UID": 11977255589467300991,
                "ParentUID": 9953730589847741047,
                "Name": "b_Spine02_03",
                "Mobility": 1,
                "IsTopParent": false,
                "Enabled": true,
                "LocalTransform": [
                    0.9993936419487,
                    -0.03481873497366905,
                    -9.156186138170597e-7,
                    21.65574836730957,
                    0.034818731248378754,
                    0.9993937611579895,
                    -1.637315172331455e-9,
                    -0.00011547655594768003,
                    9.151204380941635e-7,
                    -3.024435812903903e-8,
                    1.0,
                    0.000018810545952874236,
                    0.0,
                    0.0,
                    0.0,
                    1.0
                ],
                "Components": [],
                "Children": [
                    12063368141870526588,
                    1656597521762491047,
                    5434238173459708143
                ]
            },
            {
                "UID": 12531792126774026246,
                "ParentUID": 9271280929519688265,
                "Name": "b_Tail02_013",
                "Mobility": 1,
                "IsTopParent": false,
                "Enabled": true,
                "LocalTransform": [
                    0.9903067350387573,
                    0.1388971209526062,
                    2.3192630038693096e-8,
                    12.411919593811035,
                    -0.1388970911502838,
                    0.9903069138526917,
                    -4.7602657815559724e-8,
                    0.000019073462681262754,
                    -2.957968980865644e-8,
                    4.3919854419982585e-8,
                    1.0,
                    0.000003924804332200438,
                    0.0,
                    0.0,
                    0.0,
                    1.0
                ],
                "Components": [],
                "Children": [
                    4843970747281963266
                ]
            },
            {
                "UID": 7825004072665211606,
                "ParentUID": 6795701889790102656,
                "Name": "b_LeftLeg02_016",
                "Mobility": 1,
                "IsTopParent": false,
                "Enabled": true,
                "LocalTransform": [
                    0.7290878891944885,
                    0.6844200491905212,
                    -8.328954095304653e-7,
                    18.94416618347168,
                    -0.6844200491905212,
                    0.7290878891944885,
                    9.605356865449721e-8,
                    0.000013681827113032341,
                    6.7299498596185e-7,
                    5.000188707526831e-7,
                    1.0,
                    0.000018092221580445766,
                    0.0,
                    0.0,
                    0.0,
                    1.0
                ],
                "Components": [],
                "Children": [
                    13633078771908927996
                ]
            },
            {
                "UID": 15555046970753677093,
                "ParentUID": 2953858330444671104,
                "Name": "b_RightLeg02_020",
                "Mobility": 1,
                "IsTopParent": false,
                "Enabled": true,
                "LocalTransform": [
                    0.7290871739387512,
                    0.6844207644462585,
                    -4.78811273296742e-7,
                    18.944194793701172,
                    -0.6844207644462585,
                    0.7290871739387512,
                    6.321286036836682e-7,
                    -0.000013081251381663606,
                    7.817370715201832e-7,
                    -1.3316856950496003e-7,
                    1.0,
                    -0.000005332010914571583,
                    0.0,
                    0.0,
                    0.0,
                    1.0
                ],
                "Components": [],
                "Children": [
                    14127240267320021019
                ]
            },
            {
                "UID": 12063368141870526588,
                "ParentUID": 11977255589467300991,
                "Name": "b_Neck_04",
                "Mobility": 1,
                "IsTopParent": false,
                "Enabled": true,
                "LocalTransform": [
                    0.8159224987030029,
                    -0.578161358833313,
                    7.947778044581355e-7,
                    25.649133682250977,
                    0.578161358833313,
                    0.8159224987030029,
                    5.298530822983594e-7,
                    0.000008285024705401156,
                    -9.548176649332163e-7,
                    2.719073677326378e-8,
                    1.0,
                    -0.0000012062810128554702,
                    0.0,
                    0.0,
                    0.0,
                    1.0
                ],
                "Components": [],
                "Children": [
                    2944578821577354446
                ]
            },
            {
                "UID": 1656597521762491047,
                "ParentUID": 11977255589467300991,
                "Name": "b_RightUpperArm_06",
                "Mobility": 1,
                "IsTopParent": false,
                "Enabled": true,
                "LocalTransform": [
                    -0.014400718733668327,
                    0.9998953938484192,
                    -0.0012922459281980991,
                    18.677906036376953,
                    -0.999896228313446,
                    -0.014400837942957878,
                    -0.000022485095541924238,
                    -4.297327041625977,
                    -0.00004109216024517082,
                    0.0012917880667373538,
                    0.9999991655349731,
                    6.967575550079346,
                    0.0,
                    0.0,
                    0.0,
                    1.0
                ],
                "Components": [],
                "Children": [
                    5316625966330174825
                ]
            },
            {
                "UID": 5434238173459708143,
                "ParentUID": 11977255589467300991,
                "Name": "b_LeftUpperArm_09",
                "Mobility": 1,
                "IsTopParent": false,
                "Enabled": true,
                "LocalTransform": [
                    -0.014138579368591309,
                    0.9998981952667236,
                    -0.0019468864193186164,
                    18.67790412902832,
                    -0.9998999834060669,
                    -0.014137506484985352,
                    0.0005591445369645953,
                    -4.297337532043457,
                    0.0005315634189173579,
                    0.0019545969553291798,
                    0.9999979734420776,
                    -6.967987537384033,
                    0.0,
                    0.0,
                    0.0,
                    1.0
                ],
                "Components": [],
                "Children": [
                    2395225045189179052
                ]
            },
            {
                "UID": 4843970747281963266,
                "ParentUID": 12531792126774026246,
                "Name": "b_Tail03_014",
                "Mobility": 1,
                "IsTopParent": false,
                "Enabled": true,
                "LocalTransform": [
                    0.9942041039466858,
                    0.10750914365053177,
                    1.5931134100810596e-7,
                    24.240346908569336,
                    -0.10750914365053177,
                    0.9942041039466858,
                    -5.4288872064489624e-8,
                    0.000022888149032951333,
                    -1.6422454507392104e-7,
                    3.6846788731281777e-8,
                    1.0,
                    0.000008307850293931551,
                    0.0,
                    0.0,
                    0.0,
                    1.0
                ],
                "Components": [],
                "Children": []
            },
            {
                "UID": 13633078771908927996,
                "ParentUID": 7825004072665211606,
                "Name": "b_LeftFoot01_017",
                "Mobility": 1,
                "IsTopParent": false,
                "Enabled": true,
                "LocalTransform": [
                    0.5795835852622986,
                    -0.8149126768112183,
                    0.00022747174079995602,
                    17.94280433654785,
                    0.8149126768112183,
                    0.579583466053009,
                    -0.0004416209412738681,
                    0.000027067959308624268,
                    0.00022804363106843084,
                    0.0004413258866406977,
                    0.9999998211860657,
                    0.000001019041519612074,
                    0.0,
                    0.0,
                    0.0,
                    1.0
                ],
                "Components": [],
                "Children": [
                    18322022742948304715
                ]
            },
            {
                "UID": 14127240267320021019,
                "ParentUID": 15555046970753677093,
                "Name": "b_RightFoot01_021",
                "Mobility": 1,
                "IsTopParent": false,
                "Enabled": true,
                "LocalTransform": [
                    0.5806370973587036,
                    -0.8141624331474304,
                    -0.00013973088061902672,
                    17.942819595336914,
                    0.8141624927520752,
                    0.5806369185447693,
                    0.00027272154693491757,
                    9.267341738450341e-8,
                    -0.0001409067481290549,
                    -0.00027211589622311294,
                    0.9999998807907104,
                    -0.000019734810848603956,
                    0.0,
                    0.0,
                    0.0,
                    1.0
                ],
                "Components": [],
                "Children": [
                    13551735656136548978
                ]
            },
            {
                "UID": 2944578821577354446,
                "ParentUID": 12063368141870526588,
                "Name": "b_Head_05",
                "Mobility": 1,
                "IsTopParent": false,
                "Enabled": true,
                "LocalTransform": [
                    0.6795427203178406,
                    0.7336358428001404,
                    -0.000001687801159278024,
                    13.376960754394531,
                    -0.7336358428001404,
                    0.6795427203178406,
                    8.327559726239997e-7,
                    0.000007629340871062595,
                    0.0000017578726101419306,
                    6.723381034134945e-7,
                    1.0,
                    0.000012259229151823092,
                    0.0,
                    0.0,
                    0.0,
                    1.0
                ],
                "Components": [],
                "Children": []
            },
            {
                "UID": 5316625966330174825,
                "ParentUID": 1656597521762491047,
                "Name": "b_RightForeArm_07",
                "Mobility": 1,
                "IsTopParent": false,
                "Enabled": true,
                "LocalTransform": [
                    0.9972432255744934,
                    -0.07420190423727036,
                    -0.0000020153036075498676,
                    23.045124053955078,
                    0.07420190423727036,
                    0.9972432255744934,
                    3.217083417439426e-7,
                    0.000031113624572753906,
                    0.0000019858764517266536,
                    -4.7036081696205656e-7,
                    1.0,
                    0.00004283672751626,
                    0.0,
                    0.0,
                    0.0,
                    1.0
                ],
                "Components": [],
                "Children": [
                    17758015601991682017
                ]
            },
            {
                "UID": 2395225045189179052,
                "ParentUID": 5434238173459708143,
                "Name": "b_LeftForeArm_010",
                "Mobility": 1,
                "IsTopParent": false,
                "Enabled": true,
                "LocalTransform": [
                    0.9972432851791382,
                    -0.07420016825199127,
                    0.0000018310505538465804,
                    23.04513168334961,
                    0.07420016825199127,
                    0.9972432255744934,
                    1.636009159255991e-7,
                    -0.000003227032721042633,
                    -0.0000018381422250968171,
                    -2.7285647519192935e-8,
                    1.0,
                    -0.00002086721360683441,
                    0.0,
                    0.0,
                    0.0,
                    1.0
                ],
                "Components": [],
                "Children": [
                    1313284539139639652
                ]
            },
            {
                "UID": 18322022742948304715,
                "ParentUID": 13633078771908927996,
                "Name": "b_LeftFoot02_018",
                "Mobility": 1,
                "IsTopParent": false,
                "Enabled": true,
                "LocalTransform": [
                    0.4009503126144409,
                    -0.9160996675491333,
                    1.3280624955314124e-7,
                    15.779932975769043,
                    0.9160996675491333,
                    0.4009503126144409,
                    -4.61620857095113e-8,
                    -0.000005439622327685356,
                    -1.0959637641860809e-8,
                    1.4017246030562092e-7,
                    1.0,
                    -0.000004601010004989803,
                    0.0,
                    0.0,
                    0.0,
                    1.0
                ],
                "Components": [],
                "Children": []
            },
            {
                "UID": 13551735656136548978,
                "ParentUID": 14127240267320021019,
                "Name": "b_RightFoot02_022",
                "Mobility": 1,
                "IsTopParent": false,
                "Enabled": true,
                "LocalTransform": [
                    0.40095221996307373,
                    -0.9160988926887512,
                    4.613951887222356e-7,
                    15.779942512512207,
                    0.9160990118980408,
                    0.40095216035842896,
                    6.045181635272456e-7,
                    -0.000019174418412148952,
                    -7.38795847610163e-7,
                    1.8030071657904045e-7,
                    1.0,
                    -0.0000037392637750599533,
                    0.0,
                    0.0,
                    0.0,
                    1.0
                ],
                "Components": [],
                "Children": []
            },
            {
                "UID": 17758015601991682017,
                "ParentUID": 5316625966330174825,
                "Name": "b_RightHand_08",
                "Mobility": 1,
                "IsTopParent": false,
                "Enabled": true,
                "LocalTransform": [
                    0.575641393661499,
                    -0.8173208832740784,
                    -0.024972515180706978,
                    19.35005760192871,
                    0.8176975250244141,
                    0.5754739046096802,
                    0.01416105404496193,
                    -0.14598023891448975,
                    0.0027969088405370712,
                    -0.02857164852321148,
                    0.9995878338813782,
                    -0.0000023414941097144037,
                    0.0,
                    0.0,
                    0.0,
                    1.0
                ],
                "Components": [],
                "Children": []
            },
            {
                "UID": 1313284539139639652,
                "ParentUID": 2395225045189179052,
                "Name": "b_LeftHand_011",
                "Mobility": 1,
                "IsTopParent": false,
                "Enabled": true,
                "LocalTransform": [
                    0.5762672424316406,
                    -0.8162781596183777,
                    0.04007555916905403,
                    19.350051879882813,
                    0.8172041773796082,
                    0.5761142373085022,
                    -0.016428586095571518,
                    -0.1459829956293106,
                    -0.00967780314385891,
                    0.04221716523170471,
                    0.9990615844726563,
                    0.00001817988231778145,
                    0.0,
                    0.0,
                    0.0,
                    1.0
                ],
                "Components": [],
                "Children": []
            }
        ]
    }
}