{
    "Prefab": {
        "UID": 1667723623292960,
        "Name": "Houses(1)",
        "GameObjects": [
            {
                "UID": 12757492103390408141,
                "ParentUID": 10309131146409751111,
                "Name": "Houses",
                "Mobility": 1,
                "IsTopParent": false,
                "Enabled": true,
                "LocalTransform": [
                    1.0,
                    0.0,
                    0.0,
                    -30.61973762512207,
                    0.0,
                    1.0,
                    0.0,
                    4.2367072105407715,
                    0.0,
                    0.0,
                    1.0,
                    10.782268524169922,
                    0.0,
                    0.0,
                    0.0,
                    1.0
                ],
                "Components": [],
                "Children": [
                    12932628994115209980,
                    11461587675957038623,
                    17027044858059026968,
                    15795609690693312366,
                    17403892105936768956,
                    16639627300983913077
                ]
            },
            {
                "UID": 12932628994115209980,
                "ParentUID": 12757492103390408141,
                "Name": "EN_HouseWorkspace",
                "Mobility": 1,
                "IsTopParent": false,
                "Enabled": true,
                "LocalTransform": [
                    0.12574513256549835,
                    0.0,
                    -0.9920628070831299,
                    -8.261272430419922,
                    0.0,
                    1.0,
                    0.0,
                    0.5638880729675293,
                    0.9920628070831299,
                    0.0,
                    0.12574513256549835,
                    -7.173624515533447,
                    0.0,
                    0.0,
                    0.0,
                    1.0
                ],
                "Components": [
                    {
                        "UID": 14985946749249331494,
                        "Type": 1,
                        "Enabled": true,
                        "Name": "Mesh",
                        "Mesh": 1139404732676295,
                        "Material": 1300000000000000
                    }
                ],
                "Children": []
            },
            {
                "UID": 11461587675957038623,
                "ParentUID": 12757492103390408141,
                "Name": "EN_HouseWorkspace",
                "Mobility": 1,
                "IsTopParent": false,
                "Enabled": true,
                "LocalTransform": [
                    -0.9944587349891663,
                    0.0,
                    -0.1051294133067131,
                    8.092491149902344,
                    0.0,
                    1.0,
                    0.0,
                    0.5897817611694336,
                    0.1051294133067131,
                    0.0,
                    -0.9944587349891663,
                    1.7493619918823242,
                    0.0,
                    0.0,
                    0.0,
                    1.0
                ],
                "Components": [
                    {
                        "UID": 16821600653511756966,
                        "Type": 1,
                        "Enabled": true,
                        "Name": "Mesh",
                        "Mesh": 1139404732676295,
                        "Material": 1300000000000000
                    }
                ],
                "Children": []
            },
            {
                "UID": 17027044858059026968,
                "ParentUID": 12757492103390408141,
                "Name": "EN_HouseWorkspace",
                "Mobility": 1,
                "IsTopParent": false,
                "Enabled": true,
                "LocalTransform": [
                    -0.44429653882980347,
                    0.0,
                    -0.895879864692688,
                    -27.57388687133789,
                    0.0,
                    1.0,
                    0.0,
                    3.0292530059814453,
                    0.895879864692688,
                    0.0,
                    -0.44429653882980347,
                    -3.810176372528076,
                    0.0,
                    0.0,
                    0.0,
                    1.0
                ],
                "Components": [
                    {
                        "UID": 15959095683882446167,
                        "Type": 1,
                        "Enabled": true,
                        "Name": "Mesh",
                        "Mesh": 1177469966768696,
                        "Material": 1300000000000000
                    }
                ],
                "Children": []
            },
            {
                "UID": 15795609690693312366,
                "ParentUID": 12757492103390408141,
                "Name": "EN_HouseCity_Hall",
                "Mobility": 1,
                "IsTopParent": false,
                "Enabled": true,
                "LocalTransform": [
                    -0.04524243623018265,
                    0.0,
                    -0.9989761710166931,
                    -1.6478157043457031,
                    0.0,
                    1.0,
                    0.0,
                    0.39732885360717773,
                    0.9989761710166931,
                    0.0,
                    -0.04524243623018265,
                    -6.873192310333252,
                    0.0,
                    0.0,
                    0.0,
                    1.0
                ],
                "Components": [
                    {
                        "UID": 17003769507529988862,
                        "Type": 1,
                        "Enabled": true,
                        "Name": "Mesh",
                        "Mesh": 1154196477686357,
                        "Material": 1300000000000000
                    }
                ],
                "Children": []
            },
            {
                "UID": 17403892105936768956,
                "ParentUID": 12757492103390408141,
                "Name": "EN_HouseMarket",
                "Mobility": 1,
                "IsTopParent": false,
                "Enabled": true,
                "LocalTransform": [
                    -0.8581726551055908,
                    0.0,
                    -0.5133612155914307,
                    6.231595993041992,
                    0.0,
                    1.0,
                    0.0,
                    3.744662284851074,
                    0.5133612155914307,
                    0.0,
                    -0.8581726551055908,
                    -5.12229585647583,
                    0.0,
                    0.0,
                    0.0,
                    1.0
                ],
                "Components": [
                    {
                        "UID": 4703186193198804956,
                        "Type": 1,
                        "Enabled": true,
                        "Name": "Mesh",
                        "Mesh": 1195131977377306,
                        "Material": 1300000000000000
                    }
                ],
                "Children": []
            },
            {
                "UID": 16639627300983913077,
                "ParentUID": 12757492103390408141,
                "Name": "PR_Tent01",
                "Mobility": 1,
                "IsTopParent": false,
                "Enabled": true,
                "LocalTransform": [
                    0.09862560778856277,
                    0.0,
                    0.995124876499176,
                    9.377080917358398,
                    0.0,
                    1.0,
                    0.0,
                    0.5971641540527344,
                    -0.995124876499176,
                    0.0,
                    0.09862560778856277,
                    6.915284156799316,
                    0.0,
                    0.0,
                    0.0,
                    1.0
                ],
                "Components": [
                    {
                        "UID": 3724842995538276695,
                        "Type": 1,
                        "Enabled": true,
                        "Name": "Mesh",
                        "Mesh": 1164061559984864,
                        "Material": 1300000000000000
                    }
                ],
                "Children": []
            }
        ]
    }
}