{
    "Prefab": {
        "UID": 1678886005897735,
        "Name": "Last_Platform_Walls",
        "GameObjects": [
            {
                "UID": 12961857257222737535,
                "ParentUID": 10309131146409751111,
                "Name": "Last_Platform_Walls",
                "Mobility": 1,
                "IsTopParent": false,
                "Enabled": true,
                "LocalTransform": [
                    1.0,
                    0.0,
                    0.0,
                    0.0,
                    0.0,
                    1.0,
                    0.0,
                    0.0,
                    0.0,
                    0.0,
                    1.0,
                    0.0,
                    0.0,
                    0.0,
                    0.0,
                    1.0
                ],
                "Components": [],
                "Children": [
                    15132910718977903786,
                    9171884871622671449,
                    5915883080874081413,
                    4975290667816608384
                ]
            },
            {
                "UID": 15132910718977903786,
                "ParentUID": 12961857257222737535,
                "Name": "High_Walls",
                "Mobility": 1,
                "IsTopParent": false,
                "Enabled": true,
                "LocalTransform": [
                    1.7881393432617188e-7,
                    8.038877316639617e-14,
                    -1.0000005960464478,
                    9.723201751708984,
                    -6.776263578034403e-21,
                    1.0000004768371582,
                    8.038878671892333e-14,
                    4.755248069763184,
                    0.9999999403953552,
                    -6.77626680920867e-21,
                    1.788140622238643e-7,
                    22.930871963500977,
                    0.0,
                    0.0,
                    0.0,
                    1.0
                ],
                "Components": [],
                "Children": [
                    12686250502125914689,
                    14966199561091705028,
                    4159616444242505653,
                    15710425746746935617
                ]
            },
            {
                "UID": 9171884871622671449,
                "ParentUID": 12961857257222737535,
                "Name": "Low_Walls",
                "Mobility": 1,
                "IsTopParent": false,
                "Enabled": true,
                "LocalTransform": [
                    1.0,
                    0.0,
                    0.0,
                    21.956626892089844,
                    0.0,
                    1.0,
                    0.0,
                    0.16381984949111938,
                    0.0,
                    0.0,
                    1.0,
                    46.10031509399414,
                    0.0,
                    0.0,
                    0.0,
                    1.0
                ],
                "Components": [],
                "Children": [
                    15548950586762012176,
                    2441053595919969691,
                    12463002055271718477
                ]
            },
            {
                "UID": 5915883080874081413,
                "ParentUID": 12961857257222737535,
                "Name": "Barricades",
                "Mobility": 1,
                "IsTopParent": false,
                "Enabled": true,
                "LocalTransform": [
                    -0.1036304235458374,
                    0.0,
                    -0.994615912437439,
                    20.291240692138672,
                    0.0,
                    1.0,
                    0.0,
                    0.16381752490997314,
                    0.994615912437439,
                    0.0,
                    -0.1036304235458374,
                    37.28158950805664,
                    0.0,
                    0.0,
                    0.0,
                    1.0
                ],
                "Components": [],
                "Children": [
                    4284371061539789683,
                    13191656906708026703,
                    6496874812177291927,
                    13659545785847008840,
                    10960269691247111342
                ]
            },
            {
                "UID": 4975290667816608384,
                "ParentUID": 12961857257222737535,
                "Name": "Spiky_Barricade",
                "Mobility": 1,
                "IsTopParent": false,
                "Enabled": true,
                "LocalTransform": [
                    1.0,
                    0.0,
                    0.0,
                    26.376291275024414,
                    0.0,
                    1.0,
                    0.0,
                    0.0,
                    0.0,
                    0.0,
                    1.0,
                    22.854944229125977,
                    0.0,
                    0.0,
                    0.0,
                    1.0
                ],
                "Components": [],
                "Children": [
                    8394986503342661322,
                    7276611748881328600,
                    15102440468634882690
                ]
            },
            {
                "UID": 12686250502125914689,
                "ParentUID": 15132910718977903786,
                "Name": "Wall_Defenses",
                "Mobility": 1,
                "IsTopParent": false,
                "Enabled": true,
                "LocalTransform": [
                    0.06429877877235413,
                    8.323173591583567e-15,
                    -0.9990485310554504,
                    -10.493654251098633,
                    -9.570054582578127e-16,
                    1.0,
                    8.28299119559877e-15,
                    0.00028705596923828125,
                    0.9979349970817566,
                    4.3188664145368035e-16,
                    0.06435725837945938,
                    -22.89750862121582,
                    0.0,
                    0.0,
                    0.0,
                    1.0
                ],
                "Components": [],
                "Children": [
                    5407732572909964971,
                    4953598691237513887,
                    10690839834904069115,
                    12879791449948421400
                ]
            },
            {
                "UID": 14966199561091705028,
                "ParentUID": 15132910718977903786,
                "Name": "Wall_Defenses",
                "Mobility": 1,
                "IsTopParent": false,
                "Enabled": true,
                "LocalTransform": [
                    -0.03575270622968674,
                    0.0,
                    0.999599277973175,
                    -10.448925018310547,
                    2.7166329897055107e-22,
                    1.0,
                    -8.474284946834655e-19,
                    0.000008106231689453125,
                    -0.9993608593940735,
                    -1.2116903504194741e-27,
                    -0.035752709954977036,
                    1.0741863250732422,
                    0.0,
                    0.0,
                    0.0,
                    1.0
                ],
                "Components": [],
                "Children": [
                    10812508919154668718,
                    4778736287732073305,
                    9848554172480514498,
                    7270362693507342381,
                    4459343800248660699,
                    4382397569604808438,
                    7267004975380944969,
                    15124508097732881462,
                    11536091052813277540
                ]
            },
            {
                "UID": 4159616444242505653,
                "ParentUID": 15132910718977903786,
                "Name": "Wall_Defenses",
                "Mobility": 1,
                "IsTopParent": false,
                "Enabled": true,
                "LocalTransform": [
                    0.9999067187309265,
                    0.0,
                    0.019946957007050514,
                    -2.3748340606689453,
                    -3.7563346950829306e-19,
                    1.0,
                    -1.515655244161193e-22,
                    0.0,
                    -0.019946957007050514,
                    -1.2116903504194741e-27,
                    0.9998010993003845,
                    5.355045318603516,
                    0.0,
                    0.0,
                    0.0,
                    1.0
                ],
                "Components": [],
                "Children": [
                    11749564261934094629,
                    3359741698658282494,
                    12900906740510604899,
                    5808911668792834506,
                    14422888497913949339,
                    10713141758266029478,
                    13158288829316635212,
                    5839325267598920372,
                    1864448733719265110,
                    690086961829736763,
                    6796752331264208747,
                    11400729068739962490
                ]
            },
            {
                "UID": 15710425746746935617,
                "ParentUID": 15132910718977903786,
                "Name": "Wall_Defenses",
                "Mobility": 1,
                "IsTopParent": false,
                "Enabled": true,
                "LocalTransform": [
                    0.0002024507411988452,
                    -4.397555351820254e-15,
                    -1.0003677606582642,
                    -10.851884841918945,
                    -1.2133577562828401e-16,
                    1.0,
                    -4.398501911138811e-15,
                    0.000038623809814453125,
                    1.0000184774398804,
                    1.2033210776023667e-16,
                    0.0002120395947713405,
                    -13.798803329467773,
                    0.0,
                    0.0,
                    0.0,
                    1.0
                ],
                "Components": [],
                "Children": [
                    17784479862811099064,
                    12106473905487462251,
                    2078770466038646285,
                    14984314240077057404,
                    15002127884219794926,
                    13515297679632711701,
                    13896862029116466622,
                    2741026623742879460,
                    13377516769422447915,
                    7878010716730529013
                ]
            },
            {
                "UID": 15548950586762012176,
                "ParentUID": 9171884871622671449,
                "Name": "Wall_Defenses",
                "Mobility": 1,
                "IsTopParent": false,
                "Enabled": true,
                "LocalTransform": [
                    0.8150667548179626,
                    0.0,
                    0.5793673992156982,
                    13.602680206298828,
                    0.0,
                    1.0,
                    0.0,
                    -0.00012205541133880615,
                    -0.5793672204017639,
                    0.0,
                    0.8150668740272522,
                    -1.3231468200683594,
                    0.0,
                    0.0,
                    0.0,
                    1.0
                ],
                "Components": [],
                "Children": [
                    14585895517176033892,
                    7684937129055317601,
                    11855212772579299011,
                    11352993766434640773,
                    1582016366082722176,
                    8565999922398998791,
                    11633862306834249364,
                    15350022919602808403,
                    1109361610898497653,
                    1254902544700344483,
                    6371230654078886461
                ]
            },
            {
                "UID": 2441053595919969691,
                "ParentUID": 9171884871622671449,
                "Name": "Wall_Defenses",
                "Mobility": 1,
                "IsTopParent": false,
                "Enabled": true,
                "LocalTransform": [
                    -0.03575270622968674,
                    0.0,
                    0.9993607401847839,
                    -10.462111473083496,
                    0.0,
                    1.0,
                    0.0,
                    -2.682209014892578e-7,
                    -0.9993608593940735,
                    0.0,
                    -0.035752709954977036,
                    0.6960105895996094,
                    0.0,
                    0.0,
                    0.0,
                    1.0
                ],
                "Components": [],
                "Children": [
                    15929914511559746220,
                    17890503811223361872,
                    2884894902662319380,
                    11486273684116477018,
                    2036770597117452100,
                    14011650064785719178,
                    18105039509396906857,
                    16222006159522913490
                ]
            },
            {
                "UID": 12463002055271718477,
                "ParentUID": 9171884871622671449,
                "Name": "Wall_Defenses",
                "Mobility": 1,
                "IsTopParent": false,
                "Enabled": true,
                "LocalTransform": [
                    0.9955556988716125,
                    0.0,
                    0.09417441487312317,
                    -1.68499755859375,
                    0.0,
                    1.0,
                    0.0,
                    7.450580596923828e-8,
                    -0.09417439997196198,
                    0.0,
                    0.9955558180809021,
                    4.013984680175781,
                    0.0,
                    0.0,
                    0.0,
                    1.0
                ],
                "Components": [],
                "Children": [
                    8333972914013332921,
                    9776803158362341019,
                    18237186134342508081,
                    5221544749766496232,
                    8995496394254796954,
                    5267741350800917677,
                    13468736601765513635,
                    14286796336089350841,
                    3964759402617469863,
                    6098114436269599112,
                    11273162877325605640
                ]
            },
            {
                "UID": 4284371061539789683,
                "ParentUID": 5915883080874081413,
                "Name": "Barricade",
                "Mobility": 1,
                "IsTopParent": false,
                "Enabled": true,
                "LocalTransform": [
                    0.9914172887802124,
                    0.0,
                    0.1306307315826416,
                    -2.4572067260742188,
                    0.0,
                    1.0,
                    0.0,
                    4.470348358154297e-8,
                    -0.13062921166419983,
                    0.0,
                    0.9914408922195435,
                    1.8979969024658203,
                    0.0,
                    0.0,
                    0.0,
                    1.0
                ],
                "Components": [],
                "Children": [
                    9633975919081195877,
                    6994116476134029664,
                    13372244414033809433
                ]
            },
            {
                "UID": 13191656906708026703,
                "ParentUID": 5915883080874081413,
                "Name": "Barricade",
                "Mobility": 1,
                "IsTopParent": false,
                "Enabled": true,
                "LocalTransform": [
                    0.9720967411994934,
                    0.0,
                    -0.2345089167356491,
                    -8.114614486694336,
                    0.0,
                    1.0,
                    0.0,
                    0.00024409592151641846,
                    0.23450639843940735,
                    0.0,
                    0.9721189141273499,
                    -3.5998802185058594,
                    0.0,
                    0.0,
                    0.0,
                    1.0
                ],
                "Components": [],
                "Children": [
                    11736580309495112279,
                    418101605765789413,
                    12570064371809313689
                ]
            },
            {
                "UID": 6496874812177291927,
                "ParentUID": 5915883080874081413,
                "Name": "Barricade",
                "Mobility": 1,
                "IsTopParent": false,
                "Enabled": true,
                "LocalTransform": [
                    0.8492467999458313,
                    0.0,
                    -0.527991771697998,
                    7.0205841064453125,
                    0.0,
                    1.0,
                    0.0,
                    2.9802322387695313e-8,
                    0.5279943943023682,
                    0.0,
                    0.8492472171783447,
                    0.6060924530029297,
                    0.0,
                    0.0,
                    0.0,
                    1.0
                ],
                "Components": [],
                "Children": [
                    17159782772147056990,
                    4527388489568998839,
                    13221452578552654917
                ]
            },
            {
                "UID": 13659545785847008840,
                "ParentUID": 5915883080874081413,
                "Name": "Barricade",
                "Mobility": 1,
                "IsTopParent": false,
                "Enabled": true,
                "LocalTransform": [
                    0.6238517761230469,
                    0.0,
                    0.7815426588058472,
                    -13.248363494873047,
                    0.0,
                    1.0,
                    0.0,
                    0.0002408921718597412,
                    -0.7815427184104919,
                    0.0,
                    0.6238518357276917,
                    3.87237548828125,
                    0.0,
                    0.0,
                    0.0,
                    1.0
                ],
                "Components": [],
                "Children": [
                    1918853292040450066,
                    11044271550837806329,
                    373593070206302694
                ]
            },
            {
                "UID": 10960269691247111342,
                "ParentUID": 5915883080874081413,
                "Name": "Barricade",
                "Mobility": 1,
                "IsTopParent": false,
                "Enabled": true,
                "LocalTransform": [
                    0.9252452850341797,
                    0.0,
                    0.3792998492717743,
                    2.276287078857422,
                    0.0,
                    1.0,
                    0.0,
                    0.00012183189392089844,
                    -0.3792848587036133,
                    0.0,
                    0.9252944588661194,
                    -5.325040817260742,
                    0.0,
                    0.0,
                    0.0,
                    1.0
                ],
                "Components": [],
                "Children": [
                    1753627658573151824,
                    2283557770459543397,
                    6319814109991324686
                ]
            },
            {
                "UID": 8394986503342661322,
                "ParentUID": 4975290667816608384,
                "Name": "PR_DefensiveWall05",
                "Mobility": 1,
                "IsTopParent": false,
                "Enabled": true,
                "LocalTransform": [
                    1.0,
                    0.0,
                    0.0,
                    -0.3411121368408203,
                    0.0,
                    1.0,
                    0.0,
                    0.1637081801891327,
                    0.0,
                    0.0,
                    1.0,
                    0.14023399353027344,
                    0.0,
                    0.0,
                    0.0,
                    1.0
                ],
                "Components": [
                    {
                        "UID": 12926823323992378746,
                        "Type": 1,
                        "Enabled": true,
                        "Name": "Mesh",
                        "Mesh": 1113235102663549,
                        "Material": 0
                    }
                ],
                "Children": []
            },
            {
                "UID": 7276611748881328600,
                "ParentUID": 4975290667816608384,
                "Name": "PR_DefensiveWall05",
                "Mobility": 1,
                "IsTopParent": false,
                "Enabled": true,
                "LocalTransform": [
                    0.9787282347679138,
                    0.0,
                    -0.205160990357399,
                    1.4531364440917969,
                    0.0,
                    1.0,
                    0.0,
                    0.16382978856563568,
                    0.205160990357399,
                    0.0,
                    0.9787282347679138,
                    0.3983345031738281,
                    0.0,
                    0.0,
                    0.0,
                    1.0
                ],
                "Components": [
                    {
                        "UID": 5108757325113591576,
                        "Type": 1,
                        "Enabled": true,
                        "Name": "Mesh",
                        "Mesh": 1113235102663549,
                        "Material": 0
                    }
                ],
                "Children": []
            },
            {
                "UID": 15102440468634882690,
                "ParentUID": 4975290667816608384,
                "Name": "PR_DefensiveWall03",
                "Mobility": 1,
                "IsTopParent": false,
                "Enabled": true,
                "LocalTransform": [
                    0.9895654916763306,
                    0.0,
                    -0.14408378303050995,
                    -2.0523319244384766,
                    0.0,
                    1.0,
                    0.0,
                    0.16370804607868195,
                    0.14408378303050995,
                    0.0,
                    0.9895654916763306,
                    0.04464149475097656,
                    0.0,
                    0.0,
                    0.0,
                    1.0
                ],
                "Components": [
                    {
                        "UID": 2921029018189250418,
                        "Type": 1,
                        "Enabled": true,
                        "Name": "Mesh",
                        "Mesh": 1180969645729191,
                        "Material": 0
                    }
                ],
                "Children": []
            },
            {
                "UID": 5407732572909964971,
                "ParentUID": 12686250502125914689,
                "Name": "PR_DefensiveWall01",
                "Mobility": 1,
                "IsTopParent": false,
                "Enabled": true,
                "LocalTransform": [
                    1.0,
                    0.0,
                    0.0,
                    -2.1853904724121094,
                    0.0,
                    1.0,
                    0.0,
                    0.0,
                    0.0,
                    0.0,
                    1.0,
                    0.0,
                    0.0,
                    0.0,
                    0.0,
                    1.0
                ],
                "Components": [
                    {
                        "UID": 641356843073421022,
                        "Type": 1,
                        "Enabled": true,
                        "Name": "Mesh",
                        "Mesh": 1176863912129774,
                        "Material": 0
                    }
                ],
                "Children": []
            },
            {
                "UID": 4953598691237513887,
                "ParentUID": 12686250502125914689,
                "Name": "PR_DefensiveWall05",
                "Mobility": 1,
                "IsTopParent": false,
                "Enabled": true,
                "LocalTransform": [
                    0.9946559071540833,
                    0.0,
                    0.10257874429225922,
                    -1.0986824035644531,
                    0.0,
                    1.0,
                    0.0,
                    0.13391774892807007,
                    -0.10256203263998032,
                    0.0,
                    0.9948518872261047,
                    -0.0841064453125,
                    0.0,
                    0.0,
                    0.0,
                    1.0
                ],
                "Components": [
                    {
                        "UID": 11076246124976313649,
                        "Type": 1,
                        "Enabled": true,
                        "Name": "Mesh",
                        "Mesh": 1113235102663549,
                        "Material": 0
                    }
                ],
                "Children": []
            },
            {
                "UID": 10690839834904069115,
                "ParentUID": 12686250502125914689,
                "Name": "PR_DefensiveWall08",
                "Mobility": 1,
                "IsTopParent": false,
                "Enabled": true,
                "LocalTransform": [
                    -0.9906987547874451,
                    0.0,
                    0.13513639569282532,
                    0.5467033386230469,
                    0.0,
                    1.0,
                    0.0,
                    0.13366472721099854,
                    -0.13515760004520416,
                    0.0,
                    -0.9908628463745117,
                    0.13578033447265625,
                    0.0,
                    0.0,
                    0.0,
                    1.0
                ],
                "Components": [
                    {
                        "UID": 14530305880858505645,
                        "Type": 1,
                        "Enabled": true,
                        "Name": "Mesh",
                        "Mesh": 1140498103481095,
                        "Material": 0
                    }
                ],
                "Children": []
            },
            {
                "UID": 12879791449948421400,
                "ParentUID": 12686250502125914689,
                "Name": "PR_DefensiveWall08",
                "Mobility": 1,
                "IsTopParent": false,
                "Enabled": true,
                "LocalTransform": [
                    0.982132077217102,
                    0.0,
                    0.18819327652454376,
                    -3.45648193359375,
                    0.0,
                    1.0000001192092896,
                    0.0,
                    -0.0000020712614059448242,
                    -0.18819327652454376,
                    0.0,
                    0.982132077217102,
                    0.08820724487304688,
                    0.0,
                    0.0,
                    0.0,
                    1.0
                ],
                "Components": [
                    {
                        "UID": 52811705224695907,
                        "Type": 1,
                        "Enabled": true,
                        "Name": "Mesh",
                        "Mesh": 1140498103481095,
                        "Material": 0
                    }
                ],
                "Children": []
            },
            {
                "UID": 10812508919154668718,
                "ParentUID": 14966199561091705028,
                "Name": "PR_DefensiveWall01",
                "Mobility": 1,
                "IsTopParent": false,
                "Enabled": true,
                "LocalTransform": [
                    1.0,
                    0.0,
                    0.0,
                    -2.1853904724121094,
                    0.0,
                    1.0,
                    0.0,
                    0.0,
                    0.0,
                    0.0,
                    1.0,
                    0.0,
                    0.0,
                    0.0,
                    0.0,
                    1.0
                ],
                "Components": [
                    {
                        "UID": 9327619512899757630,
                        "Type": 1,
                        "Enabled": true,
                        "Name": "Mesh",
                        "Mesh": 1176863912129774,
                        "Material": 0
                    }
                ],
                "Children": []
            },
            {
                "UID": 4778736287732073305,
                "ParentUID": 14966199561091705028,
                "Name": "PR_DefensiveWall01",
                "Mobility": 1,
                "IsTopParent": false,
                "Enabled": true,
                "LocalTransform": [
                    1.0,
                    0.0,
                    0.0,
                    7.345035552978516,
                    0.0,
                    1.0,
                    0.0,
                    0.0,
                    0.0,
                    0.0,
                    1.0,
                    -0.08443832397460938,
                    0.0,
                    0.0,
                    0.0,
                    1.0
                ],
                "Components": [
                    {
                        "UID": 12294944819930342683,
                        "Type": 1,
                        "Enabled": true,
                        "Name": "Mesh",
                        "Mesh": 1176863912129774,
                        "Material": 0
                    }
                ],
                "Children": []
            },
            {
                "UID": 9848554172480514498,
                "ParentUID": 14966199561091705028,
                "Name": "PR_DefensiveWall08",
                "Mobility": 1,
                "IsTopParent": false,
                "Enabled": true,
                "LocalTransform": [
                    -0.9893593788146973,
                    0.0,
                    -0.14549322426319122,
                    2.9184303283691406,
                    0.0,
                    1.0,
                    0.0,
                    0.1335483342409134,
                    0.14549322426319122,
                    0.0,
                    -0.9893593788146973,
                    0.12020492553710938,
                    0.0,
                    0.0,
                    0.0,
                    1.0
                ],
                "Components": [
                    {
                        "UID": 4867710232385502386,
                        "Type": 1,
                        "Enabled": true,
                        "Name": "Mesh",
                        "Mesh": 1140498103481095,
                        "Material": 0
                    }
                ],
                "Children": []
            },
            {
                "UID": 7270362693507342381,
                "ParentUID": 14966199561091705028,
                "Name": "PR_DefensiveWall05",
                "Mobility": 1,
                "IsTopParent": false,
                "Enabled": true,
                "LocalTransform": [
                    1.0,
                    0.0,
                    0.0,
                    0.5222606658935547,
                    0.0,
                    1.0,
                    0.0,
                    0.13391776382923126,
                    0.0,
                    0.0,
                    1.0,
                    0.23975372314453125,
                    0.0,
                    0.0,
                    0.0,
                    1.0
                ],
                "Components": [
                    {
                        "UID": 3736630964882113872,
                        "Type": 1,
                        "Enabled": true,
                        "Name": "Mesh",
                        "Mesh": 1113235102663549,
                        "Material": 0
                    }
                ],
                "Children": []
            },
            {
                "UID": 4459343800248660699,
                "ParentUID": 14966199561091705028,
                "Name": "PR_DefensiveWall05",
                "Mobility": 1,
                "IsTopParent": false,
                "Enabled": true,
                "LocalTransform": [
                    0.9935569763183594,
                    0.0,
                    -0.11333449184894562,
                    4.5495452880859375,
                    0.0,
                    1.0,
                    0.0,
                    0.1339111477136612,
                    0.11333449184894562,
                    0.0,
                    0.9935569763183594,
                    0.14178466796875,
                    0.0,
                    0.0,
                    0.0,
                    1.0
                ],
                "Components": [
                    {
                        "UID": 16519415192041826691,
                        "Type": 1,
                        "Enabled": true,
                        "Name": "Mesh",
                        "Mesh": 1113235102663549,
                        "Material": 0
                    }
                ],
                "Children": []
            },
            {
                "UID": 4382397569604808438,
                "ParentUID": 14966199561091705028,
                "Name": "PR_DefensiveWall08",
                "Mobility": 1,
                "IsTopParent": false,
                "Enabled": true,
                "LocalTransform": [
                    -0.9512118697166443,
                    0.0,
                    -0.3085387945175171,
                    6.179069519042969,
                    0.0,
                    1.0,
                    0.0,
                    0.1335485726594925,
                    0.3085387945175171,
                    0.0,
                    -0.9512118697166443,
                    0.11821365356445313,
                    0.0,
                    0.0,
                    0.0,
                    1.0
                ],
                "Components": [
                    {
                        "UID": 920031117832168017,
                        "Type": 1,
                        "Enabled": true,
                        "Name": "Mesh",
                        "Mesh": 1140498103481095,
                        "Material": 0
                    }
                ],
                "Children": []
            },
            {
                "UID": 7267004975380944969,
                "ParentUID": 14966199561091705028,
                "Name": "PR_DefensiveWall08",
                "Mobility": 1,
                "IsTopParent": false,
                "Enabled": true,
                "LocalTransform": [
                    -0.9908274412155151,
                    0.0,
                    0.13513851165771484,
                    -1.0122547149658203,
                    0.0,
                    1.0,
                    0.0,
                    0.13366474211215973,
                    -0.13513851165771484,
                    0.0,
                    -0.9908274412155151,
                    0.22626876831054688,
                    0.0,
                    0.0,
                    0.0,
                    1.0
                ],
                "Components": [
                    {
                        "UID": 12786639482362645132,
                        "Type": 1,
                        "Enabled": true,
                        "Name": "Mesh",
                        "Mesh": 1140498103481095,
                        "Material": 0
                    }
                ],
                "Children": []
            },
            {
                "UID": 15124508097732881462,
                "ParentUID": 14966199561091705028,
                "Name": "PR_DefensiveWall08",
                "Mobility": 1,
                "IsTopParent": false,
                "Enabled": true,
                "LocalTransform": [
                    0.8529186248779297,
                    0.0,
                    0.5220751762390137,
                    -3.268756866455078,
                    0.0,
                    1.0000001192092896,
                    0.0,
                    -0.0000020712614059448242,
                    -0.5220555067062378,
                    0.0,
                    0.8528850078582764,
                    0.39026451110839844,
                    0.0,
                    0.0,
                    0.0,
                    1.0
                ],
                "Components": [
                    {
                        "UID": 10968087732197369221,
                        "Type": 1,
                        "Enabled": true,
                        "Name": "Mesh",
                        "Mesh": 1140498103481095,
                        "Material": 0
                    }
                ],
                "Children": []
            },
            {
                "UID": 11536091052813277540,
                "ParentUID": 14966199561091705028,
                "Name": "PR_DefensiveWall01",
                "Mobility": 1,
                "IsTopParent": false,
                "Enabled": true,
                "LocalTransform": [
                    1.0,
                    0.0,
                    0.0,
                    1.7207012176513672,
                    0.0,
                    1.0,
                    0.0,
                    0.0,
                    0.0,
                    0.0,
                    1.0,
                    0.269805908203125,
                    0.0,
                    0.0,
                    0.0,
                    1.0
                ],
                "Components": [
                    {
                        "UID": 8683336680220901443,
                        "Type": 1,
                        "Enabled": true,
                        "Name": "Mesh",
                        "Mesh": 1176863912129774,
                        "Material": 0
                    }
                ],
                "Children": []
            },
            {
                "UID": 11749564261934094629,
                "ParentUID": 4159616444242505653,
                "Name": "PR_DefensiveWall05",
                "Mobility": 1,
                "IsTopParent": false,
                "Enabled": true,
                "LocalTransform": [
                    0.8672656416893005,
                    0.0,
                    -0.4978457987308502,
                    -6.256196022033691,
                    0.0,
                    1.0,
                    0.0,
                    0.00024515390396118164,
                    0.4978457987308502,
                    0.0,
                    0.8672656416893005,
                    0.018131256103515625,
                    0.0,
                    0.0,
                    0.0,
                    1.0
                ],
                "Components": [
                    {
                        "UID": 14875947473582015100,
                        "Type": 1,
                        "Enabled": true,
                        "Name": "Mesh",
                        "Mesh": 1113235102663549,
                        "Material": 0
