{
    "Prefab": {
        "UID": 1691827463672398,
        "VersionUID": 12068901317671056433,
        "Name": "Parent_Trails",
        "GameObjects": [
            {
                "UID": 12169753337247874053,
                "ParentUID": 10309131146409751111,
                "Name": "Parent_Trails",
                "Mobility": 1,
                "SelectParent": false,
                "Enabled": true,
                "WasEnabled": true,
                "NavmeshValid": false,
                "PrefabUID": 1691827463672398,
                "PrefabVersionUID": 12068901317671056433,
                "PrefabChildUID": 17552038709785678765,
                "LocalTransform": [
                    0.991682767868042,
                    0.0,
                    -0.128707155585289,
                    -18.715740203857422,
                    0.0,
                    1.0,
                    0.0,
                    8.18828010559082,
                    0.128707155585289,
                    0.0,
                    0.991682767868042,
                    32.29425811767578,
                    0.0,
                    0.0,
                    0.0,
                    1.0
                ],
                "Components": [],
                "Children": [
                    8441218809018904168,
                    15075308857864204071,
                    3375704461066705274
                ]
            },
            {
                "UID": 8441218809018904168,
                "ParentUID": 12169753337247874053,
                "Name": "Prueba_trail_3",
                "Mobility": 1,
                "SelectParent": false,
                "Enabled": true,
                "WasEnabled": true,
                "NavmeshValid": false,
                "PrefabChildUID": 11342939707789651140,
                "LocalTransform": [
                    0.9993817210197449,
                    -0.00007753883255645633,
                    0.035165928304195404,
                    -0.1259145736694336,
                    0.00023507622245233506,
                    0.9999900460243225,
                    -0.004475616384297609,
                    -0.28874635696411133,
                    -0.035165198147296906,
                    0.004481118638068438,
                    0.9993714690208435,
                    -0.9523658752441406,
                    0.0,
                    0.0,
                    0.0,
                    1.0
                ],
                "Components": [],
                "Children": [
                    7541708316707404469,
                    5105538822018854505
                ]
            },
            {
                "UID": 15075308857864204071,
                "ParentUID": 12169753337247874053,
                "Name": "Prueba_trail_2",
                "Mobility": 1,
                "SelectParent": false,
                "Enabled": true,
                "WasEnabled": true,
                "NavmeshValid": false,
                "PrefabChildUID": 4996131995153934499,
                "LocalTransform": [
                    0.9993817210197449,
                    -0.00007753883255645633,
                    0.035165928304195404,
                    -0.0292205810546875,
                    0.00023507622245233506,
                    0.9999900460243225,
                    -0.004475616384297609,
                    -0.2909693717956543,
                    -0.035165198147296906,
                    0.004481118638068438,
                    0.9993714690208435,
                    0.0201873779296875,
                    0.0,
                    0.0,
                    0.0,
                    1.0
                ],
                "Components": [],
                "Children": [
                    8536165672532712463,
                    4929116766052362905
                ]
            },
            {
                "UID": 3375704461066705274,
                "ParentUID": 12169753337247874053,
                "Name": "Prueba_trail",
                "Mobility": 1,
                "SelectParent": false,
                "Enabled": true,
                "WasEnabled": true,
                "NavmeshValid": false,
                "PrefabChildUID": 12100170539371730186,
                "LocalTransform": [
                    0.9993817210197449,
                    -0.00007753883255645633,
                    0.035165928304195404,
                    0.027800559997558594,
                    0.00023507622245233506,
                    0.9999900460243225,
                    -0.004475616384297609,
                    -0.2971763610839844,
                    -0.035165198147296906,
                    0.004481118638068438,
                    0.9993714690208435,
                    0.9456901550292969,
                    0.0,
                    0.0,
                    0.0,
                    1.0
                ],
                "Components": [],
                "Children": [
                    11828902810961194810,
                    14536024696744801305
                ]
            },
            {
                "UID": 7541708316707404469,
                "ParentUID": 8441218809018904168,
                "Name": "Spear",
                "Mobility": 1,
                "SelectParent": false,
                "Enabled": true,
                "WasEnabled": true,
                "NavmeshValid": false,
                "PrefabChildUID": 7815918617860911546,
                "LocalTransform": [
                    0.7457765340805054,
                    0.45995262265205383,
                    -0.48193442821502686,
                    -0.08677864074707031,
                    0.02033066563308239,
                    0.707362949848175,
                    0.7065585255622864,
                    -0.4154019355773926,
                    0.665885865688324,
                    -0.5367326736450195,
                    0.518184244632721,
                    0.7059783935546875,
                    0.0,
                    0.0,
                    0.0,
                    1.0
                ],
                "Components": [
                    {
                        "UID": 10656020537553702807,
                        "Type": 1,
                        "Enabled": true,
                        "WasEnabled": true,
                        "Name": "Mesh",
                        "Mesh": 1123680914893512,
                        "Material": 0,
                        "RenderMode": 0
                    }
                ],
                "Children": []
            },
            {
                "UID": 5105538822018854505,
                "ParentUID": 8441218809018904168,
                "Name": "trail_spear3",
                "Mobility": 1,
                "SelectParent": false,
                "Enabled": true,
                "WasEnabled": true,
                "NavmeshValid": false,
                "PrefabChildUID": 11259417994671014122,
                "LocalTransform": [
                    0.9950401782989502,
                    0.00023516228247899562,
                    -0.09954860061407089,
                    0.7094650268554688,
                    0.00021162780467420816,
                    0.9999898672103882,
                    0.004475882742553949,
                    0.029229164123535156,
                    0.09954693168401718,
                    -0.004474666900932789,
                    0.9950243830680847,
                    0.003719329833984375,
                    0.0,
                    0.0,
                    0.0,
                    1.0
                ],
                "Components": [
                    {
                        "UID": 7343349531483033505,
                        "Type": 22,
                        "Enabled": true,
                        "WasEnabled": true,
                        "Name": "Spline",
                        "Alpha": 0.5,
                        "Loop": false,
                        "Points": []
                    },
                    {
                        "UID": 2828581711540433700,
                        "Type": 24,
                        "Enabled": true,
                        "WasEnabled": true,
                        "Name": "Trail",
                        "MinDistance": 0.1599999964237213,
                        "LifeTime": 0.23000000417232513,
                        "Width": 0.44999998807907104,
                        "Cutoff": 0.4000000059604645,
                        "UseCurve": true,
                        "InvertCurve": true,
                        "Curve": [
                            0.0,
                            0.2734375,
                            1.0,
                            0.734375,
                            0.0
                        ],
                        "Texture": 1288752789595920,
                        "HasTexture": true,
                        "Color": [
                            1.0,
                            1.0,
                            1.0,
                            1.0,
                            0.006818254943937063,
                            0.9897959232330322,
                            0.6247545480728149,
                            0.13803277909755707,
                            1.0,
                            0.31136441230773926,
                            1.0,
                            0.5411763787269592,
                            0.0,
                            0.7843137383460999,
                            0.6204545497894287,
                            0.0,
                            0.0,
                            0.0,
                            0.5921568870544434,
                            0.9886360168457031
                        ]
                    }
                ],
                "Children": []
            },
            {
                "UID": 8536165672532712463,
                "ParentUID": 15075308857864204071,
                "Name": "Spear",
                "Mobility": 1,
                "SelectParent": false,
                "Enabled": true,
                "WasEnabled": true,
                "NavmeshValid": false,
                "PrefabChildUID": 5973274974812987044,
                "LocalTransform": [
                    0.7457765340805054,
                    0.45995262265205383,
                    -0.48193442821502686,
                    -0.08677864074707031,
                    0.02033066563308239,
                    0.707362949848175,
                    0.7065585255622864,
                    -0.4154019355773926,
                    0.665885865688324,
                    -0.5367326736450195,
                    0.518184244632721,
                    0.7059783935546875,
                    0.0,
                    0.0,
                    0.0,
                    1.0
                ],
                "Components": [
                    {
                        "UID": 12009054402105021217,
                        "Type": 1,
                        "Enabled": true,
                        "WasEnabled": true,
                        "Name": "Mesh",
                        "Mesh": 1123680914893512,
                        "Material": 0,
                        "RenderMode": 0
                    }
                ],
                "Children": []
            },
            {
                "UID": 4929116766052362905,
                "ParentUID": 15075308857864204071,
                "Name": "trail_spear2",
                "Mobility": 1,
                "SelectParent": false,
                "Enabled": true,
                "WasEnabled": true,
                "NavmeshValid": false,
                "PrefabChildUID": 9692642451126238084,
                "LocalTransform": [
                    0.9950401782989502,
                    0.0002350834256503731,
                    -0.0995476245880127,
                    0.7123622894287109,
                    0.00021162780467420816,
                    0.9999898672103882,
                    0.0044765779748559,
                    0.029211997985839844,
                    0.09954693168401718,
                    -0.004475499037653208,
                    0.9950225949287415,
                    0.00374603271484375,
                    0.0,
                    0.0,
                    0.0,
                    1.0
                ],
                "Components": [
                    {
                        "UID": 11136763534460633681,
                        "Type": 22,
                        "Enabled": true,
                        "WasEnabled": true,
                        "Name": "Spline",
                        "Alpha": 0.5099999904632568,
                        "Loop": false,
                        "Points": []
                    },
                    {
                        "UID": 2083396981021042771,
                        "Type": 24,
                        "Enabled": true,
                        "WasEnabled": true,
                        "Name": "Trail",
                        "MinDistance": 0.3100000023841858,
                        "LifeTime": 0.15000000596046448,
                        "Width": 0.2800000011920929,
                        "Cutoff": 0.4000000059604645,
                        "UseCurve": true,
                        "InvertCurve": true,
                        "Curve": [
                            0.0,
                            0.015625,
                            0.9921875,
                            0.484375,
                            0.0
                        ],
                        "Texture": 1288809290351803,
                        "HasTexture": true,
                        "Color": [
                            1.0,
                            1.0,
                            1.0,
                            1.0,
                            0.006818254943937063,
                            0.9897959232330322,
                            0.6942862272262573,
                            0.13803277909755707,
                            1.0,
                            0.4613642692565918,
                            1.0,
                            0.541176438331604,
                            0.0,
                            0.7843137383460999,
                            0.6204545497894287,
                            0.0,
                            0.0,
                            0.0,
                            0.5921568870544434,
                            0.9886360168457031
                        ]
                    }
                ],
                "Children": []
            },
            {
                "UID": 11828902810961194810,
                "ParentUID": 3375704461066705274,
                "Name": "Spear",
                "Mobility": 1,
                "SelectParent": false,
                "Enabled": true,
                "WasEnabled": true,
                "NavmeshValid": false,
                "PrefabChildUID": 11419353306610180451,
                "LocalTransform": [
                    0.7457765340805054,
                    0.45995262265205383,
                    -0.48193442821502686,
                    -0.08677864074707031,
                    0.02033066563308239,
                    0.707362949848175,
                    0.7065585255622864,
                    -0.4154019355773926,
                    0.665885865688324,
                    -0.5367326736450195,
                    0.518184244632721,
                    0.7059783935546875,
                    0.0,
                    0.0,
                    0.0,
                    1.0
                ],
                "Components": [
                    {
                        "UID": 7825453513918419562,
                        "Type": 1,
                        "Enabled": true,
                        "WasEnabled": true,
                        "Name": "Mesh",
                        "Mesh": 1123680914893512,
                        "Material": 0,
                        "RenderMode": 0
                    }
                ],
                "Children": []
            },
            {
                "UID": 14536024696744801305,
                "ParentUID": 3375704461066705274,
                "Name": "trail_spear",
                "Mobility": 1,
                "SelectParent": false,
                "Enabled": true,
                "WasEnabled": true,
                "NavmeshValid": false,
                "PrefabChildUID": 3060267135639951318,
                "LocalTransform": [
                    0.9950401782989502,
                    0.00023514519853051752,
                    -0.09954860061407089,
                    0.8143043518066406,
                    0.00021162780467420816,
                    0.9999898672103882,
                    0.0044760326854884624,
                    0.029394149780273438,
                    0.09954693168401718,
                    -0.004474838264286518,
                    0.9950243830680847,
                    0.013214111328125,
                    0.0,
                    0.0,
                    0.0,
                    1.0
                ],
                "Components": [
                    {
                        "UID": 9063655799716151249,
                        "Type": 22,
                        "Enabled": true,
                        "WasEnabled": true,
                        "Name": "Spline",
                        "Alpha": 0.5,
                        "Loop": false,
                        "Points": []
                    },
                    {
                        "UID": 10838354527151389140,
                        "Type": 24,
                        "Enabled": true,
                        "WasEnabled": true,
                        "Name": "Trail",
                        "MinDistance": 0.20999999344348907,
                        "LifeTime": 0.30000001192092896,
                        "Width": 0.25999999046325684,
                        "Cutoff": 0.4000000059604645,
                        "UseCurve": true,
                        "InvertCurve": true,
                        "Curve": [
                            0.0,
                            0.0,
                            1.0,
                            0.015625,
                            0.0
                        ],
                        "Texture": 1254486236908938,
                        "HasTexture": true,
                        "Color": [
                            1.0,
                            1.0,
                            1.0,
                            1.0,
                            0.006818254943937063,
                            0.9897959232330322,
                            0.6942862272262573,
                            0.13803277909755707,
                            1.0,
                            0.43409156799316406,
                            1.0,
                            0.541176438331604,
                            0.0,
                            0.7843137383460999,
                            0.6204545497894287,
                            0.0,
                            0.0,
                            0.0,
                            0.5882353186607361,
                            0.9886360168457031
                        ]
                    }
                ],
                "Children": []
            }
        ]
    }
}