{
    "Prefab": {
        "UID": 1691827463672398,
        "Name": "Parent_Trails",
        "GameObjects": [
            {
                "UID": 15685185047454707801,
                "ParentUID": 10309131146409751111,
                "Name": "Parent_Trails",
                "Mobility": 1,
                "SelectParent": false,
                "Enabled": true,
                "WasEnabled": true,
                "NavmeshValid": false,
                "LocalTransform": [
                    0.991682767868042,
                    0.0,
                    -0.128707155585289,
                    -19.32073402404785,
                    0.0,
                    1.0,
                    0.0,
                    8.18828010559082,
                    0.128707155585289,
                    0.0,
                    0.991682767868042,
                    32.21569061279297,
                    0.0,
                    0.0,
                    0.0,
                    1.0
                ],
                "Components": [],
                "Children": [
                    16288587662911356432,
                    12038661612024698767,
                    15212922218684335687
                ]
            },
            {
                "UID": 16288587662911356432,
                "ParentUID": 15685185047454707801,
                "Name": "Prueba_trail_3",
                "Mobility": 1,
                "SelectParent": false,
                "Enabled": true,
                "WasEnabled": true,
                "NavmeshValid": false,
                "LocalTransform": [
                    0.9993817210197449,
                    -0.00007753883255645633,
                    0.035165928304195404,
                    -0.0821075439453125,
                    0.00023507622245233506,
                    0.9999900460243225,
                    -0.004475616384297609,
                    -0.2887425422668457,
                    -0.035165198147296906,
                    0.004481118638068438,
                    0.9993714690208435,
                    -0.9562416076660156,
                    0.0,
                    0.0,
                    0.0,
                    1.0
                ],
                "Components": [],
                "Children": [
                    1072513462664054171,
                    15997905942422243940
                ]
            },
            {
                "UID": 12038661612024698767,
                "ParentUID": 15685185047454707801,
                "Name": "Prueba_trail_2",
                "Mobility": 1,
                "SelectParent": false,
                "Enabled": true,
                "WasEnabled": true,
                "NavmeshValid": false,
                "LocalTransform": [
                    0.9993817210197449,
                    -0.00007753883255645633,
                    0.03516592085361481,
                    -0.06012916564941406,
                    0.00023507622245233506,
                    0.9999900460243225,
                    -0.004475616384297609,
                    -0.29097700119018555,
                    -0.035165198147296906,
                    0.004481118638068438,
                    0.9993714690208435,
                    0.02124786376953125,
                    0.0,
                    0.0,
                    0.0,
                    1.0
                ],
                "Components": [],
                "Children": [
                    8541055640784630433,
                    949051075944118748
                ]
            },
            {
                "UID": 15212922218684335687,
                "ParentUID": 15685185047454707801,
                "Name": "Prueba_trail",
                "Mobility": 1,
                "SelectParent": false,
                "Enabled": true,
                "WasEnabled": true,
                "NavmeshValid": false,
                "LocalTransform": [
                    0.9993817210197449,
                    -0.00007753883255645633,
                    0.03516592085361481,
                    -0.07518577575683594,
                    0.00023507622245233506,
                    0.9999900460243225,
                    -0.004475616384297609,
                    -0.2972097396850586,
                    -0.035165198147296906,
                    0.004481118638068438,
                    0.9993714690208435,
                    0.9491119384765625,
                    0.0,
                    0.0,
                    0.0,
                    1.0
                ],
                "Components": [],
                "Children": [
                    9935127981783437098,
                    5863010596581903418
                ]
            },
            {
                "UID": 1072513462664054171,
                "ParentUID": 16288587662911356432,
                "Name": "Spear",
                "Mobility": 1,
                "SelectParent": false,
                "Enabled": true,
                "WasEnabled": true,
                "NavmeshValid": false,
                "LocalTransform": [
                    0.7457765340805054,
                    0.45995262265205383,
                    -0.48193442821502686,
                    -0.08677864074707031,
                    0.02033066563308239,
                    0.707362949848175,
                    0.7065585255622864,
                    -0.4154019355773926,
                    0.665885865688324,
                    -0.5367326736450195,
                    0.518184244632721,
                    0.7059783935546875,
                    0.0,
                    0.0,
                    0.0,
                    1.0
                ],
                "Components": [
                    {
                        "UID": 12530054672669652557,
                        "Type": 1,
                        "Enabled": true,
                        "WasEnabled": true,
                        "Name": "Mesh",
                        "Mesh": 1123680914893512,
                        "Material": 0,
                        "RenderMode": 0
                    }
                ],
                "Children": []
            },
            {
                "UID": 15997905942422243940,
                "ParentUID": 16288587662911356432,
                "Name": "trail_spear3",
                "Mobility": 1,
                "SelectParent": false,
                "Enabled": true,
                "WasEnabled": true,
                "NavmeshValid": false,
                "LocalTransform": [
                    0.9950401782989502,
                    0.00023516228247899562,
                    -0.09954860061407089,
                    0.7094650268554688,
                    0.00021162780467420816,
                    0.9999898672103882,
                    0.004475882742553949,
                    0.029229164123535156,
                    0.09954693168401718,
                    -0.004474666900932789,
                    0.9950243830680847,
                    0.003719329833984375,
                    0.0,
                    0.0,
                    0.0,
                    1.0
                ],
                "Components": [
                    {
                        "UID": 13616367066732931395,
                        "Type": 22,
                        "Enabled": true,
                        "WasEnabled": true,
                        "Name": "Spline",
                        "Alpha": 0.5,
                        "Loop": false,
                        "Points": []
                    },
                    {
                        "UID": 11850353939050061994,
                        "Type": 24,
                        "Enabled": true,
                        "WasEnabled": true,
                        "Name": "Trail_3",
                        "MinDistance": 0.1599999964237213,
                        "LifeTime": 0.23000000417232513,
                        "Width": 0.44999998807907104,
                        "InvertCurve": true,
                        "Curve": [
                            0.0,
                            0.2734375,
                            1.0,
                            0.734375,
                            0.0
                        ],
                        "Texture": 1288752789595920,
                        "HasTexture": true,
                        "Color": [
                            1.0,
                            1.0,
                            1.0,
                            1.0,
                            0.006818254943937063,
                            0.9897959232330322,
                            0.6942862272262573,
                            0.13803277909755707,
                            1.0,
                            0.3136371374130249,
                            0.24829930067062378,
                            0.13650773465633392,
                            0.010134660638868809,
                            1.0,
                            0.6204545497894287,
                            0.0,
                            0.0,
                            0.0,
                            1.0,
                            0.9886360168457031
                        ]
                    }
                ],
                "Children": []
            },
            {
                "UID": 8541055640784630433,
                "ParentUID": 12038661612024698767,
                "Name": "Spear",
                "Mobility": 1,
                "SelectParent": false,
                "Enabled": true,
                "WasEnabled": true,
                "NavmeshValid": false,
                "LocalTransform": [
                    0.7457765340805054,
                    0.45995262265205383,
                    -0.48193442821502686,
                    -0.08677864074707031,
                    0.02033066563308239,
                    0.707362949848175,
                    0.7065585255622864,
                    -0.4154019355773926,
                    0.665885865688324,
                    -0.5367326736450195,
                    0.518184244632721,
                    0.7059783935546875,
                    0.0,
                    0.0,
                    0.0,
                    1.0
                ],
                "Components": [
                    {
                        "UID": 16129117692452064793,
                        "Type": 1,
                        "Enabled": true,
                        "WasEnabled": true,
                        "Name": "Mesh",
                        "Mesh": 1123680914893512,
                        "Material": 0,
                        "RenderMode": 0
                    }
                ],
                "Children": []
            },
            {
                "UID": 949051075944118748,
                "ParentUID": 12038661612024698767,
                "Name": "trail_spear2",
                "Mobility": 1,
                "SelectParent": false,
                "Enabled": true,
                "WasEnabled": true,
                "NavmeshValid": false,
                "LocalTransform": [
                    0.9950401782989502,
                    0.0002350834256503731,
                    -0.0995476245880127,
                    0.7123622894287109,
                    0.00021162780467420816,
                    0.9999898672103882,
                    0.0044765779748559,
                    0.029211997985839844,
                    0.09954693168401718,
                    -0.004475499037653208,
                    0.9950225949287415,
                    0.00374603271484375,
                    0.0,
                    0.0,
                    0.0,
                    1.0
                ],
                "Components": [
                    {
                        "UID": 43913995074111751,
                        "Type": 22,
                        "Enabled": true,
                        "WasEnabled": true,
                        "Name": "Spline",
                        "Alpha": 0.5099999904632568,
                        "Loop": false,
                        "Points": []
                    },
                    {
                        "UID": 7056169412857107545,
                        "Type": 24,
                        "Enabled": true,
                        "WasEnabled": true,
                        "Name": "Trail_2",
                        "MinDistance": 0.3100000023841858,
                        "LifeTime": 0.15000000596046448,
                        "Width": 0.2800000011920929,
                        "InvertCurve": true,
                        "Curve": [
                            0.0,
                            0.015625,
                            0.9921875,
                            0.484375,
                            0.0
                        ],
                        "Texture": 1288809290351803,
                        "HasTexture": true,
                        "Color": [
                            1.0,
                            1.0,
                            1.0,
                            1.0,
                            0.006818254943937063,
                            0.9897959232330322,
                            0.6942862272262573,
                            0.13803277909755707,
                            1.0,
                            0.3136371374130249,
                            0.24829930067062378,
                            0.13650773465633392,
                            0.010134660638868809,
                            1.0,
                            0.6204545497894287,
                            0.0,
                            0.0,
                            0.0,
                            1.0,
                            0.9886360168457031
                        ]
                    }
                ],
                "Children": []
            },
            {
                "UID": 9935127981783437098,
                "ParentUID": 15212922218684335687,
                "Name": "Spear",
                "Mobility": 1,
                "SelectParent": false,
                "Enabled": true,
                "WasEnabled": true,
                "NavmeshValid": false,
                "LocalTransform": [
                    0.7457765340805054,
                    0.45995262265205383,
                    -0.48193442821502686,
                    -0.08677864074707031,
                    0.02033066563308239,
                    0.707362949848175,
                    0.7065585255622864,
                    -0.4154019355773926,
                    0.665885865688324,
                    -0.5367326736450195,
                    0.518184244632721,
                    0.7059783935546875,
                    0.0,
                    0.0,
                    0.0,
                    1.0
                ],
                "Components": [
                    {
                        "UID": 2407659099756501733,
                        "Type": 1,
                        "Enabled": true,
                        "WasEnabled": true,
                        "Name": "Mesh",
                        "Mesh": 1123680914893512,
                        "Material": 0,
                        "RenderMode": 0
                    }
                ],
                "Children": []
            },
            {
                "UID": 5863010596581903418,
                "ParentUID": 15212922218684335687,
                "Name": "trail_spear",
                "Mobility": 1,
                "SelectParent": false,
                "Enabled": true,
                "WasEnabled": true,
                "NavmeshValid": false,
                "LocalTransform": [
                    0.9950401782989502,
                    0.00023514519853051752,
                    -0.09954860061407089,
                    0.8143043518066406,
                    0.00021162780467420816,
                    0.9999898672103882,
                    0.0044760326854884624,
                    0.029394149780273438,
                    0.09954693168401718,
                    -0.004474838264286518,
                    0.9950243830680847,
                    0.013214111328125,
                    0.0,
                    0.0,
                    0.0,
                    1.0
                ],
                "Components": [
                    {
                        "UID": 13589943896531699287,
                        "Type": 22,
                        "Enabled": true,
                        "WasEnabled": true,
                        "Name": "Spline",
                        "Alpha": 0.5,
                        "Loop": false,
                        "Points": []
                    },
                    {
                        "UID": 17093581169069029237,
                        "Type": 24,
                        "Enabled": true,
                        "WasEnabled": true,
                        "Name": "Trail_1",
                        "MinDistance": 0.20999999344348907,
                        "LifeTime": 0.30000001192092896,
                        "Width": 0.25999999046325684,
                        "InvertCurve": true,
                        "Curve": [
                            0.0,
                            0.0,
                            1.0,
                            0.015625,
                            0.0
                        ],
                        "Texture": 1254486236908938,
                        "HasTexture": true,
                        "Color": [
                            1.0,
                            1.0,
                            1.0,
                            1.0,
                            0.006818254943937063,
                            0.9897959232330322,
                            0.6942862272262573,
                            0.13803277909755707,
                            1.0,
                            0.3136371374130249,
                            0.24829930067062378,
                            0.13650773465633392,
                            0.010134660638868809,
                            1.0,
                            0.6204545497894287,
                            0.0,
                            0.0,
                            0.0,
                            1.0,
                            0.9886360168457031
                        ]
                    }
                ],
                "Children": []
            }
        ]
    }
}