{
    "Prefab": {
        "UID": 1640419710339635,
        "VersionUID": 8010264760549494027,
        "Name": "PR_Cluster_Cart_1",
        "GameObjects": [
            {
                "UID": 11209468854241600039,
                "ParentUID": 4588580653648225350,
                "Name": "PR_Cluster_Cart_1",
                "Mobility": 1,
                "SelectParent": false,
                "Enabled": true,
                "WasEnabled": true,
                "NavmeshValid": false,
                "PrefabVersionUID": 8010264760549494027,
                "PrefabChildUID": 7200056173320401316,
                "LocalTransform": [
                    1.0,
                    0.0,
                    0.0,
                    7.34036111831665,
                    0.0,
                    1.0,
                    0.0,
                    0.0,
                    0.0,
                    0.0,
                    1.0,
                    -29.19768714904785,
                    0.0,
                    0.0,
                    0.0,
                    1.0
                ],
                "Components": [],
                "Children": [
                    16402710633589056881,
                    17189262084457489734,
                    981362385272025407,
                    8855812409021603042,
                    8671947414859102081,
                    10114866214279264886,
                    4659062694813886157
                ]
            },
            {
                "UID": 16402710633589056881,
                "ParentUID": 11209468854241600039,
                "Name": "PR_Cart_Logs",
                "Mobility": 1,
                "SelectParent": false,
                "Enabled": true,
                "WasEnabled": true,
                "NavmeshValid": false,
                "PrefabChildUID": 16927304716164445827,
                "LocalTransform": [
                    1.0,
                    0.0,
                    0.0,
                    -0.16614902019500732,
                    0.0,
                    0.974825918674469,
                    0.22296835482120514,
                    0.0,
                    0.0,
                    -0.22296835482120514,
                    0.974825918674469,
                    -0.7113151550292969,
                    0.0,
                    0.0,
                    0.0,
                    1.0
                ],
                "Components": [
                    {
                        "UID": 738165446174870235,
                        "Type": 1,
                        "Enabled": true,
                        "WasEnabled": true,
                        "Name": "Mesh",
                        "Mesh": 1194347607983664,
                        "Material": 0,
                        "RenderMode": 0,
                        "ProduceShadows": true
                    }
                ],
                "Children": []
            },
            {
                "UID": 17189262084457489734,
                "ParentUID": 11209468854241600039,
                "Name": "PR_Fish_Basket",
                "Mobility": 1,
                "SelectParent": false,
                "Enabled": true,
                "WasEnabled": true,
                "NavmeshValid": false,
                "PrefabChildUID": 15591840550544090090,
                "LocalTransform": [
                    1.0,
                    0.0,
                    0.0,
                    -0.8637741208076477,
                    0.0,
                    1.0,
                    0.0,
                    0.0,
                    0.0,
                    0.0,
                    1.0,
                    -0.48468780517578125,
                    0.0,
                    0.0,
                    0.0,
                    1.0
                ],
                "Components": [
                    {
                        "UID": 2063077431948680726,
                        "Type": 1,
                        "Enabled": true,
                        "WasEnabled": true,
                        "Name": "Mesh",
                        "Mesh": 1198185563481330,
                        "Material": 0,
                        "RenderMode": 0,
                        "ProduceShadows": true
                    }
                ],
                "Children": []
            },
            {
                "UID": 981362385272025407,
                "ParentUID": 11209468854241600039,
                "Name": "PR_Crate01",
                "Mobility": 1,
                "SelectParent": false,
                "Enabled": true,
                "WasEnabled": true,
                "NavmeshValid": false,
                "PrefabChildUID": 1393042687503378853,
                "LocalTransform": [
                    0.8827872276306152,
                    0.0,
                    0.46977317333221436,
                    0.24134254455566406,
                    0.0,
                    1.0,
                    0.0,
                    0.0,
                    -0.46977317333221436,
                    0.0,
                    0.8827872276306152,
                    0.5213165283203125,
                    0.0,
                    0.0,
                    0.0,
                    1.0
                ],
                "Components": [
                    {
                        "UID": 14235968903560500946,
                        "Type": 1,
                        "Enabled": true,
                        "WasEnabled": true,
                        "Name": "Mesh",
                        "Mesh": 1190572980779485,
                        "Material": 0,
                        "RenderMode": 0,
                        "ProduceShadows": true
                    }
                ],
                "Children": []
            },
            {
                "UID": 8855812409021603042,
                "ParentUID": 11209468854241600039,
                "Name": "PR_Crate02",
                "Mobility": 1,
                "SelectParent": false,
                "Enabled": true,
                "WasEnabled": true,
                "NavmeshValid": false,
                "PrefabChildUID": 7689199171499835143,
                "LocalTransform": [
                    0.7063095569610596,
                    0.0,
                    -0.7079033851623535,
                    -0.7513070702552795,
                    0.0,
                    1.0,
                    0.0,
                    0.0,
                    0.7079033851623535,
                    0.0,
                    0.7063095569610596,
                    0.5605201721191406,
                    0.0,
                    0.0,
                    0.0,
                    1.0
                ],
                "Components": [
                    {
                        "UID": 5560646238234306258,
                        "Type": 1,
                        "Enabled": true,
                        "WasEnabled": true,
                        "Name": "Mesh",
                        "Mesh": 1140549394135412,
                        "Material": 0,
                        "RenderMode": 0,
                        "ProduceShadows": true
                    }
                ],
                "Children": []
            },
            {
                "UID": 8671947414859102081,
                "ParentUID": 11209468854241600039,
                "Name": "PR_Tributes_Bowl01",
                "Mobility": 1,
                "SelectParent": false,
                "Enabled": true,
                "WasEnabled": true,
                "NavmeshValid": false,
                "PrefabChildUID": 4448495069578041946,
                "LocalTransform": [
                    0.6899999976158142,
                    0.0,
                    0.0,
                    0.40955162048339844,
                    0.0,
                    0.6899999976158142,
                    0.0,
                    0.6606732606887817,
                    0.0,
                    0.0,
                    0.6899999976158142,
                    0.5567951202392578,
                    0.0,
                    0.0,
                    0.0,
                    1.0
                ],
                "Components": [
                    {
                        "UID": 7867105579340079299,
                        "Type": 1,
                        "Enabled": true,
                        "WasEnabled": true,
                        "Name": "Mesh",
                        "Mesh": 1155691260674577,
                        "Material": 0,
                        "RenderMode": 1,
                        "ProduceShadows": true
                    }
                ],
                "Children": []
            },
            {
                "UID": 10114866214279264886,
                "ParentUID": 11209468854241600039,
                "Name": "PR_Axe",
                "Mobility": 1,
                "SelectParent": false,
                "Enabled": true,
                "WasEnabled": true,
                "NavmeshValid": false,
                "PrefabChildUID": 4897381064687101077,
                "LocalTransform": [
                    0.9990190863609314,
                    0.0027862682472914457,
                    0.04419577866792679,
                    -0.5865550637245178,
                    -0.04408293589949608,
                    -0.03231056407094002,
                    0.9985052943229675,
                    0.7757498621940613,
                    0.004210049286484718,
                    -0.9994742274284363,
                    -0.03215603530406952,
                    0.5555419921875,
                    0.0,
                    0.0,
                    0.0,
                    1.0
                ],
                "Components": [
                    {
                        "UID": 17289099045074253889,
                        "Type": 1,
                        "Enabled": true,
                        "WasEnabled": true,
                        "Name": "Mesh",
                        "Mesh": 1194654224035522,
                        "Material": 0,
                        "RenderMode": 0,
                        "ProduceShadows": true
                    }
                ],
                "Children": []
            },
            {
                "UID": 4659062694813886157,
                "ParentUID": 11209468854241600039,
                "Name": "PR_Sword02",
                "Mobility": 1,
                "SelectParent": false,
                "Enabled": true,
                "WasEnabled": true,
                "NavmeshValid": false,
                "PrefabChildUID": 17040140606013991532,
                "LocalTransform": [
                    0.4464704096317291,
                    -0.8860620260238647,
                    -0.12473336607217789,
                    -0.6817806363105774,
                    0.16351532936096191,
                    -0.05625957250595093,
                    0.984935462474823,
                    0.7360406517982483,
                    -0.8797318339347839,
                    -0.46014028787612915,
                    0.1197662428021431,
                    0.5142097473144531,
                    0.0,
                    0.0,
                    0.0,
                    1.0
                ],
                "Components": [
                    {
                        "UID": 5996337428952053674,
                        "Type": 1,
                        "Enabled": true,
                        "WasEnabled": true,
                        "Name": "Mesh",
                        "Mesh": 1128725619046005,
                        "Material": 0,
                        "RenderMode": 0,
                        "ProduceShadows": true
                    }
                ],
                "Children": []
            }
        ]
    }
}