{
    "Prefab": {
        "UID": 1623804063388715,
        "Name": "Prefab_CityCenter(1)",
        "GameObjects": [
            {
                "UID": 13440158169153663208,
                "ParentUID": 10309131146409751111,
                "Name": "Prefab_CityCenter",
                "Mobility": 1,
                "IsTopParent": false,
                "Enabled": true,
                "PrefabUID": 1623804063388715,
                "LocalTransform": [
                    1.0,
                    0.0,
                    0.0,
                    0.0,
                    0.0,
                    1.0,
                    0.0,
                    0.0,
                    0.0,
                    0.0,
                    1.0,
                    0.0,
                    0.0,
                    0.0,
                    0.0,
                    1.0
                ],
                "Components": [],
                "Children": [
                    14109537976304393639,
                    14658289133242683568,
                    2078490872020390715,
                    856444539391678089,
                    6854045147291443402,
                    15731959442625495210,
                    5037060351149907791,
                    3969474236443990621,
                    6831166838565156231,
                    3767619269677845,
                    3779621642984858519,
                    6659580839547200416,
                    400459861885650603,
                    10349384812236441298,
                    16609074976780445028,
                    15377287023672302638,
                    16156677827646095957,
                    14876153008278710839,
                    9650685837521835006,
                    13200839876030559952,
                    10844216075704510544,
                    10123027235402529802,
                    744931855925796015,
                    171362914800417213,
                    9174568973338945386,
                    13845441765526865105,
                    6033984449758231102,
                    11803793548388701028,
                    13062232355900082614,
                    9986083805850916495,
                    2133640310004156390,
                    3229220813906774168,
                    12939054773078252702,
                    11366406535359486025,
                    8757544124738382902,
                    9004844945840554388,
                    1310472239161397478,
                    11025484470937847609,
                    936452087664146350,
                    6197184402078696916,
                    7854471337397092164,
                    13174852682141801005,
                    11307733010994342942,
                    15520863334572129111,
                    324574187527843968,
                    12918360344593561821,
                    15959220712407100037,
                    2068026422597912110,
                    5237515921857272118
                ]
            },
            {
                "UID": 14109537976304393639,
                "ParentUID": 13440158169153663208,
                "Name": "PR_Hanging_Clothes",
                "Mobility": 1,
                "IsTopParent": false,
                "Enabled": true,
                "LocalTransform": [
                    -0.5386917591094971,
                    -0.18134702742099762,
                    0.8227542042732239,
                    -64.45825958251953,
                    -0.11774083226919174,
                    0.9831808805465698,
                    0.1396174281835556,
                    5.245140075683594,
                    -0.8342352509498596,
                    -0.021661046892404556,
                    -0.5509832501411438,
                    9.950369834899902,
                    0.0,
                    0.0,
                    0.0,
                    1.0
                ],
                "Components": [
                    {
                        "UID": 8929769251020018681,
                        "Type": 1,
                        "Enabled": true,
                        "Name": "Mesh",
                        "Mesh": 1190273354435045,
                        "Material": 1300000000000000
                    }
                ],
                "Children": []
            },
            {
                "UID": 14658289133242683568,
                "ParentUID": 13440158169153663208,
                "Name": "DefensiveWall_Center",
                "Mobility": 1,
                "IsTopParent": true,
                "Enabled": true,
                "LocalTransform": [
                    -0.6028844714164734,
                    0.0,
                    -0.7978281378746033,
                    -32.33320236206055,
                    0.0,
                    0.9999995827674866,
                    0.0,
                    4.792483806610107,
                    0.797828733921051,
                    0.0,
                    -0.6028841137886047,
                    30.028459548950195,
                    0.0,
                    0.0,
                    0.0,
                    1.0
                ],
                "Components": [],
                "Children": [
                    980767462528364827,
                    6875801042609936694,
                    7078387892241705192,
                    12047183214382465445,
                    3919982345644829980,
                    9648389818161303143,
                    12214587350705070274,
                    16858291590509857877,
                    13374619526499098232,
                    7031726091463696939,
                    1373679205058945657,
                    11539599866043378095,
                    15738663054641657532,
                    435842612244186631,
                    14785820247090539280
                ]
            },
            {
                "UID": 2078490872020390715,
                "ParentUID": 13440158169153663208,
                "Name": "PR_Banner02",
                "Mobility": 1,
                "IsTopParent": true,
                "Enabled": true,
                "LocalTransform": [
                    -0.299625962972641,
                    0.0,
                    -0.9540563225746155,
                    -17.321067810058594,
                    0.0,
                    0.9999995827674866,
                    0.0,
                    4.717766761779785,
                    0.9540569186210632,
                    0.0,
                    -0.29962581396102905,
                    29.11724853515625,
                    0.0,
                    0.0,
                    0.0,
                    1.0
                ],
                "Components": [
                    {
                        "UID": 6059483856304187118,
                        "Type": 1,
                        "Enabled": true,
                        "Name": "Mesh",
                        "Mesh": 1172721807481307,
                        "Material": 1300000000000000
                    }
                ],
                "Children": []
            },
            {
                "UID": 856444539391678089,
                "ParentUID": 13440158169153663208,
                "Name": "PR_Banner02",
                "Mobility": 1,
                "IsTopParent": true,
                "Enabled": true,
                "LocalTransform": [
                    0.9739277362823486,
                    0.0,
                    -0.22685812413692474,
                    -53.05846405029297,
                    0.0,
                    0.9999995827674866,
                    0.0,
                    4.718011379241943,
                    0.2268581986427307,
                    0.0,
                    0.9739270806312561,
                    10.547266006469727,
                    0.0,
                    0.0,
                    0.0,
                    1.0
                ],
                "Components": [
                    {
                        "UID": 15639339170544993984,
                        "Type": 1,
                        "Enabled": true,
                        "Name": "Mesh",
                        "Mesh": 1172721807481307,
                        "Material": 1300000000000000
                    }
                ],
                "Children": []
            },
            {
                "UID": 6854045147291443402,
                "ParentUID": 13440158169153663208,
                "Name": "PR_Banner01",
                "Mobility": 1,
                "IsTopParent": true,
                "Enabled": true,
                "LocalTransform": [
                    0.17278172075748444,
                    0.0,
                    -0.9849597811698914,
                    -46.8150520324707,
                    0.0,
                    0.9999995231628418,
                    0.0,
                    6.295011520385742,
                    0.9849602580070496,
                    0.0,
                    0.17278164625167847,
                    35.30335235595703,
                    0.0,
                    0.0,
                    0.0,
                    1.0
                ],
                "Components": [
                    {
                        "UID": 10670143877386305402,
                        "Type": 1,
                        "Enabled": true,
                        "Name": "Mesh",
                        "Mesh": 1159426215561660,
                        "Material": 1300000000000000
                    }
                ],
                "Children": []
            },
            {
                "UID": 15731959442625495210,
                "ParentUID": 13440158169153663208,
                "Name": "PR_Banner01",
                "Mobility": 1,
                "IsTopParent": true,
                "Enabled": true,
                "LocalTransform": [
                    -0.299625962972641,
                    0.0,
                    -0.9540563225746155,
                    -15.163082122802734,
                    0.0,
                    0.9999995827674866,
                    0.0,
                    4.718128681182861,
                    0.9540569186210632,
                    0.0,
                    -0.29962581396102905,
                    42.56631851196289,
                    0.0,
                    0.0,
                    0.0,
                    1.0
                ],
                "Components": [
                    {
                        "UID": 11580470642774442084,
                        "Type": 1,
                        "Enabled": true,
                        "Name": "Mesh",
                        "Mesh": 1159426215561660,
                        "Material": 1300000000000000
                    }
                ],
                "Children": []
            },
            {
                "UID": 5037060351149907791,
                "ParentUID": 13440158169153663208,
                "Name": "PR_Banner01",
                "Mobility": 1,
                "IsTopParent": true,
                "Enabled": true,
                "LocalTransform": [
                    0.17278172075748444,
                    0.0,
                    -0.9849597811698914,
                    -30.39556884765625,
                    0.0,
                    0.9999995231628418,
                    0.0,
                    4.650198459625244,
                    0.9849602580070496,
                    0.0,
                    0.17278164625167847,
                    39.87820053100586,
                    0.0,
                    0.0,
                    0.0,
                    1.0
                ],
                "Components": [
                    {
                        "UID": 707935520327572578,
                        "Type": 1,
                        "Enabled": true,
                        "Name": "Mesh",
                        "Mesh": 1159426215561660,
                        "Material": 1300000000000000
                    }
                ],
                "Children": []
            },
            {
                "UID": 3969474236443990621,
                "ParentUID": 13440158169153663208,
                "Name": "EN_Tree02",
                "Mobility": 1,
                "IsTopParent": false,
                "Enabled": true,
                "LocalTransform": [
                    -0.21798841655254364,
                    0.0,
                    1.0486170053482056,
                    -40.33604431152344,
                    0.0,
                    1.0710352659225464,
                    0.0,
                    2.9492483139038086,
                    -1.0486170053482056,
                    0.0,
                    -0.21798841655254364,
                    48.181663513183594,
                    0.0,
                    0.0,
                    0.0,
                    1.0
                ],
                "Components": [
                    {
                        "UID": 4079326677684225535,
                        "Type": 1,
                        "Enabled": true,
                        "Name": "Mesh",
                        "Mesh": 1173669379707545,
                        "Material": 1300000000000000
                    }
                ],
                "Children": []
            },
            {
                "UID": 6831166838565156231,
                "ParentUID": 13440158169153663208,
                "Name": "EN_HouseRectangular",
                "Mobility": 1,
                "IsTopParent": false,
                "Enabled": true,
                "LocalTransform": [
                    0.9920502305030823,
                    0.0,
                    0.1258435994386673,
                    -37.0560188293457,
                    0.0,
                    1.0,
                    0.0,
                    3.1575205326080322,
                    -0.1258435994386673,
                    0.0,
                    0.9920502305030823,
                    45.99717712402344,
                    0.0,
                    0.0,
                    0.0,
                    1.0
                ],
                "Components": [
                    {
                        "UID": 2718383287896317146,
                        "Type": 1,
                        "Enabled": true,
                        "Name": "Mesh",
                        "Mesh": 1167750218221994,
                        "Material": 1300000000000000
                    }
                ],
                "Children": [
                    14397580675784713027
                ]
            },
            {
                "UID": 3767619269677845,
                "ParentUID": 13440158169153663208,
                "Name": "PR_Cart",
                "Mobility": 1,
                "IsTopParent": false,
                "Enabled": true,
                "LocalTransform": [
                    -0.21798841655254364,
                    0.0,
                    1.0486170053482056,
                    -34.968135833740234,
                    0.0,
                    1.0710352659225464,
                    0.0,
                    3.3492374420166016,
                    -1.0486170053482056,
                    0.0,
                    -0.21798841655254364,
                    49.23574447631836,
                    0.0,
                    0.0,
                    0.0,
                    1.0
                ],
                "Components": [
                    {
                        "UID": 16564307708196938988,
                        "Type": 1,
                        "Enabled": true,
                        "Name": "Mesh",
                        "Mesh": 1194397448419798,
                        "Material": 1300000000000000
                    }
                ],
                "Children": []
            },
            {
                "UID": 3779621642984858519,
                "ParentUID": 13440158169153663208,
                "Name": "EN_TreeOfLife",
                "Mobility": 1,
                "IsTopParent": false,
                "Enabled": true,
                "LocalTransform": [
                    -0.9317219257354736,
                    0.005884912330657244,
                    -0.3631267547607422,
                    -8.1556978225708,
                    -0.08403285592794418,
                    0.9692414402961731,
                    0.23132210969924927,
                    4.756588935852051,
                    0.35331839323043823,
                    0.2460421323776245,
                    -0.902569055557251,
                    43.84023666381836,
                    0.0,
                    0.0,
                    0.0,
                    1.0
                ],
                "Components": [
                    {
                        "UID": 10045956826651402857,
                        "Type": 1,
                        "Enabled": true,
                        "Name": "Mesh",
                        "Mesh": 1199517256288500,
                        "Material": 1300000000000000
                    }
                ],
                "Children": []
            },
            {
                "UID": 6659580839547200416,
                "ParentUID": 13440158169153663208,
                "Name": "Wooden_Side_Parts_Island4",
                "Mobility": 1,
                "IsTopParent": false,
                "Enabled": true,
                "LocalTransform": [
                    1.0,
                    0.0,
                    0.0,
                    16.58616065979004,
                    0.0,
                    1.0,
                    0.0,
                    4.938375473022461,
                    0.0,
                    0.0,
                    1.0,
                    24.326974868774414,
                    0.0,
                    0.0,
                    0.0,
                    1.0
                ],
                "Components": [],
                "Children": [
                    3056284081613484049,
                    1540115824185270534,
                    7014635009971789023,
                    1297199531390415597,
                    11583673151151700247,
                    13589784438991118745,
                    457151694872134791,
                    2623775706528799970,
                    13837843140832688328,
                    12699279788679625594,
                    11858370011267451993,
                    9340497292026151740,
                    12489852959609510403,
                    16179447669510011589,
                    3667743550663119215,
                    17845297422360429048,
                    7146653608456898691
                ]
            },
            {
                "UID": 400459861885650603,
                "ParentUID": 13440158169153663208,
                "Name": "Wooden_Side_Parts",
                "Mobility": 1,
                "IsTopParent": false,
                "Enabled": true,
                "LocalTransform": [
                    1.0,
                    0.0,
                    0.0,
                    0.0,
                    0.0,
                    1.0,
                    0.0,
                    0.0,
                    0.0,
                    0.0,
                    1.0,
                    0.0,
                    0.0,
                    0.0,
                    0.0,
                    1.0
                ],
                "Components": [],
                "Children": [
                    16267282170934340505,
                    14433336991274281288,
                    16249073988995305038,
                    13680915312529420321,
                    9218679273075418244,
                    5170349228278752898,
                    8469715829205992859,
                    5815513995248350514,
                    7363997341636957648,
                    14677784340174393858,
                    10966510422839552415,
                    12695113392412212725,
                    3429701377433958519,
                    2439663837939277145,
                    314981836761497243,
                    2265204721220334437,
                    12578335925707707220,
                    1396715987762359378,
                    12258025490049004140,
                    16404986178508605406,
                    5710978590665940872,
                    1287325748330012826,
                    9030912255052995756,
                    7719413605148973181,
                    11620498853523215487,
                    16478072055740565634,
                    447971414242711584,
                    10607597440921394599,
                    808471180370125109,
                    10641664458260572196,
                    17662903194869912170,
                    6597424259288278408,
                    16367397686170495937,
                    2204269679526213752,
                    12682144927876353077,
                    3794960521215689388,
                    5403188441030743082,
                    16900383970231276944,
                    3920528433818744270,
                    14952726451193212843
                ]
            },
            {
                "UID": 10349384812236441298,
                "ParentUID": 13440158169153663208,
                "Name": "PR_Barrel",
                "Mobility": 1,
                "IsTopParent": false,
                "Enabled": true,
                "LocalTransform": [
                    1.0000015497207642,
                    0.0,
                    -0.0000340072438120842,
                    -55.38602066040039,
                    0.0,
                    1.0,
                    0.0,
                    5.332115173339844,
                    0.0000340072438120842,
                    0.0,
                    1.0000015497207642,
                    14.202856063842773,
                    0.0,
                    0.0,
                    0.0,
                    1.0
                ],
                "Components": [
                    {
                        "UID": 743046631076292941,
                        "Type": 1,
                        "Enabled": true,
                        "Name": "Mesh",
                        "Mesh": 1177157971470292,
                        "Material": 1300000000000000
                    }
                ],
                "Children": []
            },
            {
                "UID": 16609074976780445028,
                "ParentUID": 13440158169153663208,
                "Name": "PR_Banner02",
                "Mobility": 1,
                "IsTopParent": true,
                "Enabled": true,
                "LocalTransform": [
                    0.17278172075748444,
                    0.0,
                    -0.9849597811698914,
                    -58.32179641723633,
                    0.0,
                    0.9999995231628418,
                    0.0,
                    5.8641204833984375,
                    0.9849602580070496,
                    0.0,
                    0.17278164625167847,
                    32.6677131652832,
                    0.0,
                    0.0,
                    0.0,
                    1.0
                ],
                "Components": [
                    {
                        "UID": 7538855029191863364,
                        "Type": 1,
                        "Enabled": true,
                        "Name": "Mesh",
                        "Mesh": 1172721807481307,
                        "Material": 1300000000000000
                    }
                ],
                "Children": []
            },
            {
                "UID": 15377287023672302638,
                "ParentUID": 13440158169153663208,
                "Name": "EN_Bull_Statue_main",
                "Mobility": 1,
                "IsTopParent": false,
                "Enabled": true,
                "LocalTransform": [
                    -0.20314839482307434,
                    0.0,
                    -0.9791480302810669,
                    -38.93388366699219,
                    0.0,
                    1.0,
                    0.0,
                    6.636116027832031,
                    0.9791480302810669,
                    0.0,
                    -0.20314839482307434,
                    21.331270217895508,
                    0.0,
                    0.0,
                    0.0,
                    1.0
                ],
                "Components": [
                    {
                        "UID": 7394253106426417597,
                        "Type": 1,
                        "Enabled": true,
                        "Name": "Mesh",
                        "Mesh": 1121875172517213,
                        "Material": 1300000000000000
                    }
                ],
                "Children": [
                    16130743750478959169
                ]
            },
            {
                "UID": 16156677827646095957,
                "ParentUID": 13440158169153663208,
                "Name": "Tributes",
                "Mobility": 1,
                "IsTopParent": false,
                "Enabled": true,
                "LocalTransform": [
                    -0.20314839482307434,
                    0.0,
                    -0.9791480302810669,
                    -38.56760025024414,
                    0.0,
                    1.0,
                    0.0,
                    6.355289459228516,
                    0.9791480302810669,
                    0.0,
                    -0.20314839482307434,
                    21.0548152923584,
                    0.0,
                    0.0,
                    0.0,
                    1.0
                ],
                "Components": [],
                "Children": [
                    3513731352336312188,
                    11043220289011649091,
                    13863405280687854045,
                    14880437973335254410,
                    5559732825618069756,
                    2587134720810043770,
                    9186739269689125476,
                    2792576580267157090,
                    18321540491908087796,
                    8930900224436318523,
                    12686774045651051646,
                    8608424445915352924,
                    7905352530903032149,
                    12185565335270436299,
                    429347288043453465,
                    16718182121739448655,
                    3250932959979230897,
                    5394298363160760435,
                    17218081193758021173,
                    15785708200349688407,
                    1304607044121933541,
                    3082827087639806994,
                    11235678930481162488,
                    17123229645703474942
                ]
            },
            {
                "UID": 14876153008278710839,
                "ParentUID": 13440158169153663208,
                "Name": "Houses",
                "Mobility": 1,
                "IsTopParent": false,
                "Enabled": true,
                "LocalTransform": [
                    1.0,
                    0.0,
                    0.0,
                    -30.731666564941406,
                    0.0,
                    1.0,
                    0.0,
                    4.2367072105407715,
                    0.0,
                    0.0,
                    1.0,
                    11.050832748413086,
                    0.0,
                    0.0,
                    0.0,
                    1.0
                ],
                "Components": [],
                "Children": [
                    6229723953963409873,
                    5743828879881664186,
                    9210835925767715020,
                    8592185169030144062,
                    6091608490442500585,
                    2520213857964575582,
                    10775607362136092721,
                    6194966062755845915,
                    17967196638984078429,
                    1485678271390558804
                ]
            },
            {
                "UID": 9650685837521835006,
                "ParentUID": 13440158169153663208,
                "Name": "PR_Bridge",
                "Mobility": 1,
                "IsTopParent": false,
                "Enabled": true,
                "LocalTransform": [
                    -1.0,
                    -5.642599489874556e-7,
                    0.0,
                    -43.340721130371094,
                    -5.642599489874556e-7,
                    1.0,
                    -5.642599489874556e-7,
                    2.588081121444702,
                    3.1838927653203564e-13,
                    -5.642599489874556e-7,
                    -1.0,
                    1.264932632446289,
                    0.0,
                    0.0,
                    0.0,
                    1.0
                ],
                "Components": [
                    {
                        "UID": 3245340602864952089,
                        "Type": 1,
                        "Enabled": true,
                        "Name": "Mesh",
                        "Mesh": 1142776918948507,
                        "Material": 1300000000000000
                    }
                ],
                "Children": []
            },
            {
                "UID": 13200839876030559952,
                "ParentUID": 13440158169153663208,
                "Name": "SideObjects",
                "Mobility": 1,
                "IsTopParent": false,
                "Enabled": true,
                "LocalTransform": [
                    0.7539801001548767,
                    0.0,
                    -0.6568977236747742,
                    -18.061443328857422,
                    0.0,
                    1.0,
                    0.0,
                    4.540863037109375,
                    0.6568977236747742,
                    0.0,
                    0.7539801001548767,
                    24.21967315673828,
                    0.0,
                    0.0,
                    0.0,
                    1.0
                ],
                "Components": [],
                "Children": [
                    15665767825508369101,
                    5908969175260388936,
                    4050072743141045071,
                    8663039207638292778,
                    11929959192689560208,
                    2618497226417448226
                ]
            },
            {
                "UID": 10844216075704510544,
                "ParentUID": 13440158169153663208,
                "Name": "PR_Cart01",
                "Mobility": 1,
                "IsTopParent": false,
                "Enabled": true,
                "LocalTransform": [
                    0.9695068001747131,
                    0.0,
                    -0.24506975710391998,
                    -53.48400115966797,
                    0.0,
                    1.0,
                    0.0,
                    5.029166221618652,
                    0.24506975710391998,
                    0.0,
                    0.9695068001747131,
                    13.873751640319824,
                    0.0,
                    0.0,
                    0.0,
                    1.0
                ],
                "Components": [
                    {
                        "UID": 13215747751601667546,
                        "Type": 1,
                        "Enabled": true,
                        "Name": "Mesh",
                        "Mesh": 1127626691603631,
                        "Material": 1300000000000000
                    }
                ],
                "Children": []
            },
            {
                "UID": 10123027235402529802,
                "ParentUID": 13440158169153663208,
                "Name": "EN_HouseRectangular",
                "Mobility": 1,
                "IsTopParent": false,
                "Enabled": true,
                "LocalTransform": [
                    -0.1388743370771408,
                    0.0,
                    0.9903098940849304,
                    -67.85383605957031,
                    0.0,
                    1.0,
                    0.0,
                    5.245028018951416,
                    -0.9903098940849304,
                    0.0,
                    -0.1388743370771408,
                    7.639340400695801,
                    0.0,
                    0.0,
                    0.0,
                    1.0
                ],
                "Components": [
                    {
                        "UID": 12991631007198941380,
                        "Type": 1,
                        "Enabled": true,
                        "Name": "Mesh",
                        "Mesh": 1167750218221994,
                        "Material": 1300000000000000
                    }
                ],
                "Children": [
                    10462055175658173119
                ]
            },
            {
                "UID": 744931855925796015,
                "ParentUID": 13440158169153663208,
                "Name": "PR_TopCloth04",
                "Mobility": 1,
                "IsTopParent": false,
                "Enabled": true,
                "LocalTransform": [
                    -1.2461681365966797,
                    0.0,
                    -2.87812876701355,
                    -59.750030517578125,
                    0.0,
                    3.136319637298584,
                    0.0,
                    10.925671577453613,
                    2.8781259059906006,
                    0.0,
                    -1.246158480644226,
                    9.43958854675293,
                    0.0,
                    0.0,
                    0.0,
                    1.0
                ],
                "Components": [
                    {
                        "UID": 3808343766056836802,
                        "Type": 1,
                        "Enabled": true,
                        "Name": "Mesh",
                        "Mesh": 1130069093828815,
                        "Material": 1300000000000000
                    }
                ],
                "Children": []
            },
            {
                "UID": 171362914800417213,
                "ParentUID": 13440158169153663208,
                "Name": "EN_Pine01",
                "Mobility": 1,
                "IsTopParent": false,
                "Enabled": true,
                "LocalTransform": [
                    -0.9958905577659607,
                    0.0,
                    -0.09056535363197327,
                    -69.29872131347656,
                    0.0,
                    1.0,
                    0.0,
                    5.245030879974365,
                    0.09056535363197327,
                    0.0,
                    -0.9958905577659607,
                    3.316627264022827,
                    0.0,
                    0.0,
                    0.0,
                    1.0
                ],
                "Components": [
                    {
                        "UID": 2410222811587992160,
                        "Type": 1,
                        "Enabled": true,
                        "Name": "Mesh",
                        "Mesh": 1188637160864595,
                        "Material": 1300000000000000
                    }
                ],
                "Children": []
            },
            {
                "UID": 9174568973338945386,
                "ParentUID": 13440158169153663208,
                "Name": "PR_Hanging_Clothes",
                "Mobility": 1,
                "IsTopParent": false,
                "Enabled": true,
                "LocalTransform": [
                    0.45549771189689636,
                    0.0,
                    -0.8902376890182495,
                    -19.770076751708984,
                    0.0,
                    1.000000238418579,
                    0.0,
                    4.7945146560668945,
                    0.8902372121810913,
                    0.0,
                    0.4554974436759949,
                    25.14143943786621,
                    0.0,
                    0.0,
                    0.0,
                    1.0
                ],
                "Components": [
                    {
                        "UID": 14037419264075686169,
                        "Type": 1,
                        "Enabled": true,
                        "Name": "Mesh",
                        "Mesh": 1190273354435045,
                        "Material": 1300000000000000
                    }
                ],
                "Children": []
            },
            {
                "UID": 13845441765526865105,
                "ParentUID": 13440158169153663208,
                "Name": "EN_Pine05",
                "Mobility": 1,
                "IsTopParent": false,
                "Enabled": true,
                "LocalTransform": [
                    -0.7994343638420105,
                    -4.5108873791832593e-7,
                    -0.030080659314990044,
                    -61.01129913330078,
                    -4.3443461095193925e-7,
                    0.800000011920929,
                    -4.5108873791832593e-7,
                    6.090114116668701,
                    0.030080659314990044,
                    -4.3443461095193925e-7,
                    -0.7994343638420105,
                    31.030109405517578,
                    0.0,
                    0.0,
                    0.0,
                    1.0
                ],
                "Components": [
                    {
                        "UID": 1057179351924201172,
                        "Type": 1,
                        "Enabled": true,
                        "Name": "Mesh",
                        "Mesh": 1172071023442857,
                        "Material": 1300000000000000
                    }
                ],
                "Children": []
            },
            {
                "UID": 6033984449758231102,
                "ParentUID": 13440158169153663208,
                "Name": "EN_HouseMid_T",
                "Mobility": 1,
                "IsTopParent": false,
                "Enabled": true,
                "LocalTransform": [
                    0.6818870306015015,
                    0.0,
                    0.7314572334289551,
                    -58.59537887573242,
                    0.0,
                    1.0,
                    0.0,
                    7.265850067138672,
                    -0.7314572334289551,
                    0.0,
                    0.6818870306015015,
                    8.224266052246094,
                    0.0,
                    0.0,
                    0.0,
                    1.0
                ],
                "Components": [
                    {
                        "UID": 9591575761309271885,
                        "Type": 1,
                        "Enabled": true,
                        "Name": "Mesh",
                        "Mesh": 1134015673021655,
                        "Material": 1300000000000000
                    }
                ],
                "Children": []
            },
            {
                "UID": 11803793548388701028,
                "ParentUID": 13440158169153663208,
                "Name": "PR_Crate",
                "Mobility": 1,
                "IsTopParent": false,
                "Enabled": true,
                "LocalTransform": [
                    0.6818870306015015,
                    0.0,
                    0.7314572334289551,
                    -48.80758285522461,
                    0.0,
                    1.0,
                    0.0,
                    6.432060241699219,
                    -0.7314572334289551,
                    0.0,
                    0.6818870306015015,
                    40.29470443725586,
                    0.0,
                    0.0,
                    0.0,
                    1.0
                ],
