{
    "Prefab": {
        "UID": 1623804063388715,
        "Name": "Prefab_CityCenter",
        "GameObjects": [
            {
                "UID": 13433077951120401036,
                "ParentUID": 10309131146409751111,
                "Name": "Prefab_CityCenter",
                "Mobility": 1,
                "IsTopParent": false,
                "Enabled": true,
                "LocalTransform": [
                    1.0,
                    0.0,
                    0.0,
                    0.0,
                    0.0,
                    1.0,
                    0.0,
                    0.0,
                    0.0,
                    0.0,
                    1.0,
                    0.0,
                    0.0,
                    0.0,
                    0.0,
                    1.0
                ],
                "Components": [],
                "Children": [
                    3017957259544092287,
                    2852452672019039107,
                    15942353509714560368,
                    2511808981825171833,
                    15506402598114372340,
                    12133756156087930811,
                    17096216461985778385,
                    15826612916462540151,
                    14558103484348710443,
                    3659861367631542857,
                    17600691483517123549,
                    10304814252048766562,
                    14750995645369510857,
                    13368453949462700444,
                    1922106799686060687,
                    12037790355195802619,
                    8379797809667707193,
                    13411012130232944321,
                    15222821776261277375,
                    16683949350335500573,
                    17394938354144491784,
                    9593574233397165499,
                    218518838100680973,
                    5445659716023938760,
                    991399684682964906,
                    8514070473592743468,
                    17568160745048164277,
                    4027618053906020851,
                    2419565023699260101,
                    7971727563276731447,
                    8595052986655575378,
                    10177077277081409420,
                    3309985633023398313,
                    8055938801622162887,
                    3607199176937034257,
                    10162571421260909184,
                    10967595035627370158,
                    15119318400329641025,
                    10995792154861590084,
                    5637167779922703234
                ]
            },
            {
                "UID": 3017957259544092287,
                "ParentUID": 13433077951120401036,
                "Name": "PR_Hanging_Clothes",
                "Mobility": 1,
                "IsTopParent": false,
                "Enabled": true,
                "LocalTransform": [
                    -0.5386917591094971,
                    -0.18134702742099762,
                    0.8227542042732239,
                    -64.45825958251953,
                    -0.11774083226919174,
                    0.9831808805465698,
                    0.1396174281835556,
                    5.245140075683594,
                    -0.8342352509498596,
                    -0.021661046892404556,
                    -0.5509832501411438,
                    9.950369834899902,
                    0.0,
                    0.0,
                    0.0,
                    1.0
                ],
                "Components": [
                    {
                        "UID": 114947939893672466,
                        "Type": 1,
                        "Enabled": true,
                        "Name": "Mesh",
                        "Mesh": 1190273354435045,
                        "Material": 0
                    }
                ],
                "Children": []
            },
            {
                "UID": 2852452672019039107,
                "ParentUID": 13433077951120401036,
                "Name": "DefensiveWall_Center",
                "Mobility": 1,
                "IsTopParent": true,
                "Enabled": true,
                "LocalTransform": [
                    -0.6028844714164734,
                    0.0,
                    -0.7978281378746033,
                    -32.33320236206055,
                    0.0,
                    0.9999995827674866,
                    0.0,
                    4.792483806610107,
                    0.797828733921051,
                    0.0,
                    -0.6028841137886047,
                    30.028459548950195,
                    0.0,
                    0.0,
                    0.0,
                    1.0
                ],
                "Components": [],
                "Children": [
                    2428897520437091408,
                    7349448093058484961,
                    17244652650108882327,
                    12069972362437322993,
                    8447225667261071136,
                    9545375750015538343,
                    16478705973124465277,
                    2499717821530257089,
                    8293562174391551126,
                    13607437354262278672,
                    4869992198385241825,
                    8311189740354826920,
                    5199850213345468823,
                    5905667546021090627,
                    7635572611870967513
                ]
            },
            {
                "UID": 15942353509714560368,
                "ParentUID": 13433077951120401036,
                "Name": "PR_Banner02",
                "Mobility": 1,
                "IsTopParent": true,
                "Enabled": true,
                "LocalTransform": [
                    -0.299625962972641,
                    0.0,
                    -0.9540563225746155,
                    -17.321067810058594,
                    0.0,
                    0.9999995827674866,
                    0.0,
                    4.717766761779785,
                    0.9540569186210632,
                    0.0,
                    -0.29962581396102905,
                    29.11724853515625,
                    0.0,
                    0.0,
                    0.0,
                    1.0
                ],
                "Components": [
                    {
                        "UID": 10459544370091495919,
                        "Type": 1,
                        "Enabled": true,
                        "Name": "Mesh",
                        "Mesh": 1172721807481307,
                        "Material": 0
                    }
                ],
                "Children": []
            },
            {
                "UID": 2511808981825171833,
                "ParentUID": 13433077951120401036,
                "Name": "PR_Banner02",
                "Mobility": 1,
                "IsTopParent": true,
                "Enabled": true,
                "LocalTransform": [
                    0.9739277362823486,
                    0.0,
                    -0.22685812413692474,
                    -53.05846405029297,
                    0.0,
                    0.9999995827674866,
                    0.0,
                    4.718011379241943,
                    0.2268581986427307,
                    0.0,
                    0.9739270806312561,
                    10.547266006469727,
                    0.0,
                    0.0,
                    0.0,
                    1.0
                ],
                "Components": [
                    {
                        "UID": 12537299863070896700,
                        "Type": 1,
                        "Enabled": true,
                        "Name": "Mesh",
                        "Mesh": 1172721807481307,
                        "Material": 0
                    }
                ],
                "Children": []
            },
            {
                "UID": 15506402598114372340,
                "ParentUID": 13433077951120401036,
                "Name": "PR_Banner01",
                "Mobility": 1,
                "IsTopParent": true,
                "Enabled": true,
                "LocalTransform": [
                    0.17278172075748444,
                    0.0,
                    -0.9849597811698914,
                    -46.8150520324707,
                    0.0,
                    0.9999995231628418,
                    0.0,
                    6.295011520385742,
                    0.9849602580070496,
                    0.0,
                    0.17278164625167847,
                    35.30335235595703,
                    0.0,
                    0.0,
                    0.0,
                    1.0
                ],
                "Components": [
                    {
                        "UID": 10435517100334300510,
                        "Type": 1,
                        "Enabled": true,
                        "Name": "Mesh",
                        "Mesh": 1159426215561660,
                        "Material": 0
                    }
                ],
                "Children": []
            },
            {
                "UID": 12133756156087930811,
                "ParentUID": 13433077951120401036,
                "Name": "PR_Banner01",
                "Mobility": 1,
                "IsTopParent": true,
                "Enabled": true,
                "LocalTransform": [
                    -0.299625962972641,
                    0.0,
                    -0.9540563225746155,
                    -15.163082122802734,
                    0.0,
                    0.9999995827674866,
                    0.0,
                    4.718128681182861,
                    0.9540569186210632,
                    0.0,
                    -0.29962581396102905,
                    42.56631851196289,
                    0.0,
                    0.0,
                    0.0,
                    1.0
                ],
                "Components": [
                    {
                        "UID": 8760771170661547886,
                        "Type": 1,
                        "Enabled": true,
                        "Name": "Mesh",
                        "Mesh": 1159426215561660,
                        "Material": 0
                    }
                ],
                "Children": []
            },
            {
                "UID": 17096216461985778385,
                "ParentUID": 13433077951120401036,
                "Name": "PR_Banner01",
                "Mobility": 1,
                "IsTopParent": true,
                "Enabled": true,
                "LocalTransform": [
                    0.17278172075748444,
                    0.0,
                    -0.9849597811698914,
                    -30.39556884765625,
                    0.0,
                    0.9999995231628418,
                    0.0,
                    4.650198459625244,
                    0.9849602580070496,
                    0.0,
                    0.17278164625167847,
                    39.87820053100586,
                    0.0,
                    0.0,
                    0.0,
                    1.0
                ],
                "Components": [
                    {
                        "UID": 15072027346577894611,
                        "Type": 1,
                        "Enabled": true,
                        "Name": "Mesh",
                        "Mesh": 1159426215561660,
                        "Material": 0
                    }
                ],
                "Children": []
            },
            {
                "UID": 15826612916462540151,
                "ParentUID": 13433077951120401036,
                "Name": "EN_Tree02",
                "Mobility": 1,
                "IsTopParent": false,
                "Enabled": true,
                "LocalTransform": [
                    -0.21798841655254364,
                    0.0,
                    1.0486170053482056,
                    -40.33604431152344,
                    0.0,
                    1.0710352659225464,
                    0.0,
                    2.9492483139038086,
                    -1.0486170053482056,
                    0.0,
                    -0.21798841655254364,
                    48.181663513183594,
                    0.0,
                    0.0,
                    0.0,
                    1.0
                ],
                "Components": [
                    {
                        "UID": 6763355386929628479,
                        "Type": 1,
                        "Enabled": true,
                        "Name": "Mesh",
                        "Mesh": 1173669379707545,
                        "Material": 0
                    }
                ],
                "Children": []
            },
            {
                "UID": 14558103484348710443,
                "ParentUID": 13433077951120401036,
                "Name": "EN_HouseRectangular",
                "Mobility": 1,
                "IsTopParent": false,
                "Enabled": true,
                "LocalTransform": [
                    0.9920502305030823,
                    0.0,
                    0.1258435994386673,
                    -37.0560188293457,
                    0.0,
                    1.0,
                    0.0,
                    3.1575205326080322,
                    -0.1258435994386673,
                    0.0,
                    0.9920502305030823,
                    45.99717712402344,
                    0.0,
                    0.0,
                    0.0,
                    1.0
                ],
                "Components": [
                    {
                        "UID": 16591828543803179602,
                        "Type": 1,
                        "Enabled": true,
                        "Name": "Mesh",
                        "Mesh": 1167750218221994,
                        "Material": 0
                    }
                ],
                "Children": [
                    13484699200962533569
                ]
            },
            {
                "UID": 3659861367631542857,
                "ParentUID": 13433077951120401036,
                "Name": "PR_Cart",
                "Mobility": 1,
                "IsTopParent": false,
                "Enabled": true,
                "LocalTransform": [
                    -0.21798841655254364,
                    0.0,
                    1.0486170053482056,
                    -34.968135833740234,
                    0.0,
                    1.0710352659225464,
                    0.0,
                    3.3492374420166016,
                    -1.0486170053482056,
                    0.0,
                    -0.21798841655254364,
                    49.23574447631836,
                    0.0,
                    0.0,
                    0.0,
                    1.0
                ],
                "Components": [
                    {
                        "UID": 2344773265179303052,
                        "Type": 1,
                        "Enabled": true,
                        "Name": "Mesh",
                        "Mesh": 1194397448419798,
                        "Material": 0
                    }
                ],
                "Children": []
            },
            {
                "UID": 17600691483517123549,
                "ParentUID": 13433077951120401036,
                "Name": "EN_TreeOfLife",
                "Mobility": 1,
                "IsTopParent": false,
                "Enabled": true,
                "LocalTransform": [
                    -0.9317219257354736,
                    0.005884912330657244,
                    -0.3631267547607422,
                    -8.1556978225708,
                    -0.08403285592794418,
                    0.9692414402961731,
                    0.23132210969924927,
                    4.756588935852051,
                    0.35331839323043823,
                    0.2460421323776245,
                    -0.902569055557251,
                    43.84023666381836,
                    0.0,
                    0.0,
                    0.0,
                    1.0
                ],
                "Components": [
                    {
                        "UID": 325100853544819584,
                        "Type": 1,
                        "Enabled": true,
                        "Name": "Mesh",
                        "Mesh": 1199517256288500,
                        "Material": 0
                    }
                ],
                "Children": []
            },
            {
                "UID": 10304814252048766562,
                "ParentUID": 13433077951120401036,
                "Name": "Wooden_Side_Parts_Island4",
                "Mobility": 1,
                "IsTopParent": false,
                "Enabled": true,
                "LocalTransform": [
                    1.0,
                    0.0,
                    0.0,
                    16.58616065979004,
                    0.0,
                    1.0,
                    0.0,
                    4.938375473022461,
                    0.0,
                    0.0,
                    1.0,
                    24.326974868774414,
                    0.0,
                    0.0,
                    0.0,
                    1.0
                ],
                "Components": [],
                "Children": [
                    11288693477414407175,
                    9313899837816901605,
                    800126542123482285,
                    1508415337827760809,
                    3127442028443945092,
                    3651088406828282587,
                    16478574441913849448,
                    5211752679783439386,
                    12976165335183283754,
                    16384927467028282391,
                    7790749375097871859,
                    6266373306414150009,
                    14158194108754777138,
                    7064805890272186686,
                    7978695268522846266,
                    2031091621993598533,
                    1829741180344368392
                ]
            },
            {
                "UID": 14750995645369510857,
                "ParentUID": 13433077951120401036,
                "Name": "Wooden_Side_Parts",
                "Mobility": 1,
                "IsTopParent": false,
                "Enabled": true,
                "LocalTransform": [
                    1.0,
                    0.0,
                    0.0,
                    0.0,
                    0.0,
                    1.0,
                    0.0,
                    0.0,
                    0.0,
                    0.0,
                    1.0,
                    0.0,
                    0.0,
                    0.0,
                    0.0,
                    1.0
                ],
                "Components": [],
                "Children": [
                    9355868498999856868,
                    2044468514475145704,
                    12164493682283329521,
                    13568505821060022867,
                    3460582830316445899,
                    12453675232277724147,
                    6407007521320102568,
                    7090495906261551865,
                    15761359030460604979,
                    16026533003442068641,
                    16109080391730842643,
                    1123525001950420893,
                    6303401051617347467,
                    11896801971545604619,
                    13925639364887943319,
                    11446362044964667913,
                    18159864878255141427,
                    14223173335735804753,
                    12322775100061412017,
                    5176613359232317788,
                    8848148285014372395,
                    5981278647258797664,
                    15246226428876701767,
                    14048980614386671674,
                    1967918028532965065,
                    6810853199463661597,
                    13257372749700676349,
                    10278001036659851692,
                    11725533500311955319,
                    9791985637118806630,
                    4698202657567650140,
                    4399889867675420233,
                    12645863642909391414,
                    4525811721385833575,
                    17073901894035203994,
                    10317053934720340787,
                    13122765708561508169,
                    2888072929329150642,
                    12954028775037734428,
                    13162952977412498453
                ]
            },
            {
                "UID": 13368453949462700444,
                "ParentUID": 13433077951120401036,
                "Name": "PR_Barrel",
                "Mobility": 1,
                "IsTopParent": false,
                "Enabled": true,
                "LocalTransform": [
                    1.0000015497207642,
                    0.0,
                    -0.0000340072438120842,
                    -55.38602066040039,
                    0.0,
                    1.0,
                    0.0,
                    5.332115173339844,
                    0.0000340072438120842,
                    0.0,
                    1.0000015497207642,
                    14.202856063842773,
                    0.0,
                    0.0,
                    0.0,
                    1.0
                ],
                "Components": [
                    {
                        "UID": 15484939353726362299,
                        "Type": 1,
                        "Enabled": true,
                        "Name": "Mesh",
                        "Mesh": 1177157971470292,
                        "Material": 0
                    }
                ],
                "Children": []
            },
            {
                "UID": 1922106799686060687,
                "ParentUID": 13433077951120401036,
                "Name": "PR_Banner02",
                "Mobility": 1,
                "IsTopParent": true,
                "Enabled": true,
                "LocalTransform": [
                    0.17278172075748444,
                    0.0,
                    -0.9849597811698914,
                    -58.32179641723633,
                    0.0,
                    0.9999995231628418,
                    0.0,
                    5.8641204833984375,
                    0.9849602580070496,
                    0.0,
                    0.17278164625167847,
                    32.6677131652832,
                    0.0,
                    0.0,
                    0.0,
                    1.0
                ],
                "Components": [
                    {
                        "UID": 3391205962280324514,
                        "Type": 1,
                        "Enabled": true,
                        "Name": "Mesh",
                        "Mesh": 1172721807481307,
                        "Material": 0
                    }
                ],
                "Children": []
            },
            {
                "UID": 12037790355195802619,
                "ParentUID": 13433077951120401036,
                "Name": "EN_Bull_Statue_main",
                "Mobility": 1,
                "IsTopParent": false,
                "Enabled": true,
                "LocalTransform": [
                    -0.20314839482307434,
                    0.0,
                    -0.9791480302810669,
                    -38.93388366699219,
                    0.0,
                    1.0,
                    0.0,
                    6.636116027832031,
                    0.9791480302810669,
                    0.0,
                    -0.20314839482307434,
                    21.331270217895508,
                    0.0,
                    0.0,
                    0.0,
                    1.0
                ],
                "Components": [
                    {
                        "UID": 9833596826674127278,
                        "Type": 1,
                        "Enabled": true,
                        "Name": "Mesh",
                        "Mesh": 1121875172517213,
                        "Material": 0
                    }
                ],
                "Children": [
                    16622112977963990906
                ]
            },
            {
                "UID": 8379797809667707193,
                "ParentUID": 13433077951120401036,
                "Name": "Tributes",
                "Mobility": 1,
                "IsTopParent": false,
                "Enabled": true,
                "LocalTransform": [
                    -0.20314839482307434,
                    0.0,
                    -0.9791480302810669,
                    -38.56760025024414,
                    0.0,
                    1.0,
                    0.0,
                    6.355289459228516,
                    0.9791480302810669,
                    0.0,
                    -0.20314839482307434,
                    21.0548152923584,
                    0.0,
                    0.0,
                    0.0,
                    1.0
                ],
                "Components": [],
                "Children": [
                    11248197305213239713,
                    11577056913071610076,
                    13817711830343357262,
                    15675518461270218028,
                    5771991625935437361,
                    4853673974426391967,
                    14122309706674200482,
                    12350849578811503924,
                    5898591992397989937,
                    12791781260039002599,
                    17287247471838995510,
                    8942647820433205519,
                    17078853813899612773,
                    12864106735344964070,
                    2912615874103781444,
                    4658206333172948546,
                    9755322824022438235,
                    12884503723932939626,
                    17984942511739302608,
                    5103001254077077858,
                    16424266156845228667,
                    12942881410450207044,
                    3293991095931863566,
                    11578580100669235764
                ]
            },
            {
                "UID": 13411012130232944321,
                "ParentUID": 13433077951120401036,
                "Name": "Houses",
                "Mobility": 1,
                "IsTopParent": false,
                "Enabled": true,
                "LocalTransform": [
                    1.0,
                    0.0,
                    0.0,
                    -30.731666564941406,
                    0.0,
                    1.0,
                    0.0,
                    4.2367072105407715,
                    0.0,
                    0.0,
                    1.0,
                    11.050832748413086,
                    0.0,
                    0.0,
                    0.0,
                    1.0
                ],
                "Components": [],
                "Children": [
                    8110716684552243105,
                    1018382979238756060,
                    3838102809826636839,
                    12471198845462497789,
                    1279340188054881195,
                    17480420665715418689,
                    12000223419647979574,
                    13348817526012196111,
                    16813840204711588760,
                    7675242912898340767
                ]
            },
            {
                "UID": 15222821776261277375,
                "ParentUID": 13433077951120401036,
                "Name": "PR_Bridge",
                "Mobility": 1,
                "IsTopParent": false,
                "Enabled": true,
                "LocalTransform": [
                    -1.0,
                    -5.642599489874556e-7,
                    0.0,
                    -43.340721130371094,
                    -5.642599489874556e-7,
                    1.0,
                    -5.642599489874556e-7,
                    2.588081121444702,
                    3.1838927653203564e-13,
                    -5.642599489874556e-7,
                    -1.0,
                    1.264932632446289,
                    0.0,
                    0.0,
                    0.0,
                    1.0
                ],
                "Components": [
                    {
                        "UID": 3796681589754224722,
                        "Type": 1,
                        "Enabled": true,
                        "Name": "Mesh",
                        "Mesh": 1142776918948507,
                        "Material": 0
                    }
                ],
                "Children": []
            },
            {
                "UID": 16683949350335500573,
                "ParentUID": 13433077951120401036,
                "Name": "SideObjects",
                "Mobility": 1,
                "IsTopParent": false,
                "Enabled": true,
                "LocalTransform": [
                    0.7539801001548767,
                    0.0,
                    -0.6568977236747742,
                    -18.061443328857422,
                    0.0,
                    1.0,
                    0.0,
                    4.540863037109375,
                    0.6568977236747742,
                    0.0,
                    0.7539801001548767,
                    24.21967315673828,
                    0.0,
                    0.0,
                    0.0,
                    1.0
                ],
                "Components": [],
                "Children": [
                    12231830566699684867,
                    16777197213210522700,
                    3883712987995386826,
                    14025032038295869539,
                    5567457226173393581,
                    12833005578438922148
                ]
            },
            {
                "UID": 17394938354144491784,
                "ParentUID": 13433077951120401036,
                "Name": "PR_Cart01",
                "Mobility": 1,
                "IsTopParent": false,
                "Enabled": true,
                "LocalTransform": [
                    0.9695068001747131,
                    0.0,
                    -0.24506975710391998,
                    -53.48400115966797,
                    0.0,
                    1.0,
                    0.0,
                    5.029166221618652,
                    0.24506975710391998,
                    0.0,
                    0.9695068001747131,
                    13.873751640319824,
                    0.0,
                    0.0,
                    0.0,
                    1.0
                ],
                "Components": [
                    {
                        "UID": 15996096108355744967,
                        "Type": 1,
                        "Enabled": true,
                        "Name": "Mesh",
                        "Mesh": 1127626691603631,
                        "Material": 0
                    }
                ],
                "Children": []
            },
            {
                "UID": 9593574233397165499,
                "ParentUID": 13433077951120401036,
                "Name": "EN_HouseRectangular",
                "Mobility": 1,
                "IsTopParent": false,
                "Enabled": true,
                "LocalTransform": [
                    -0.1388743370771408,
                    0.0,
                    0.9903098940849304,
                    -67.85383605957031,
                    0.0,
                    1.0,
                    0.0,
                    5.245028018951416,
                    -0.9903098940849304,
                    0.0,
                    -0.1388743370771408,
                    7.639340400695801,
                    0.0,
                    0.0,
                    0.0,
                    1.0
                ],
                "Components": [
                    {
                        "UID": 7625518819518266734,
                        "Type": 1,
                        "Enabled": true,
                        "Name": "Mesh",
                        "Mesh": 1167750218221994,
                        "Material": 0
                    }
                ],
                "Children": [
                    11251305503169874389
                ]
            },
            {
                "UID": 218518838100680973,
                "ParentUID": 13433077951120401036,
                "Name": "PR_TopCloth04",
                "Mobility": 1,
                "IsTopParent": false,
                "Enabled": true,
                "LocalTransform": [
                    -1.2461681365966797,
                    0.0,
                    -2.87812876701355,
                    -59.750030517578125,
                    0.0,
                    3.136319637298584,
                    0.0,
                    10.925671577453613,
                    2.8781259059906006,
                    0.0,
                    -1.246158480644226,
                    9.43958854675293,
                    0.0,
                    0.0,
                    0.0,
                    1.0
                ],
                "Components": [
                    {
                        "UID": 8371105874735886128,
                        "Type": 1,
                        "Enabled": true,
                        "Name": "Mesh",
                        "Mesh": 1130069093828815,
                        "Material": 0
                    }
                ],
                "Children": []
            },
            {
                "UID": 5445659716023938760,
                "ParentUID": 13433077951120401036,
                "Name": "EN_Pine01",
                "Mobility": 1,
                "IsTopParent": false,
                "Enabled": true,
                "LocalTransform": [
                    -0.9958905577659607,
                    0.0,
                    -0.09056535363197327,
                    -69.29872131347656,
                    0.0,
                    1.0,
                    0.0,
                    5.245030879974365,
                    0.09056535363197327,
                    0.0,
                    -0.9958905577659607,
                    3.316627264022827,
                    0.0,
                    0.0,
                    0.0,
                    1.0
                ],
                "Components": [
                    {
                        "UID": 5464059761557163154,
                        "Type": 1,
                        "Enabled": true,
                        "Name": "Mesh",
                        "Mesh": 1188637160864595,
                        "Material": 0
                    }
                ],
                "Children": []
            },
            {
                "UID": 991399684682964906,
                "ParentUID": 13433077951120401036,
                "Name": "PR_Hanging_Clothes",
                "Mobility": 1,
                "IsTopParent": false,
                "Enabled": true,
                "LocalTransform": [
                    0.45549771189689636,
                    0.0,
                    -0.8902376890182495,
                    -19.770076751708984,
                    0.0,
                    1.000000238418579,
                    0.0,
                    4.7945146560668945,
                    0.8902372121810913,
                    0.0,
                    0.4554974436759949,
                    25.14143943786621,
                    0.0,
                    0.0,
                    0.0,
                    1.0
                ],
                "Components": [
                    {
                        "UID": 724661390535321445,
                        "Type": 1,
                        "Enabled": true,
                        "Name": "Mesh",
                        "Mesh": 1190273354435045,
                        "Material": 0
                    }
                ],
                "Children": []
            },
            {
                "UID": 8514070473592743468,
                "ParentUID": 13433077951120401036,
                "Name": "EN_Pine05",
                "Mobility": 1,
                "IsTopParent": false,
                "Enabled": true,
                "LocalTransform": [
                    -0.7994343638420105,
                    -4.5108873791832593e-7,
                    -0.030080659314990044,
                    -61.01129913330078,
                    -4.3443461095193925e-7,
                    0.800000011920929,
                    -4.5108873791832593e-7,
                    6.090114116668701,
                    0.030080659314990044,
                    -4.3443461095193925e-7,
                    -0.7994343638420105,
                    31.030109405517578,
                    0.0,
                    0.0,
                    0.0,
                    1.0
                ],
                "Components": [
                    {
                        "UID": 1012214919671020247,
                        "Type": 1,
                        "Enabled": true,
                        "Name": "Mesh",
                        "Mesh": 1172071023442857,
                        "Material": 0
                    }
                ],
                "Children": []
            },
            {
                "UID": 17568160745048164277,
                "ParentUID": 13433077951120401036,
                "Name": "EN_HouseMid_T",
                "Mobility": 1,
                "IsTopParent": false,
                "Enabled": true,
                "LocalTransform": [
                    0.6818870306015015,
                    0.0,
                    0.7314572334289551,
                    -58.59537887573242,
                    0.0,
                    1.0,
                    0.0,
                    7.265850067138672,
                    -0.7314572334289551,
                    0.0,
                    0.6818870306015015,
                    8.224266052246094,
                    0.0,
                    0.0,
                    0.0,
                    1.0
                ],
                "Components": [
                    {
                        "UID": 14343326241889027212,
                        "Type": 1,
                        "Enabled": true,
                        "Name": "Mesh",
                        "Mesh": 1134015673021655,
                        "Material": 0
                    }
                ],
                "Children": []
            },
            {
                "UID": 4027618053906020851,
                "ParentUID": 13433077951120401036,
                "Name": "PR_Crate",
                "Mobility": 1,
                "IsTopParent": false,
                "Enabled": true,
                "LocalTransform": [
                    0.6818870306015015,
                    0.0,
                    0.7314572334289551,
                    -48.80758285522461,
                    0.0,
                    1.0,
                    0.0,
                    6.432060241699219,
                    -0.7314572334289551,
                    0.0,
                    0.6818870306015015,
                    40.29470443725586,
                    0.0,
                    0.0,
                    0.0,
                    1.0
                ],
                "Components": [
                    {
                        "UID": 5719064165170721766,
                        "Type": 1,
                        "Enabled": true,
                        "Name": "Mesh",
                        "Mesh": 1190572980779485,
                        "Material": 0
                    }
                ],
                "Children": []
            },
            {
                "UID": 2419565023699260101,
                "ParentUID": 13433077951120401036,
                "Name": "EN_Pine04",
                "Mobility": 1,
                "IsTopParent": false,
                "Enabled": true,
                "LocalTransform": [
