{
    "Prefab": {
        "UID": 1603710419719218,
        "Name": "Prefab_Center",
        "GameObjects": [
            {
                "UID": 15759044370639922955,
                "ParentUID": 10309131146409751111,
                "Name": "Prefab_Center",
                "Mobility": 1,
                "IsTopParent": false,
                "Enabled": true,
                "LocalTransform": [
                    1.0,
                    0.0,
                    0.0,
                    -36.583091735839844,
                    0.0,
                    1.0,
                    0.0,
                    4.236703395843506,
                    0.0,
                    0.0,
                    1.0,
                    18.600017547607422,
                    0.0,
                    0.0,
                    0.0,
                    1.0
                ],
                "Components": [],
                "Children": [
                    17838022806661196918,
                    17701021299620322317,
                    1376075736873409155,
                    676869183285886395,
                    9618165849530209364,
                    8690508446966049470,
                    15575275207341114098
                ]
            },
            {
                "UID": 17838022806661196918,
                "ParentUID": 15759044370639922955,
                "Name": "EN_Bull_Statue_main",
                "Mobility": 1,
                "IsTopParent": false,
                "Enabled": true,
                "LocalTransform": [
                    -0.20314839482307434,
                    0.0,
                    -0.9791480302810669,
                    -2.3507919311523438,
                    0.0,
                    1.0,
                    0.0,
                    2.3994126319885254,
                    0.9791480302810669,
                    0.0,
                    -0.20314839482307434,
                    2.731252670288086,
                    0.0,
                    0.0,
                    0.0,
                    1.0
                ],
                "Components": [
                    {
                        "UID": 12488401426112840645,
                        "Type": 1,
                        "Enabled": true,
                        "Name": "Mesh",
                        "Mesh": 1121875172517213,
                        "Material": 1300000000000000
                    }
                ],
                "Children": [
                    15923443686249518001
                ]
            },
            {
                "UID": 17701021299620322317,
                "ParentUID": 15759044370639922955,
                "Name": "Tributes",
                "Mobility": 1,
                "IsTopParent": false,
                "Enabled": true,
                "LocalTransform": [
                    -0.20314839482307434,
                    0.0,
                    -0.9791480302810669,
                    -2.1585159301757813,
                    0.0,
                    1.0,
                    0.0,
                    2.118708610534668,
                    0.9791480302810669,
                    0.0,
                    -0.20314839482307434,
                    2.4625682830810547,
                    0.0,
                    0.0,
                    0.0,
                    1.0
                ],
                "Components": [],
                "Children": [
                    17998729794998338750,
                    14384171398724881296,
                    6204369650944727406,
                    6042220715633314561,
                    15693992269767454980,
                    9780346602475103346,
                    4949779836472453149,
                    2655792303308503219,
                    11885082456500150589,
                    4910727015722628559
                ]
            },
            {
                "UID": 1376075736873409155,
                "ParentUID": 15759044370639922955,
                "Name": "Houses",
                "Mobility": 1,
                "IsTopParent": false,
                "Enabled": true,
                "LocalTransform": [
                    1.0,
                    0.0,
                    0.0,
                    5.963354110717773,
                    0.0,
                    1.0,
                    0.0,
                    0.000003814697265625,
                    0.0,
                    0.0,
                    1.0,
                    -7.8177490234375,
                    0.0,
                    0.0,
                    0.0,
                    1.0
                ],
                "Components": [],
                "Children": [
                    11423673396478631249,
                    13262973769904416746,
                    10437475370876651004,
                    10228709144254800777,
                    16420669888073424158,
                    9316979250436048927,
                    3134450579491140581,
                    13044946494483919128
                ]
            },
            {
                "UID": 676869183285886395,
                "ParentUID": 15759044370639922955,
                "Name": "PR_Bridge",
                "Mobility": 1,
                "IsTopParent": false,
                "Enabled": true,
                "LocalTransform": [
                    -1.0,
                    -5.642599489874556e-7,
                    0.0,
                    -6.75762939453125,
                    -5.642599489874556e-7,
                    1.0,
                    -5.642599489874556e-7,
                    -1.6486222743988037,
                    3.1838927653203564e-13,
                    -5.642599489874556e-7,
                    -1.0,
                    -17.335084915161133,
                    0.0,
                    0.0,
                    0.0,
                    1.0
                ],
                "Components": [
                    {
                        "UID": 15909186650507693410,
                        "Type": 1,
                        "Enabled": true,
                        "Name": "Mesh",
                        "Mesh": 1142776918948507,
                        "Material": 1300000000000000
                    }
                ],
                "Children": []
            },
            {
                "UID": 9618165849530209364,
                "ParentUID": 15759044370639922955,
                "Name": "PR_Cart01",
                "Mobility": 1,
                "IsTopParent": false,
                "Enabled": true,
                "LocalTransform": [
                    0.8089680671691895,
                    0.0,
                    -0.5878548622131348,
                    -16.80742645263672,
                    0.0,
                    1.0,
                    0.0,
                    0.7924613952636719,
                    0.5878548622131348,
                    0.0,
                    0.8089680671691895,
                    -6.2117109298706055,
                    0.0,
                    0.0,
                    0.0,
                    1.0
                ],
                "Components": [
                    {
                        "UID": 10458730958819728308,
                        "Type": 1,
                        "Enabled": true,
                        "Name": "Mesh",
                        "Mesh": 1127626691603631,
                        "Material": 1300000000000000
                    }
                ],
                "Children": []
            },
            {
                "UID": 8690508446966049470,
                "ParentUID": 15759044370639922955,
                "Name": "EN_HouseSmall",
                "Mobility": 1,
                "IsTopParent": false,
                "Enabled": true,
                "LocalTransform": [
                    -0.44429653882980347,
                    0.0,
                    -0.895879864692688,
                    -21.61053466796875,
                    0.0,
                    1.0,
                    0.0,
                    3.029256820678711,
                    0.895879864692688,
                    0.0,
                    -0.44429653882980347,
                    -11.627925872802734,
                    0.0,
                    0.0,
                    0.0,
                    1.0
                ],
                "Components": [
                    {
                        "UID": 4686639541996561368,
                        "Type": 1,
                        "Enabled": true,
                        "Name": "Mesh",
                        "Mesh": 1177469966768696,
                        "Material": 1300000000000000
                    }
                ],
                "Children": []
            },
            {
                "UID": 15575275207341114098,
                "ParentUID": 15759044370639922955,
                "Name": "SideObjects",
                "Mobility": 1,
                "IsTopParent": false,
                "Enabled": true,
                "LocalTransform": [
                    0.7539801001548767,
                    0.0,
                    -0.6568977236747742,
                    18.521648406982422,
                    0.0,
                    1.0,
                    0.0,
                    0.30415964126586914,
                    0.6568977236747742,
                    0.0,
                    0.7539801001548767,
                    5.619655609130859,
                    0.0,
                    0.0,
                    0.0,
                    1.0
                ],
                "Components": [],
                "Children": [
                    17886309750623166606,
                    11252645296986111474,
                    3571519755493391047,
                    12039340786212592839,
                    18421782152378495518,
                    12347024702404615932,
                    7257106912476850397,
                    15589294538559734620
                ]
            },
            {
                "UID": 15923443686249518001,
                "ParentUID": 17838022806661196918,
                "Name": "EN_Bull_Statue_main_stand",
                "Mobility": 1,
                "IsTopParent": false,
                "Enabled": true,
                "LocalTransform": [
                    0.9791477918624878,
                    -1.6330846045039746e-14,
                    0.20314852893352509,
                    0.000003814697265625,
                    -6.776263578034403e-21,
                    1.0,
                    8.03887325088147e-14,
                    -1.9076833724975586,
                    -0.20314852893352509,
                    -7.871246108246202e-14,
                    0.9791477918624878,
                    -0.08429336547851563,
                    0.0,
                    0.0,
                    0.0,
                    1.0
                ],
                "Components": [
                    {
                        "UID": 770387547586010804,
                        "Type": 1,
                        "Enabled": true,
                        "Name": "Mesh",
                        "Mesh": 1144559265209323,
                        "Material": 1300000000000000
                    }
                ],
                "Children": []
            },
            {
                "UID": 17998729794998338750,
                "ParentUID": 17701021299620322317,
                "Name": "PR_Tributes_Plate",
                "Mobility": 1,
                "IsTopParent": false,
                "Enabled": true,
                "LocalTransform": [
                    1.0,
                    0.0,
                    0.0,
                    3.3297863006591797,
                    0.0,
                    1.0,
                    0.0,
                    -0.970423698425293,
                    0.0,
                    -0.0,
                    1.0,
                    2.2105560302734375,
                    0.0,
                    0.0,
                    0.0,
                    1.0
                ],
                "Components": [
                    {
                        "UID": 487844329341677017,
                        "Type": 1,
                        "Enabled": true,
                        "Name": "Mesh",
                        "Mesh": 1141296907708177,
                        "Material": 1300000000000000
                    }
                ],
                "Children": []
            },
            {
                "UID": 14384171398724881296,
                "ParentUID": 17701021299620322317,
                "Name": "PR_Tributes_Plate",
                "Mobility": 1,
                "IsTopParent": false,
                "Enabled": true,
                "LocalTransform": [
                    1.0,
                    0.0,
                    0.0,
                    -1.826333999633789,
                    0.0,
                    1.0,
                    0.0,
                    -0.970543384552002,
                    0.0,
                    -0.0,
                    1.0,
                    3.100677490234375,
                    0.0,
                    0.0,
                    0.0,
                    1.0
                ],
                "Components": [
                    {
                        "UID": 13089431738058274575,
                        "Type": 1,
                        "Enabled": true,
                        "Name": "Mesh",
                        "Mesh": 1141296907708177,
                        "Material": 1300000000000000
                    }
                ],
                "Children": []
            },
            {
                "UID": 6204369650944727406,
                "ParentUID": 17701021299620322317,
                "Name": "PR_Tributes_Vase04",
                "Mobility": 1,
                "IsTopParent": false,
                "Enabled": true,
                "LocalTransform": [
                    1.0,
                    0.0,
                    0.0,
                    3.469850540161133,
                    0.0,
                    1.0,
                    0.0,
                    -0.9704275131225586,
                    0.0,
                    -0.0,
                    1.0,
                    0.06136322021484375,
                    0.0,
                    0.0,
                    0.0,
                    1.0
                ],
                "Components": [
                    {
                        "UID": 9042955676012578046,
                        "Type": 1,
                        "Enabled": true,
                        "Name": "Mesh",
                        "Mesh": 1131207638679204,
                        "Material": 1300000000000000
                    }
                ],
                "Children": []
            },
            {
                "UID": 6042220715633314561,
                "ParentUID": 17701021299620322317,
                "Name": "PR_Tributes_Vase02",
                "Mobility": 1,
                "IsTopParent": false,
                "Enabled": true,
                "LocalTransform": [
                    1.0,
                    0.0,
                    0.0,
                    4.266607284545898,
                    0.0,
                    1.0,
                    0.0,
                    -0.9704265594482422,
                    0.0,
                    -0.0,
                    1.0,
                    -0.12187957763671875,
                    0.0,
                    0.0,
                    0.0,
                    1.0
                ],
                "Components": [
                    {
                        "UID": 5732826090531799940,
                        "Type": 1,
                        "Enabled": true,
                        "Name": "Mesh",
                        "Mesh": 1196024935513229,
                        "Material": 1300000000000000
                    }
                ],
                "Children": []
            },
            {
                "UID": 15693992269767454980,
                "ParentUID": 17701021299620322317,
                "Name": "PR_Tributes_Vase01",
                "Mobility": 1,
                "IsTopParent": false,
                "Enabled": true,
                "LocalTransform": [
                    1.0,
                    0.0,
                    0.0,
                    3.7745532989501953,
                    0.0,
                    1.0,
                    0.0,
                    -0.9705476760864258,
                    0.0,
                    -0.0,
                    1.0,
                    -1.20623779296875,
                    0.0,
                    0.0,
                    0.0,
                    1.0
                ],
                "Components": [
                    {
                        "UID": 5239134231637498607,
                        "Type": 1,
                        "Enabled": true,
                        "Name": "Mesh",
                        "Mesh": 1102193708652659,
                        "Material": 1300000000000000
                    }
                ],
                "Children": []
            },
            {
                "UID": 9780346602475103346,
                "ParentUID": 17701021299620322317,
                "Name": "PR_Tributes_Jar03",
                "Mobility": 1,
                "IsTopParent": false,
                "Enabled": true,
                "LocalTransform": [
                    -0.4255882501602173,
                    -8.659728223392449e-7,
                    -0.9049168825149536,
                    -0.7128524780273438,
                    -5.817669261887204e-7,
                    1.0,
                    -6.833553243268398e-7,
                    -0.9677386283874512,
                    0.9049168825149536,
                    2.3562262185805594e-7,
                    -0.4255882501602173,
                    3.6187477111816406,
                    0.0,
                    0.0,
                    0.0,
                    1.0
                ],
                "Components": [
                    {
                        "UID": 772806151595190765,
                        "Type": 1,
                        "Enabled": true,
                        "Name": "Mesh",
                        "Mesh": 1198915497598565,
                        "Material": 1300000000000000
                    }
                ],
                "Children": []
            },
            {
                "UID": 4949779836472453149,
                "ParentUID": 17701021299620322317,
                "Name": "PR_Tributes_Vase03",
                "Mobility": 1,
                "IsTopParent": false,
                "Enabled": true,
                "LocalTransform": [
                    1.0,
                    0.0,
                    0.0,
                    1.693624496459961,
                    0.0,
                    1.0,
                    0.0,
                    0.17651939392089844,
                    0.0,
                    -0.0,
                    1.0,
                    1.3174057006835938,
                    0.0,
                    0.0,
                    0.0,
                    1.0
                ],
                "Components": [
                    {
                        "UID": 4321439966081762752,
                        "Type": 1,
                        "Enabled": true,
                        "Name": "Mesh",
                        "Mesh": 1102070356171652,
                        "Material": 1300000000000000
                    }
                ],
                "Children": []
            },
            {
                "UID": 2655792303308503219,
                "ParentUID": 17701021299620322317,
                "Name": "PR_FlagsHanging01",
                "Mobility": 1,
                "IsTopParent": false,
                "Enabled": true,
                "LocalTransform": [
                    0.8637052178382874,
                    0.0,
                    0.5040000677108765,
                    8.549970626831055,
                    0.0,
                    1.0,
                    0.0,
                    4.000361919403076,
                    -0.5040000677108765,
                    -0.0,
                    0.8637052178382874,
                    -5.316974639892578,
                    0.0,
                    0.0,
                    0.0,
                    1.0
                ],
                "Components": [
                    {
                        "UID": 16510196573912951962,
                        "Type": 1,
                        "Enabled": true,
                        "Name": "Mesh",
                        "Mesh": 1111408068379650,
                        "Material": 1300000000000000
                    }
                ],
                "Children": [
                    6509512730671880014,
                    8352054572754867401
                ]
            },
            {
                "UID": 11885082456500150589,
                "ParentUID": 17701021299620322317,
                "Name": "PR_FlagsHanging01",
                "Mobility": 1,
                "IsTopParent": false,
                "Enabled": true,
                "LocalTransform": [
                    0.4112563133239746,
                    0.0,
                    0.9115211963653564,
                    -3.2977771759033203,
                    0.0,
                    1.0,
                    0.0,
                    4.000239849090576,
                    -0.9115211963653564,
                    -0.0,
                    0.4112563133239746,
                    9.953750610351563,
                    0.0,
                    0.0,
                    0.0,
                    1.0
                ],
                "Components": [
                    {
                        "UID": 6212260905094272468,
                        "Type": 1,
                        "Enabled": true,
                        "Name": "Mesh",
                        "Mesh": 1111408068379650,
                        "Material": 1300000000000000
                    }
                ],
                "Children": [
                    367060838753272127,
                    3101208801955400013
                ]
            },
            {
                "UID": 4910727015722628559,
                "ParentUID": 17701021299620322317,
                "Name": "PR_FlagsHanging01",
                "Mobility": 1,
                "IsTopParent": false,
                "Enabled": true,
                "LocalTransform": [
                    -0.2921026349067688,
                    0.0,
                    0.9563871622085571,
                    2.8080005645751953,
                    0.0,
                    1.0,
                    0.0,
                    -1.4445991516113281,
                    -0.9563871622085571,
                    -0.0,
                    -0.2921026349067688,
                    10.219146728515625,
                    0.0,
                    0.0,
                    0.0,
                    1.0
                ],
                "Components": [
                    {
                        "UID": 396070591857508066,
                        "Type": 1,
                        "Enabled": true,
                        "Name": "Mesh",
                        "Mesh": 1181069273451836,
                        "Material": 1300000000000000
                    }
                ],
                "Children": []
            },
            {
                "UID": 11423673396478631249,
                "ParentUID": 1376075736873409155,
                "Name": "EN_HouseWorkspace",
                "Mobility": 1,
                "IsTopParent": false,
                "Enabled": true,
                "LocalTransform": [
                    -0.9944587349891663,
                    0.0,
                    -0.1051294133067131,
                    7.906276702880859,
                    0.0,
                    1.0,
                    0.0,
                    0.5897817611694336,
                    0.1051294133067131,
                    0.0,
                    -0.9944587349891663,
                    1.7493619918823242,
                    0.0,
                    0.0,
                    0.0,
                    1.0
                ],
                "Components": [
                    {
                        "UID": 12110757212659755860,
                        "Type": 1,
                        "Enabled": true,
                        "Name": "Mesh",
                        "Mesh": 1139404732676295,
                        "Material": 1300000000000000
                    }
                ],
                "Children": [
                    10098142152282058076,
                    5581343862226393767,
                    9993220722666519984,
                    13529717059179994678
                ]
            },
            {
                "UID": 13262973769904416746,
                "ParentUID": 1376075736873409155,
                "Name": "EN_HouseWorkspace",
                "Mobility": 1,
                "IsTopParent": false,
                "Enabled": true,
                "LocalTransform": [
                    0.12574513256549835,
                    0.0,
                    -0.9920628070831299,
                    -8.727499008178711,
                    0.0,
                    1.0,
                    0.0,
                    0.5677881240844727,
                    0.9920628070831299,
                    0.0,
                    0.12574513256549835,
                    -7.3936767578125,
                    0.0,
                    0.0,
                    0.0,
                    1.0
                ],
                "Components": [
                    {
                        "UID": 14784095961569353113,
                        "Type": 1,
                        "Enabled": true,
                        "Name": "Mesh",
                        "Mesh": 1139404732676295,
                        "Material": 1300000000000000
                    }
                ],
                "Children": [
                    13667272299560495829,
                    3197395874559487831,
                    3942647891127290101,
                    12137479965981055256
                ]
            },
            {
                "UID": 10437475370876651004,
                "ParentUID": 1376075736873409155,
                "Name": "PR_Tent01",
                "Mobility": 1,
                "IsTopParent": false,
                "Enabled": true,
                "LocalTransform": [
                    0.09862560778856277,
                    0.0,
                    0.995124876499176,
                    9.377080917358398,
                    0.0,
                    1.0,
                    0.0,
                    0.5971641540527344,
                    -0.995124876499176,
                    0.0,
                    0.09862560778856277,
                    6.915283203125,
                    0.0,
                    0.0,
                    0.0,
                    1.0
                ],
                "Components": [
                    {
                        "UID": 12642798412502074407,
                        "Type": 1,
                        "Enabled": true,
                        "Name": "Mesh",
                        "Mesh": 1164061559984864,
                        "Material": 1300000000000000
                    }
                ],
                "Children": [
                    8148508031483942485
                ]
            },
            {
                "UID": 10228709144254800777,
                "ParentUID": 1376075736873409155,
                "Name": "PR_Fish_Basket",
                "Mobility": 1,
                "IsTopParent": false,
                "Enabled": true,
                "LocalTransform": [
                    -0.028153445571660995,
                    0.0,
                    -0.9996037483215332,
                    0.5528831481933594,
                    0.0,
                    1.0,
                    0.0,
                    0.49645233154296875,
                    0.9996037483215332,
                    0.0,
                    -0.028153445571660995,
                    -4.31740140914917,
                    0.0,
                    0.0,
                    0.0,
                    1.0
                ],
                "Components": [
                    {
                        "UID": 10858118349986995147,
                        "Type": 1,
                        "Enabled": true,
                        "Name": "Mesh",
                        "Mesh": 1198185563481330,
                        "Material": 1300000000000000
                    }
                ],
                "Children": []
            },
            {
                "UID": 16420669888073424158,
                "ParentUID": 1376075736873409155,
                "Name": "EN_HouseMarket",
                "Mobility": 1,
                "IsTopParent": false,
                "Enabled": true,
                "LocalTransform": [
                    -0.8581726551055908,
                    0.0,
                    -0.5133612155914307,
                    6.231595993041992,
                    0.0,
                    1.0,
                    0.0,
                    3.744662284851074,
                    0.5133612155914307,
                    0.0,
                    -0.8581726551055908,
                    -5.12229585647583,
                    0.0,
                    0.0,
                    0.0,
                    1.0
                ],
                "Components": [
                    {
                        "UID": 624698207373570873,
                        "Type": 1,
                        "Enabled": true,
                        "Name": "Mesh",
                        "Mesh": 1195131977377306,
                        "Material": 1300000000000000
                    }
                ],
                "Children": [
                    3561559607830591619
                ]
            },
            {
                "UID": 9316979250436048927,
                "ParentUID": 1376075736873409155,
                "Name": "PR_Cart01",
                "Mobility": 1,
                "IsTopParent": false,
                "Enabled": true,
                "LocalTransform": [
                    0.48142680525779724,
                    0.0,
                    0.8764877915382385,
                    -5.544145584106445,
                    0.0,
                    1.0,
                    0.0,
                    0.8455948829650879,
                    -0.8764877915382385,
                    0.0,
                    0.48142680525779724,
                    -3.921846389770508,
                    0.0,
                    0.0,
                    0.0,
                    1.0
                ],
                "Components": [
                    {
                        "UID": 3130448876414379698,
                        "Type": 1,
                        "Enabled": true,
                        "Name": "Mesh",
                        "Mesh": 1127626691603631,
                        "Material": 1300000000000000
                    }
                ],
                "Children": [
                    5830602794954619437,
                    2249292442675834075
                ]
            },
            {
                "UID": 3134450579491140581,
                "ParentUID": 1376075736873409155,
                "Name": "PR_Crate01",
                "Mobility": 1,
                "IsTopParent": false,
                "Enabled": true,
                "LocalTransform": [
                    -0.028153445571660995,
                    0.0,
                    -0.9996037483215332,
                    1.2745513916015625,
                    0.0,
                    1.0,
                    0.0,
                    0.4963264465332031,
                    0.9996037483215332,
                    0.0,
                    -0.028153445571660995,
                    -4.207102298736572,
                    0.0,
                    0.0,
                    0.0,
                    1.0
                ],
                "Components": [
                    {
                        "UID": 7831501540089435975,
                        "Type": 1,
                        "Enabled": true,
                        "Name": "Mesh",
                        "Mesh": 1190572980779485,
                        "Material": 1300000000000000
                    }
                ],
                "Children": []
            },
            {
                "UID": 13044946494483919128,
                "ParentUID": 1376075736873409155,
                "Name": "EN_HouseCity_Hall",
                "Mobility": 1,
                "IsTopParent": false,
                "Enabled": true,
                "LocalTransform": [
                    -0.04524243623018265,
                    0.0,
                    -0.9989761710166931,
                    -2.013090133666992,
                    0.0,
                    1.0,
                    0.0,
                    0.39732885360717773,
                    0.9989761710166931,
                    0.0,
                    -0.04524243623018265,
                    -6.873192310333252,
                    0.0,
                    0.0,
                    0.0,
                    1.0
                ],
                "Components": [
                    {
                        "UID": 15676788379130852439,
                        "Type": 1,
                        "Enabled": true,
                        "Name": "Mesh",
                        "Mesh": 1154196477686357,
                        "Material": 1300000000000000
                    }
                ],
                "Children": [
                    7539481447441305925
                ]
            },
            {
                "UID": 17886309750623166606,
                "ParentUID": 15575275207341114098,
                "Name": "PR_Crate",
                "Mobility": 1,
                "IsTopParent": false,
                "Enabled": true,
                "LocalTransform": [
                    0.6354098916053772,
                    0.0,
                    -0.7721748352050781,
                    -1.6091909408569336,
                    0.0,
                    1.0,
                    0.0,
                    0.880704402923584,
                    0.7721748948097229,
                    0.0,
                    0.6354098916053772,
                    -2.1668224334716797,
                    0.0,
                    0.0,
                    0.0,
                    1.0
                ],
                "Components": [
                    {
                        "UID": 13625704330961670952,
                        "Type": 1,
                        "Enabled": true,
                        "Name": "Mesh",
                        "Mesh": 1190572980779485,
                        "Material": 1300000000000000
                    }
                ],
                "Children": []
            },
            {
                "UID": 11252645296986111474,
                "ParentUID": 15575275207341114098,
                "Name": "PR_Crate",
                "Mobility": 1,
                "IsTopParent": false,
                "Enabled": true,
                "LocalTransform": [
                    1.0,
                    0.0,
                    0.0,
                    -1.6091909408569336,
                    0.0,
                    1.0,
                    0.0,
                    0.1961665153503418,
                    2.9802322387695313e-8,
                    0.0,
                    1.0,
                    -2.1668224334716797,
                    0.0,
                    0.0,
                    0.0,
                    1.0
                ],
                "Components": [
                    {
                        "UID": 11256736938135914338,
                        "Type": 1,
                        "Enabled": true,
                        "Name": "Mesh",
                        "Mesh": 1140549394135412,
                        "Material": 1300000000000000
                    }
                ],
                "Children": []
            },
            {
                "UID": 3571519755493391047,
                "ParentUID": 15575275207341114098,
                "Name": "PR_Crate",
                "Mobility": 1,
                "IsTopParent": false,
                "Enabled": true,
                "LocalTransform": [
                    0.5996954441070557,
                    0.0,
                    -0.8002283573150635,
                    -0.4261903762817383,
                    0.0,
                    1.0,
                    0.0,
                    0.19149494171142578,
                    0.8002284169197083,
                    0.0,
                    0.5996954441070557,
                    -1.9273433685302734,
                    0.0,
                    0.0,
                    0.0,
                    1.0
                ],
                "Components": [
                    {
                        "UID": 6862898085977135130,
                        "Type": 1,
                        "Enabled": true,
                        "Name": "Mesh",
                        "Mesh": 1124274426101180,
                        "Material": 1300000000000000
                    }
                ],
                "Children": []
            },
            {
                "UID": 12039340786212592839,
                "ParentUID": 15575275207341114098,
                "Name": "PR_Hanging_Clothes",
                "Mobility": 1,
                "IsTopParent": false,
                "Enabled": true,
                "LocalTransform": [
                    0.7564877867698669,
                    0.0,
                    -0.6540073156356812,
                    -1.9323129653930664,
                    0.0,
                    1.0,
                    0.0,
                    0.14040184020996094,
                    0.6540073752403259,
                    0.0,
                    0.7564877867698669,
                    1.9355220794677734,
                    0.0,
                    0.0,
                    0.0,
                    1.0
                ],
                "Components": [
                    {
                        "UID": 7332972292785154586,
                        "Type": 1,
                        "Enabled": true,
                        "Name": "Mesh",
                        "Mesh": 1190273354435045,
                        "Material": 1300000000000000
                    }
                ],
                "Children": []
            },
            {
                "UID": 18421782152378495518,
                "ParentUID": 15575275207341114098,
                "Name": "PR_Barrel",
                "Mobility": 1,
                "IsTopParent": false,
                "Enabled": true,
                "LocalTransform": [
                    -0.276705801486969,
                    0.0,
                    0.9609543681144714,
                    0.9543285369873047,
                    0.0,
                    1.0,
                    0.0,
                    0.8220586776733398,
                    -0.9609544277191162,
                    0.0,
                    -0.2767057716846466,
                    1.8233165740966797,
                    0.0,
                    0.0,
                    0.0,
                    1.0
                ],
                "Components": [
                    {
                        "UID": 7896561350553100345,
                        "Type": 1,
                        "Enabled": true,
                        "Name": "Mesh",
                        "Mesh": 1177157971470292,
                        "Material": 1300000000000000
                    }
                ],
