{
    "Prefab": {
        "UID": 1609905670442352,
        "Name": "Prefab_Temple-START(3)",
        "GameObjects": [
            {
                "UID": 1805140720730312423,
                "ParentUID": 8823869308913623498,
                "Name": "Prefab_Temple-START",
                "Mobility": 1,
                "IsTopParent": false,
                "Enabled": true,
                "PrefabUID": 1609905670442352,
                "LocalTransform": [
                    0.9975800514221191,
                    0.0,
                    0.0695316344499588,
                    12.13818359375,
                    0.0,
                    1.0,
                    0.0,
                    6.548933982849121,
                    -0.0695316344499588,
                    0.0,
                    0.9975800514221191,
                    -37.837554931640625,
                    0.0,
                    0.0,
                    0.0,
                    1.0
                ],
                "Components": [],
                "Children": [
                    14691247837780335417,
                    1254207070847350395,
                    15084840012944557380,
                    7422071798547884865,
                    14713186422494093304,
                    955283367789017917,
                    15228167190227943647,
                    1434458732056305985,
                    7635389853755112245,
                    2236964634436727223,
                    5182223776976832581,
                    4772778521761937266,
                    16924590965808333839,
                    9974547396819308010,
                    1919299168412947292,
                    18429654053091692578,
                    16671674109053290504,
                    1269696159404349125,
                    688573283443845312,
                    9168081771052952647,
                    14230190536987420701,
                    13736226497308512919,
                    14430915200347708913,
                    5116902278503819614
                ]
            },
            {
                "UID": 14691247837780335417,
                "ParentUID": 1805140720730312423,
                "Name": "EN_Temple_Arch_Small",
                "Mobility": 1,
                "IsTopParent": false,
                "Enabled": true,
                "LocalTransform": [
                    -0.16188403964042664,
                    0.0,
                    -0.9868097901344299,
                    -0.9379367828369141,
                    0.0,
                    1.0,
                    0.0,
                    -2.6045455932617188,
                    0.9868098497390747,
                    0.0,
                    -0.16188402473926544,
                    17.29228401184082,
                    0.0,
                    0.0,
                    0.0,
                    1.0
                ],
                "Components": [
                    {
                        "UID": 12507521517405191664,
                        "Type": 1,
                        "Enabled": true,
                        "Name": "Mesh",
                        "Mesh": 1100859818904344,
                        "Material": 1300000000000000
                    }
                ],
                "Children": []
            },
            {
                "UID": 1254207070847350395,
                "ParentUID": 1805140720730312423,
                "Name": "EN_Temple_Arch_Small",
                "Mobility": 1,
                "IsTopParent": false,
                "Enabled": true,
                "LocalTransform": [
                    0.8415609002113342,
                    0.0,
                    0.5401623249053955,
                    -11.482206344604492,
                    0.0,
                    1.0,
                    0.0,
                    -2.604548454284668,
                    -0.5401623249053955,
                    0.0,
                    0.841560959815979,
                    13.350981712341309,
                    0.0,
                    0.0,
                    0.0,
                    1.0
                ],
                "Components": [
                    {
                        "UID": 10293496700918370349,
                        "Type": 1,
                        "Enabled": true,
                        "Name": "Mesh",
                        "Mesh": 1100859818904344,
                        "Material": 1300000000000000
                    }
                ],
                "Children": []
            },
            {
                "UID": 15084840012944557380,
                "ParentUID": 1805140720730312423,
                "Name": "EN_Temple_Arch_Small_Steps",
                "Mobility": 1,
                "IsTopParent": false,
                "Enabled": true,
                "LocalTransform": [
                    -0.25927984714508057,
                    7.763960915146972e-14,
                    -0.9658025503158569,
                    9.293291091918945,
                    -6.776267617002237e-21,
                    1.0000001192092896,
                    8.038877994265975e-14,
                    -2.4811320304870605,
                    0.9658026099205017,
                    2.0843178596377694e-14,
                    -0.25927984714508057,
                    32.640113830566406,
                    0.0,
                    0.0,
                    0.0,
                    1.0
                ],
                "Components": [
                    {
                        "UID": 7266494312671522095,
                        "Type": 1,
                        "Enabled": true,
                        "Name": "Mesh",
                        "Mesh": 1165663271744053,
                        "Material": 1300000000000000
                    }
                ],
                "Children": []
            },
            {
                "UID": 7422071798547884865,
                "ParentUID": 1805140720730312423,
                "Name": "EN_Temple_Arch_Entrance",
                "Mobility": 1,
                "IsTopParent": false,
                "Enabled": true,
                "LocalTransform": [
                    0.9658022522926331,
                    0.0,
                    -0.2592799663543701,
                    -5.455052375793457,
                    0.0,
                    1.0,
                    0.0,
                    -2.604548454284668,
                    0.2592799663543701,
                    0.0,
                    0.9658023118972778,
                    13.702095985412598,
                    0.0,
                    0.0,
                    0.0,
                    1.0
                ],
                "Components": [
                    {
                        "UID": 5847700044119609784,
                        "Type": 1,
                        "Enabled": true,
                        "Name": "Mesh",
                        "Mesh": 1115862127310531,
                        "Material": 1300000000000000
                    }
                ],
                "Children": []
            },
            {
                "UID": 14713186422494093304,
                "ParentUID": 1805140720730312423,
                "Name": "EN_Temple_Floor_Start",
                "Mobility": 1,
                "IsTopParent": false,
                "Enabled": true,
                "LocalTransform": [
                    1.0,
                    0.0,
                    -2.9802322387695313e-8,
                    0.0,
                    0.0,
                    1.0,
                    0.0,
                    0.0,
                    2.9802322387695313e-8,
                    0.0,
                    1.0000001192092896,
                    0.0,
                    0.0,
                    0.0,
                    0.0,
                    1.0
                ],
                "Components": [
                    {
                        "UID": 13150335365852384322,
                        "Type": 1,
                        "Enabled": true,
                        "Name": "Mesh",
                        "Mesh": 1119018079912532,
                        "Material": 1300000000000000
                    }
                ],
                "Children": []
            },
            {
                "UID": 955283367789017917,
                "ParentUID": 1805140720730312423,
                "Name": "EN_Temple_Start_Side_Ramp",
                "Mobility": 1,
                "IsTopParent": false,
                "Enabled": true,
                "LocalTransform": [
                    0.8191484808921814,
                    0.0,
                    -0.5735825896263123,
                    7.058530807495117,
                    0.0,
                    1.0,
                    0.0,
                    -3.4929027557373047,
                    0.5735825896263123,
                    0.0,
                    0.8191485404968262,
                    5.630199432373047,
                    0.0,
                    0.0,
                    0.0,
                    1.0
                ],
                "Components": [
                    {
                        "UID": 6413482525701181408,
                        "Type": 1,
                        "Enabled": true,
                        "Name": "Mesh",
                        "Mesh": 1188479442978804,
                        "Material": 1300000000000000
                    }
                ],
                "Children": []
            },
            {
                "UID": 15228167190227943647,
                "ParentUID": 1805140720730312423,
                "Name": "EN_TreeOfLife",
                "Mobility": 1,
                "IsTopParent": false,
                "Enabled": true,
                "LocalTransform": [
                    -0.16313809156417847,
                    -9.681145911599742e-7,
                    1.9933357238769531,
                    1.361886978149414,
                    -0.0000017817192201619036,
                    2.0,
                    8.255328793893568e-7,
                    0.07413721084594727,
                    -1.9933357238769531,
                    -0.0000017084439605241641,
                    -0.16313815116882324,
                    -2.7326126098632813,
                    0.0,
                    0.0,
                    0.0,
                    1.0
                ],
                "Components": [
                    {
                        "UID": 17667171001253972326,
                        "Type": 1,
                        "Enabled": true,
                        "Name": "Mesh",
                        "Mesh": 1199517256288500,
                        "Material": 1300000000000000
                    }
                ],
                "Children": []
            },
            {
                "UID": 1434458732056305985,
                "ParentUID": 1805140720730312423,
                "Name": "EN_Temple_Bottom_Arch_Big",
                "Mobility": 1,
                "IsTopParent": false,
                "Enabled": true,
                "LocalTransform": [
                    0.9975795149803162,
                    0.0,
                    -0.06953168660402298,
                    31.6781005859375,
                    0.0,
                    1.0,
                    0.0,
                    -2.6481881141662598,
                    0.06953159719705582,
                    0.0,
                    0.9975809454917908,
                    49.46125030517578,
                    0.0,
                    0.0,
                    0.0,
                    1.0
                ],
                "Components": [
                    {
                        "UID": 8821674484917962691,
                        "Type": 1,
                        "Enabled": true,
                        "Name": "Mesh",
                        "Mesh": 1150608406659360,
                        "Material": 1300000000000000
                    }
                ],
                "Children": []
            },
            {
                "UID": 7635389853755112245,
                "ParentUID": 1805140720730312423,
                "Name": "EN_Temple_Bottom_Arch_Big",
                "Mobility": 1,
                "IsTopParent": false,
                "Enabled": true,
                "LocalTransform": [
                    0.9975795149803162,
                    0.0,
                    -0.06953168660402298,
                    21.860538482666016,
                    0.0,
                    1.0,
                    0.0,
                    -2.6481881141662598,
                    0.06953159719705582,
                    0.0,
                    0.9975809454917908,
                    48.77696228027344,
                    0.0,
                    0.0,
                    0.0,
                    1.0
                ],
                "Components": [
                    {
                        "UID": 17096373067621915660,
                        "Type": 1,
                        "Enabled": true,
                        "Name": "Mesh",
                        "Mesh": 1150608406659360,
                        "Material": 1300000000000000
                    }
                ],
                "Children": []
            },
            {
                "UID": 2236964634436727223,
                "ParentUID": 1805140720730312423,
                "Name": "EN_Temple_Arch_Entrance",
                "Mobility": 1,
                "IsTopParent": false,
                "Enabled": true,
                "LocalTransform": [
                    -0.06953171640634537,
                    0.0,
                    -0.9975808262825012,
                    41.87067794799805,
                    0.0,
                    1.0,
                    0.0,
                    -2.6132874488830566,
                    0.9975796341896057,
                    0.0,
                    -0.06953180581331253,
                    47.79167556762695,
                    0.0,
                    0.0,
                    0.0,
                    1.0
                ],
                "Components": [
                    {
                        "UID": 9438292624024080266,
                        "Type": 1,
                        "Enabled": true,
                        "Name": "Mesh",
                        "Mesh": 1115862127310531,
                        "Material": 1300000000000000
                    }
                ],
                "Children": []
            },
            {
                "UID": 5182223776976832581,
                "ParentUID": 1805140720730312423,
                "Name": "EN_Temple_Arch_Weapon",
                "Mobility": 1,
                "IsTopParent": false,
                "Enabled": true,
                "LocalTransform": [
                    -0.06953171640634537,
                    0.0,
                    -0.9975808262825012,
                    54.30243682861328,
                    0.0,
                    1.0,
                    0.0,
                    -2.5650548934936523,
                    0.9975796341896057,
                    0.0,
                    -0.06953180581331253,
                    51.590049743652344,
                    0.0,
                    0.0,
                    0.0,
                    1.0
                ],
                "Components": [
                    {
                        "UID": 1053970993706662056,
                        "Type": 1,
                        "Enabled": true,
                        "Name": "Mesh",
                        "Mesh": 1190656332208667,
                        "Material": 1300000000000000
                    }
                ],
                "Children": []
            },
            {
                "UID": 4772778521761937266,
                "ParentUID": 1805140720730312423,
                "Name": "EN_Temple_SpecialWall_FarmBull",
                "Mobility": 1,
                "IsTopParent": false,
                "Enabled": true,
                "LocalTransform": [
                    0.9975799918174744,
                    0.0,
                    -0.06953179091215134,
                    32.9166259765625,
                    0.0,
                    1.0,
                    0.0,
                    1.5372629165649414,
                    0.0695316344499588,
                    0.0,
                    0.9975823760032654,
                    18.300973892211914,
                    0.0,
                    0.0,
                    0.0,
                    1.0
                ],
                "Components": [
                    {
                        "UID": 1537273497603941613,
                        "Type": 1,
                        "Enabled": true,
                        "Name": "Mesh",
                        "Mesh": 1140897651546314,
                        "Material": 1300000000000000
                    }
                ],
                "Children": []
            },
            {
                "UID": 16924590965808333839,
                "ParentUID": 1805140720730312423,
                "Name": "EN_Temple_SpecialWall_WarBull",
                "Mobility": 1,
                "IsTopParent": false,
                "Enabled": true,
                "LocalTransform": [
                    0.9975799918174744,
                    0.0,
                    -0.06953179091215134,
                    25.861671447753906,
                    0.0,
                    1.0,
                    0.0,
                    1.5372629165649414,
                    0.0695316344499588,
                    0.0,
                    0.9975823760032654,
                    17.809240341186523,
                    0.0,
                    0.0,
                    0.0,
                    1.0
                ],
                "Components": [
                    {
                        "UID": 10132047324039990039,
                        "Type": 1,
                        "Enabled": true,
                        "Name": "Mesh",
                        "Mesh": 1107529095381266,
                        "Material": 1300000000000000
                    }
                ],
                "Children": []
            },
            {
                "UID": 9974547396819308010,
                "ParentUID": 1805140720730312423,
                "Name": "EN_Wall_CornerDeco",
                "Mobility": 1,
                "IsTopParent": false,
                "Enabled": true,
                "LocalTransform": [
                    0.9975799918174744,
                    0.0,
                    -0.06953179091215134,
                    36.48011016845703,
                    0.0,
                    1.0,
                    0.0,
                    -2.7199740409851074,
                    0.0695316344499588,
                    0.0,
                    0.9975823760032654,
                    29.540868759155273,
                    0.0,
                    0.0,
                    0.0,
                    1.0
                ],
                "Components": [
                    {
                        "UID": 10444769967087621017,
                        "Type": 1,
                        "Enabled": true,
                        "Name": "Mesh",
                        "Mesh": 1105364653753989,
                        "Material": 1300000000000000
                    }
                ],
                "Children": []
            },
            {
                "UID": 1919299168412947292,
                "ParentUID": 1805140720730312423,
                "Name": "EN_Temple_Pilar_Small",
                "Mobility": 1,
                "IsTopParent": false,
                "Enabled": true,
                "LocalTransform": [
                    0.9975799918174744,
                    0.0,
                    -0.06953179091215134,
                    54.79424285888672,
                    0.0,
                    1.0,
                    0.0,
                    -2.267561912536621,
                    0.0695316344499588,
                    0.0,
                    0.9975823760032654,
                    48.637088775634766,
                    0.0,
                    0.0,
                    0.0,
                    1.0
                ],
                "Components": [
                    {
                        "UID": 17009157962061670011,
                        "Type": 1,
                        "Enabled": true,
                        "Name": "Mesh",
                        "Mesh": 1128623454016822,
                        "Material": 1300000000000000
                    }
                ],
                "Children": []
            },
            {
                "UID": 18429654053091692578,
                "ParentUID": 1805140720730312423,
                "Name": "EN_Temple_Bottom_Arch_Big_Slinde",
                "Mobility": 1,
                "IsTopParent": false,
                "Enabled": true,
                "LocalTransform": [
                    0.9975795149803162,
                    0.0,
                    -0.06953168660402298,
                    40.87484359741211,
                    0.0,
                    1.0,
                    0.0,
                    -2.648188829421997,
                    0.06953159719705582,
                    0.0,
                    0.9975809454917908,
                    50.13134765625,
                    0.0,
                    0.0,
                    0.0,
                    1.0
                ],
                "Components": [
                    {
                        "UID": 13156895270228271121,
                        "Type": 1,
                        "Enabled": true,
                        "Name": "Mesh",
                        "Mesh": 1170811961051167,
                        "Material": 1300000000000000
                    }
                ],
                "Children": []
            },
            {
                "UID": 16671674109053290504,
                "ParentUID": 1805140720730312423,
                "Name": "EN_Temple_Pilar_Small",
                "Mobility": 1,
                "IsTopParent": false,
                "Enabled": true,
                "LocalTransform": [
                    0.9975799918174744,
                    0.0,
                    -0.06953179091215134,
                    54.45506286621094,
                    0.0,
                    1.0,
                    0.0,
                    -2.267561912536621,
                    0.0695316344499588,
                    0.0,
                    0.9975823760032654,
                    53.50333786010742,
                    0.0,
                    0.0,
                    0.0,
                    1.0
                ],
                "Components": [
                    {
                        "UID": 6870777412809161683,
                        "Type": 1,
                        "Enabled": true,
                        "Name": "Mesh",
                        "Mesh": 1128623454016822,
                        "Material": 1300000000000000
                    }
                ],
                "Children": []
            },
            {
                "UID": 1269696159404349125,
                "ParentUID": 1805140720730312423,
                "Name": "EN_Temple_Pilar_Big",
                "Mobility": 1,
                "IsTopParent": false,
                "Enabled": true,
                "LocalTransform": [
                    1.0000003576278687,
                    0.0,
                    -0.0000014528632164001465,
                    89.43451690673828,
                    0.0,
                    1.0,
                    0.0,
                    7.476829528808594,
                    0.0000030547380447387695,
                    0.0,
                    1.0000026226043701,
                    25.1408634185791,
                    0.0,
                    0.0,
                    0.0,
                    1.0
                ],
                "Components": [
                    {
                        "UID": 9113761215063859997,
                        "Type": 1,
                        "Enabled": true,
                        "Name": "Mesh",
                        "Mesh": 1110707304496012,
                        "Material": 1300000000000000
                    }
                ],
                "Children": []
            },
            {
                "UID": 688573283443845312,
                "ParentUID": 1805140720730312423,
                "Name": "EN_Temple_Pilar_Big",
                "Mobility": 1,
                "IsTopParent": false,
                "Enabled": true,
                "LocalTransform": [
                    1.0000003576278687,
                    0.0,
                    -0.0000014528632164001465,
                    89.43462371826172,
                    0.0,
                    1.0,
                    0.0,
                    7.476829528808594,
                    0.0000030547380447387695,
                    0.0,
                    1.0000026226043701,
                    18.378803253173828,
                    0.0,
                    0.0,
                    0.0,
                    1.0
                ],
                "Components": [
                    {
                        "UID": 16923049382567592639,
                        "Type": 1,
                        "Enabled": true,
                        "Name": "Mesh",
                        "Mesh": 1110707304496012,
                        "Material": 1300000000000000
                    }
                ],
                "Children": []
            },
            {
                "UID": 9168081771052952647,
                "ParentUID": 1805140720730312423,
                "Name": "EN_TreeOfLife",
                "Mobility": 1,
                "IsTopParent": true,
                "Enabled": true,
                "LocalTransform": [
                    0.9975793957710266,
                    0.0,
                    -0.06953158974647522,
                    74.37799835205078,
                    0.0,
                    1.0,
                    0.0,
                    3.260186195373535,
                    0.06953158974647522,
                    0.0,
                    0.9975795149803162,
                    24.798542022705078,
                    0.0,
                    0.0,
                    0.0,
                    1.0
                ],
                "Components": [
                    {
                        "UID": 16014458271663361422,
                        "Type": 1,
                        "Enabled": true,
                        "Name": "Mesh",
                        "Mesh": 1199517256288500,
                        "Material": 1300000000000000
                    }
                ],
                "Children": []
            },
            {
                "UID": 14230190536987420701,
                "ParentUID": 1805140720730312423,
                "Name": "EN_Stairs_Steps",
                "Mobility": 1,
                "IsTopParent": true,
                "Enabled": true,
                "LocalTransform": [
                    0.9975793957710266,
                    0.0,
                    -0.06953158974647522,
                    69.67578125,
                    0.0,
                    1.0,
                    0.0,
                    3.1981449127197266,
                    0.06953158974647522,
                    0.0,
                    0.9975795149803162,
                    23.27899169921875,
                    0.0,
                    0.0,
                    0.0,
                    1.0
                ],
                "Components": [
                    {
                        "UID": 6251443517564622261,
                        "Type": 1,
                        "Enabled": true,
                        "Name": "Mesh",
                        "Mesh": 1164769914097993,
                        "Material": 1300000000000000
                    }
                ],
                "Children": [
                    8991643711778908304,
                    4518582499931777219
                ]
            },
            {
                "UID": 13736226497308512919,
                "ParentUID": 1805140720730312423,
                "Name": "EN_Stairs_Steps",
                "Mobility": 1,
                "IsTopParent": true,
                "Enabled": true,
                "LocalTransform": [
                    -0.06953170895576477,
                    0.0,
                    -0.9975793957710266,
                    61.580963134765625,
                    0.0,
                    1.0,
                    0.0,
                    0.05731630325317383,
                    0.9975795149803162,
                    0.0,
                    -0.06953170895576477,
                    26.057876586914063,
                    0.0,
                    0.0,
                    0.0,
                    1.0
                ],
                "Components": [
                    {
                        "UID": 13946631563987052895,
                        "Type": 1,
                        "Enabled": true,
                        "Name": "Mesh",
                        "Mesh": 1164769914097993,
                        "Material": 1300000000000000
                    }
                ],
                "Children": [
                    5303060775135149457,
                    171619075097253631
                ]
            },
            {
                "UID": 14430915200347708913,
                "ParentUID": 1805140720730312423,
                "Name": "EN_Temple_Floor_Exit",
                "Mobility": 1,
                "IsTopParent": false,
                "Enabled": true,
                "LocalTransform": [
                    1.0000003576278687,
                    0.0,
                    -0.0000014528632164001465,
                    91.93302917480469,
                    0.0,
                    1.0,
                    0.0,
                    6.775045394897461,
                    0.0000030547380447387695,
                    0.0,
                    1.0000026226043701,
                    20.37036895751953,
                    0.0,
                    0.0,
                    0.0,
                    1.0
                ],
                "Components": [
                    {
                        "UID": 1023239214270658292,
                        "Type": 1,
                        "Enabled": true,
                        "Name": "Mesh",
                        "Mesh": 1169354499316148,
                        "Material": 1300000000000000
                    }
                ],
                "Children": []
            },
            {
                "UID": 5116902278503819614,
                "ParentUID": 1805140720730312423,
                "Name": "BlockoutTutorial",
                "Mobility": 1,
                "IsTopParent": false,
                "Enabled": true,
                "LocalTransform": [
                    0.9996535778045654,
                    0.0,
                    -0.02631514146924019,
                    32.56521987915039,
                    0.0,
                    1.0,
                    0.0,
                    -6.548933982849121,
                    0.02631513401865959,
                    0.0,
                    0.999653697013855,
                    29.75739097595215,
                    0.0,
                    0.0,
                    0.0,
                    1.0
                ],
                "Components": [
                    {
                        "UID": 17097450851301035373,
                        "Type": 1,
                        "Enabled": true,
                        "Name": "Mesh",
                        "Mesh": 1156350485093839,
                        "Material": 1300000000000000
                    }
                ],
                "Children": []
            },
            {
                "UID": 8991643711778908304,
                "ParentUID": 14230190536987420701,
                "Name": "EN_Stairs_Steps",
                "Mobility": 1,
                "IsTopParent": true,
                "Enabled": true,
                "LocalTransform": [
                    1.0,
                    0.0,
                    0.0,
                    -1.8887405395507813,
                    0.0,
                    1.0,
                    0.0,
                    0.0,
                    0.0,
                    0.0,
                    1.0,
                    0.0,
                    0.0,
                    0.0,
                    0.0,
                    1.0
                ],
                "Components": [
                    {
                        "UID": 1806789864580635675,
                        "Type": 1,
                        "Enabled": true,
                        "Name": "Mesh",
                        "Mesh": 1164769914097993,
                        "Material": 1300000000000000
                    }
                ],
                "Children": []
            },
            {
                "UID": 4518582499931777219,
                "ParentUID": 14230190536987420701,
                "Name": "EN_Stairs_Steps",
                "Mobility": 1,
                "IsTopParent": true,
                "Enabled": true,
                "LocalTransform": [
                    1.0,
                    0.0,
                    0.0,
                    0.0,
                    0.0,
                    1.0,
                    0.0,
                    1.5921449661254883,
                    0.0,
                    0.0,
                    1.0,
                    -2.923076629638672,
                    0.0,
                    0.0,
                    0.0,
                    1.0
                ],
                "Components": [
                    {
                        "UID": 1965592120010527798,
                        "Type": 1,
                        "Enabled": true,
                        "Name": "Mesh",
                        "Mesh": 1164769914097993,
                        "Material": 1300000000000000
                    }
                ],
                "Children": [
                    3256753190277210761
                ]
            },
            {
                "UID": 5303060775135149457,
                "ParentUID": 13736226497308512919,
                "Name": "EN_Stairs_Steps",
                "Mobility": 1,
                "IsTopParent": true,
                "Enabled": true,
                "LocalTransform": [
                    1.0,
                    0.0,
                    0.0,
                    -1.8887405395507813,
                    0.0,
                    1.0,
                    0.0,
                    0.0,
                    0.0,
                    0.0,
                    1.0,
                    0.0,
                    0.0,
                    0.0,
                    0.0,
                    1.0
                ],
                "Components": [
                    {
                        "UID": 1642453514212174228,
                        "Type": 1,
                        "Enabled": true,
                        "Name": "Mesh",
                        "Mesh": 1164769914097993,
                        "Material": 1300000000000000
                    }
                ],
                "Children": []
            },
            {
                "UID": 171619075097253631,
                "ParentUID": 13736226497308512919,
                "Name": "EN_Stairs_Steps",
                "Mobility": 1,
                "IsTopParent": true,
                "Enabled": true,
                "LocalTransform": [
                    1.0,
                    0.0,
                    0.0,
                    0.0,
                    0.0,
                    1.0,
                    0.0,
                    1.5921454429626465,
                    0.0,
                    0.0,
                    1.0,
                    -2.947235107421875,
                    0.0,
                    0.0,
                    0.0,
                    1.0
                ],
                "Components": [
                    {
                        "UID": 1588982361904213649,
                        "Type": 1,
                        "Enabled": true,
                        "Name": "Mesh",
                        "Mesh": 1164769914097993,
                        "Material": 1300000000000000
                    }
                ],
                "Children": [
                    2600637191580970187
                ]
            },
            {
                "UID": 3256753190277210761,
                "ParentUID": 4518582499931777219,
                "Name": "EN_Stairs_Steps",
                "Mobility": 1,
                "IsTopParent": true,
                "Enabled": true,
                "LocalTransform": [
                    1.0,
                    0.0,
                    0.0,
                    -1.8887405395507813,
                    0.0,
                    1.0,
                    0.0,
                    0.0,
                    0.0,
                    0.0,
                    1.0,
                    0.0,
                    0.0,
                    0.0,
                    0.0,
                    1.0
                ],
                "Components": [
                    {
                        "UID": 13342710069415359168,
                        "Type": 1,
                        "Enabled": true,
                        "Name": "Mesh",
                        "Mesh": 1164769914097993,
                        "Material": 1300000000000000
                    }
                ],
                "Children": []
            },
            {
                "UID": 2600637191580970187,
                "ParentUID": 171619075097253631,
                "Name": "EN_Stairs_Steps",
                "Mobility": 1,
                "IsTopParent": true,
                "Enabled": true,
                "LocalTransform": [
                    1.0,
                    0.0,
                    0.0,
                    -1.8887405395507813,
                    0.0,
                    1.0,
                    0.0,
                    0.0,
                    0.0,
                    0.0,
                    1.0,
                    0.0,
                    0.0,
                    0.0,
                    0.0,
                    1.0
                ],
                "Components": [
                    {
                        "UID": 10895618480530541555,
                        "Type": 1,
                        "Enabled": true,
                        "Name": "Mesh",
                        "Mesh": 1164769914097993,
                        "Material": 1300000000000000
                    }
                ],
                "Children": []
            }
        ]
    }
}