{
    "Prefab": {
        "UID": 1609905670442352,
        "Name": "Prefab_Temple-START(2)",
        "GameObjects": [
            {
                "UID": 9403467141820553478,
                "ParentUID": 8823869308913623498,
                "Name": "Prefab_Temple-START",
                "Mobility": 1,
                "IsTopParent": false,
                "Enabled": true,
                "PrefabUID": 1609905670442352,
                "LocalTransform": [
                    0.9975800514221191,
                    0.0,
                    0.0695316344499588,
                    12.13818359375,
                    0.0,
                    1.0,
                    0.0,
                    6.548933982849121,
                    -0.0695316344499588,
                    0.0,
                    0.9975800514221191,
                    -37.837554931640625,
                    0.0,
                    0.0,
                    0.0,
                    1.0
                ],
                "Components": [],
                "Children": [
                    12148685111700296661,
                    13759697100215867467,
                    11959012055079401697,
                    1704021159008897955,
                    17667902342960260281,
                    4647593558945508643,
                    14448025450589447020,
                    18215307353722712882,
                    1540585787124867916,
                    10294221488398322962,
                    13627641190744990201,
                    10923742493941397223,
                    8060577527394444785,
                    4274439445807299507,
                    1079575654427375694,
                    18376008127141435815,
                    16483791163689371649,
                    1118725418455453891,
                    5014663790944587869,
                    11761938246115096147,
                    5729931682332815477,
                    6011302454284378871,
                    14937513997374033869,
                    5499080616400040059
                ]
            },
            {
                "UID": 12148685111700296661,
                "ParentUID": 9403467141820553478,
                "Name": "EN_Temple_Arch_Small",
                "Mobility": 1,
                "IsTopParent": false,
                "Enabled": true,
                "LocalTransform": [
                    -0.16188403964042664,
                    0.0,
                    -0.9868097901344299,
                    -0.9379367828369141,
                    0.0,
                    1.0,
                    0.0,
                    -2.6045455932617188,
                    0.9868098497390747,
                    0.0,
                    -0.16188402473926544,
                    17.29228401184082,
                    0.0,
                    0.0,
                    0.0,
                    1.0
                ],
                "Components": [
                    {
                        "UID": 8961729883468693420,
                        "Type": 1,
                        "Enabled": true,
                        "Name": "Mesh",
                        "Mesh": 1100859818904344,
                        "Material": 1300000000000000
                    }
                ],
                "Children": []
            },
            {
                "UID": 13759697100215867467,
                "ParentUID": 9403467141820553478,
                "Name": "EN_Temple_Arch_Small",
                "Mobility": 1,
                "IsTopParent": false,
                "Enabled": true,
                "LocalTransform": [
                    0.8415609002113342,
                    0.0,
                    0.5401623249053955,
                    -11.482206344604492,
                    0.0,
                    1.0,
                    0.0,
                    -2.604548454284668,
                    -0.5401623249053955,
                    0.0,
                    0.841560959815979,
                    13.350981712341309,
                    0.0,
                    0.0,
                    0.0,
                    1.0
                ],
                "Components": [
                    {
                        "UID": 12759934450363734898,
                        "Type": 1,
                        "Enabled": true,
                        "Name": "Mesh",
                        "Mesh": 1100859818904344,
                        "Material": 1300000000000000
                    }
                ],
                "Children": []
            },
            {
                "UID": 11959012055079401697,
                "ParentUID": 9403467141820553478,
                "Name": "EN_Temple_Arch_Small_Steps",
                "Mobility": 1,
                "IsTopParent": false,
                "Enabled": true,
                "LocalTransform": [
                    -0.25927984714508057,
                    7.763960915146972e-14,
                    -0.9658025503158569,
                    9.293291091918945,
                    -6.776267617002237e-21,
                    1.0000001192092896,
                    8.038877994265975e-14,
                    -2.4811320304870605,
                    0.9658026099205017,
                    2.0843178596377694e-14,
                    -0.25927984714508057,
                    32.640113830566406,
                    0.0,
                    0.0,
                    0.0,
                    1.0
                ],
                "Components": [
                    {
                        "UID": 8113127342743126616,
                        "Type": 1,
                        "Enabled": true,
                        "Name": "Mesh",
                        "Mesh": 1165663271744053,
                        "Material": 1300000000000000
                    }
                ],
                "Children": []
            },
            {
                "UID": 1704021159008897955,
                "ParentUID": 9403467141820553478,
                "Name": "EN_Temple_Arch_Entrance",
                "Mobility": 1,
                "IsTopParent": false,
                "Enabled": true,
                "LocalTransform": [
                    0.9658022522926331,
                    0.0,
                    -0.2592799663543701,
                    -5.455052375793457,
                    0.0,
                    1.0,
                    0.0,
                    -2.604548454284668,
                    0.2592799663543701,
                    0.0,
                    0.9658023118972778,
                    13.702095985412598,
                    0.0,
                    0.0,
                    0.0,
                    1.0
                ],
                "Components": [
                    {
                        "UID": 6855657306578804746,
                        "Type": 1,
                        "Enabled": true,
                        "Name": "Mesh",
                        "Mesh": 1115862127310531,
                        "Material": 1300000000000000
                    }
                ],
                "Children": []
            },
            {
                "UID": 17667902342960260281,
                "ParentUID": 9403467141820553478,
                "Name": "EN_Temple_Floor_Start",
                "Mobility": 1,
                "IsTopParent": false,
                "Enabled": true,
                "LocalTransform": [
                    1.0,
                    0.0,
                    -2.9802322387695313e-8,
                    0.0,
                    0.0,
                    1.0,
                    0.0,
                    0.0,
                    2.9802322387695313e-8,
                    0.0,
                    1.0000001192092896,
                    0.0,
                    0.0,
                    0.0,
                    0.0,
                    1.0
                ],
                "Components": [
                    {
                        "UID": 6931879905107635067,
                        "Type": 1,
                        "Enabled": true,
                        "Name": "Mesh",
                        "Mesh": 1119018079912532,
                        "Material": 1300000000000000
                    }
                ],
                "Children": []
            },
            {
                "UID": 4647593558945508643,
                "ParentUID": 9403467141820553478,
                "Name": "EN_Temple_Start_Side_Ramp",
                "Mobility": 1,
                "IsTopParent": false,
                "Enabled": true,
                "LocalTransform": [
                    0.8191484808921814,
                    0.0,
                    -0.5735825896263123,
                    7.058530807495117,
                    0.0,
                    1.0,
                    0.0,
                    -3.4929027557373047,
                    0.5735825896263123,
                    0.0,
                    0.8191485404968262,
                    5.630199432373047,
                    0.0,
                    0.0,
                    0.0,
                    1.0
                ],
                "Components": [
                    {
                        "UID": 2681400438714082709,
                        "Type": 1,
                        "Enabled": true,
                        "Name": "Mesh",
                        "Mesh": 1188479442978804,
                        "Material": 1300000000000000
                    }
                ],
                "Children": []
            },
            {
                "UID": 14448025450589447020,
                "ParentUID": 9403467141820553478,
                "Name": "EN_TreeOfLife",
                "Mobility": 1,
                "IsTopParent": false,
                "Enabled": true,
                "LocalTransform": [
                    -0.16313809156417847,
                    -9.681145911599742e-7,
                    1.9933357238769531,
                    1.361886978149414,
                    -0.0000017817192201619036,
                    2.0,
                    8.255328793893568e-7,
                    0.07413721084594727,
                    -1.9933357238769531,
                    -0.0000017084439605241641,
                    -0.16313815116882324,
                    -2.7326126098632813,
                    0.0,
                    0.0,
                    0.0,
                    1.0
                ],
                "Components": [
                    {
                        "UID": 14957574061790985739,
                        "Type": 1,
                        "Enabled": true,
                        "Name": "Mesh",
                        "Mesh": 1199517256288500,
                        "Material": 1300000000000000
                    }
                ],
                "Children": []
            },
            {
                "UID": 18215307353722712882,
                "ParentUID": 9403467141820553478,
                "Name": "EN_Temple_Bottom_Arch_Big",
                "Mobility": 1,
                "IsTopParent": false,
                "Enabled": true,
                "LocalTransform": [
                    0.9975795149803162,
                    0.0,
                    -0.06953168660402298,
                    31.6781005859375,
                    0.0,
                    1.0,
                    0.0,
                    -2.6481881141662598,
                    0.06953159719705582,
                    0.0,
                    0.9975809454917908,
                    49.46125030517578,
                    0.0,
                    0.0,
                    0.0,
                    1.0
                ],
                "Components": [
                    {
                        "UID": 8730699400958714540,
                        "Type": 1,
                        "Enabled": true,
                        "Name": "Mesh",
                        "Mesh": 1150608406659360,
                        "Material": 1300000000000000
                    }
                ],
                "Children": []
            },
            {
                "UID": 1540585787124867916,
                "ParentUID": 9403467141820553478,
                "Name": "EN_Temple_Bottom_Arch_Big",
                "Mobility": 1,
                "IsTopParent": false,
                "Enabled": true,
                "LocalTransform": [
                    0.9975795149803162,
                    0.0,
                    -0.06953168660402298,
                    21.860538482666016,
                    0.0,
                    1.0,
                    0.0,
                    -2.6481881141662598,
                    0.06953159719705582,
                    0.0,
                    0.9975809454917908,
                    48.77696228027344,
                    0.0,
                    0.0,
                    0.0,
                    1.0
                ],
                "Components": [
                    {
                        "UID": 13977479704563281643,
                        "Type": 1,
                        "Enabled": true,
                        "Name": "Mesh",
                        "Mesh": 1150608406659360,
                        "Material": 1300000000000000
                    }
                ],
                "Children": []
            },
            {
                "UID": 10294221488398322962,
                "ParentUID": 9403467141820553478,
                "Name": "EN_Temple_Arch_Entrance",
                "Mobility": 1,
                "IsTopParent": false,
                "Enabled": true,
                "LocalTransform": [
                    -0.06953171640634537,
                    0.0,
                    -0.9975808262825012,
                    41.87067794799805,
                    0.0,
                    1.0,
                    0.0,
                    -2.6132874488830566,
                    0.9975796341896057,
                    0.0,
                    -0.06953180581331253,
                    47.79167556762695,
                    0.0,
                    0.0,
                    0.0,
                    1.0
                ],
                "Components": [
                    {
                        "UID": 17507268812639579521,
                        "Type": 1,
                        "Enabled": true,
                        "Name": "Mesh",
                        "Mesh": 1115862127310531,
                        "Material": 1300000000000000
                    }
                ],
                "Children": []
            },
            {
                "UID": 13627641190744990201,
                "ParentUID": 9403467141820553478,
                "Name": "EN_Temple_Arch_Weapon",
                "Mobility": 1,
                "IsTopParent": false,
                "Enabled": true,
                "LocalTransform": [
                    -0.06953171640634537,
                    0.0,
                    -0.9975808262825012,
                    54.30243682861328,
                    0.0,
                    1.0,
                    0.0,
                    -2.5650548934936523,
                    0.9975796341896057,
                    0.0,
                    -0.06953180581331253,
                    51.590049743652344,
                    0.0,
                    0.0,
                    0.0,
                    1.0
                ],
                "Components": [
                    {
                        "UID": 6261439773602782908,
                        "Type": 1,
                        "Enabled": true,
                        "Name": "Mesh",
                        "Mesh": 1190656332208667,
                        "Material": 1300000000000000
                    }
                ],
                "Children": []
            },
            {
                "UID": 10923742493941397223,
                "ParentUID": 9403467141820553478,
                "Name": "EN_Temple_SpecialWall_FarmBull",
                "Mobility": 1,
                "IsTopParent": false,
                "Enabled": true,
                "LocalTransform": [
                    0.9975799918174744,
                    0.0,
                    -0.06953179091215134,
                    32.9166259765625,
                    0.0,
                    1.0,
                    0.0,
                    1.5372629165649414,
                    0.0695316344499588,
                    0.0,
                    0.9975823760032654,
                    18.300973892211914,
                    0.0,
                    0.0,
                    0.0,
                    1.0
                ],
                "Components": [
                    {
                        "UID": 4103716122134479673,
                        "Type": 1,
                        "Enabled": true,
                        "Name": "Mesh",
                        "Mesh": 1140897651546314,
                        "Material": 1300000000000000
                    }
                ],
                "Children": []
            },
            {
                "UID": 8060577527394444785,
                "ParentUID": 9403467141820553478,
                "Name": "EN_Temple_SpecialWall_WarBull",
                "Mobility": 1,
                "IsTopParent": false,
                "Enabled": true,
                "LocalTransform": [
                    0.9975799918174744,
                    0.0,
                    -0.06953179091215134,
                    25.861671447753906,
                    0.0,
                    1.0,
                    0.0,
                    1.5372629165649414,
                    0.0695316344499588,
                    0.0,
                    0.9975823760032654,
                    17.809240341186523,
                    0.0,
                    0.0,
                    0.0,
                    1.0
                ],
                "Components": [
                    {
                        "UID": 17513353969404743400,
                        "Type": 1,
                        "Enabled": true,
                        "Name": "Mesh",
                        "Mesh": 1107529095381266,
                        "Material": 1300000000000000
                    }
                ],
                "Children": []
            },
            {
                "UID": 4274439445807299507,
                "ParentUID": 9403467141820553478,
                "Name": "EN_Wall_CornerDeco",
                "Mobility": 1,
                "IsTopParent": false,
                "Enabled": true,
                "LocalTransform": [
                    0.9975799918174744,
                    0.0,
                    -0.06953179091215134,
                    36.48011016845703,
                    0.0,
                    1.0,
                    0.0,
                    -2.7199740409851074,
                    0.0695316344499588,
                    0.0,
                    0.9975823760032654,
                    29.540868759155273,
                    0.0,
                    0.0,
                    0.0,
                    1.0
                ],
                "Components": [
                    {
                        "UID": 8758761647443597211,
                        "Type": 1,
                        "Enabled": true,
                        "Name": "Mesh",
                        "Mesh": 1105364653753989,
                        "Material": 1300000000000000
                    }
                ],
                "Children": []
            },
            {
                "UID": 1079575654427375694,
                "ParentUID": 9403467141820553478,
                "Name": "EN_Temple_Pilar_Small",
                "Mobility": 1,
                "IsTopParent": false,
                "Enabled": true,
                "LocalTransform": [
                    0.9975799918174744,
                    0.0,
                    -0.06953179091215134,
                    54.79424285888672,
                    0.0,
                    1.0,
                    0.0,
                    -2.267561912536621,
                    0.0695316344499588,
                    0.0,
                    0.9975823760032654,
                    48.637088775634766,
                    0.0,
                    0.0,
                    0.0,
                    1.0
                ],
                "Components": [
                    {
                        "UID": 2773078985294990568,
                        "Type": 1,
                        "Enabled": true,
                        "Name": "Mesh",
                        "Mesh": 1128623454016822,
                        "Material": 1300000000000000
                    }
                ],
                "Children": []
            },
            {
                "UID": 18376008127141435815,
                "ParentUID": 9403467141820553478,
                "Name": "EN_Temple_Bottom_Arch_Big_Slinde",
                "Mobility": 1,
                "IsTopParent": false,
                "Enabled": true,
                "LocalTransform": [
                    0.9975795149803162,
                    0.0,
                    -0.06953168660402298,
                    40.87484359741211,
                    0.0,
                    1.0,
                    0.0,
                    -2.648188829421997,
                    0.06953159719705582,
                    0.0,
                    0.9975809454917908,
                    50.13134765625,
                    0.0,
                    0.0,
                    0.0,
                    1.0
                ],
                "Components": [
                    {
                        "UID": 14968863261382623215,
                        "Type": 1,
                        "Enabled": true,
                        "Name": "Mesh",
                        "Mesh": 1170811961051167,
                        "Material": 1300000000000000
                    }
                ],
                "Children": []
            },
            {
                "UID": 16483791163689371649,
                "ParentUID": 9403467141820553478,
                "Name": "EN_Temple_Pilar_Small",
                "Mobility": 1,
                "IsTopParent": false,
                "Enabled": true,
                "LocalTransform": [
                    0.9975799918174744,
                    0.0,
                    -0.06953179091215134,
                    54.45506286621094,
                    0.0,
                    1.0,
                    0.0,
                    -2.267561912536621,
                    0.0695316344499588,
                    0.0,
                    0.9975823760032654,
                    53.50333786010742,
                    0.0,
                    0.0,
                    0.0,
                    1.0
                ],
                "Components": [
                    {
                        "UID": 16630729049658747000,
                        "Type": 1,
                        "Enabled": true,
                        "Name": "Mesh",
                        "Mesh": 1128623454016822,
                        "Material": 1300000000000000
                    }
                ],
                "Children": []
            },
            {
                "UID": 1118725418455453891,
                "ParentUID": 9403467141820553478,
                "Name": "EN_Temple_Pilar_Big",
                "Mobility": 1,
                "IsTopParent": false,
                "Enabled": true,
                "LocalTransform": [
                    1.0000003576278687,
                    0.0,
                    -0.0000014528632164001465,
                    89.43451690673828,
                    0.0,
                    1.0,
                    0.0,
                    7.476829528808594,
                    0.0000030547380447387695,
                    0.0,
                    1.0000026226043701,
                    25.1408634185791,
                    0.0,
                    0.0,
                    0.0,
                    1.0
                ],
                "Components": [
                    {
                        "UID": 15794748003206597675,
                        "Type": 1,
                        "Enabled": true,
                        "Name": "Mesh",
                        "Mesh": 1110707304496012,
                        "Material": 1300000000000000
                    }
                ],
                "Children": []
            },
            {
                "UID": 5014663790944587869,
                "ParentUID": 9403467141820553478,
                "Name": "EN_Temple_Pilar_Big",
                "Mobility": 1,
                "IsTopParent": false,
                "Enabled": true,
                "LocalTransform": [
                    1.0000003576278687,
                    0.0,
                    -0.0000014528632164001465,
                    89.43462371826172,
                    0.0,
                    1.0,
                    0.0,
                    7.476829528808594,
                    0.0000030547380447387695,
                    0.0,
                    1.0000026226043701,
                    18.378803253173828,
                    0.0,
                    0.0,
                    0.0,
                    1.0
                ],
                "Components": [
                    {
                        "UID": 11634517480355781620,
                        "Type": 1,
                        "Enabled": true,
                        "Name": "Mesh",
                        "Mesh": 1110707304496012,
                        "Material": 1300000000000000
                    }
                ],
                "Children": []
            },
            {
                "UID": 11761938246115096147,
                "ParentUID": 9403467141820553478,
                "Name": "EN_TreeOfLife",
                "Mobility": 1,
                "IsTopParent": true,
                "Enabled": true,
                "LocalTransform": [
                    0.9975793957710266,
                    0.0,
                    -0.06953158974647522,
                    74.37799835205078,
                    0.0,
                    1.0,
                    0.0,
                    3.260186195373535,
                    0.06953158974647522,
                    0.0,
                    0.9975795149803162,
                    24.798542022705078,
                    0.0,
                    0.0,
                    0.0,
                    1.0
                ],
                "Components": [
                    {
                        "UID": 13707860432797093178,
                        "Type": 1,
                        "Enabled": true,
                        "Name": "Mesh",
                        "Mesh": 1199517256288500,
                        "Material": 1300000000000000
                    }
                ],
                "Children": []
            },
            {
                "UID": 5729931682332815477,
                "ParentUID": 9403467141820553478,
                "Name": "EN_Stairs_Steps",
                "Mobility": 1,
                "IsTopParent": true,
                "Enabled": true,
                "LocalTransform": [
                    0.9975793957710266,
                    0.0,
                    -0.06953158974647522,
                    69.67578125,
                    0.0,
                    1.0,
                    0.0,
                    3.1981449127197266,
                    0.06953158974647522,
                    0.0,
                    0.9975795149803162,
                    23.27899169921875,
                    0.0,
                    0.0,
                    0.0,
                    1.0
                ],
                "Components": [
                    {
                        "UID": 15834158183913097036,
                        "Type": 1,
                        "Enabled": true,
                        "Name": "Mesh",
                        "Mesh": 1164769914097993,
                        "Material": 1300000000000000
                    }
                ],
                "Children": [
                    11613481639386558408,
                    13308140412495789273
                ]
            },
            {
                "UID": 6011302454284378871,
                "ParentUID": 9403467141820553478,
                "Name": "EN_Stairs_Steps",
                "Mobility": 1,
                "IsTopParent": true,
                "Enabled": true,
                "LocalTransform": [
                    -0.06953170895576477,
                    0.0,
                    -0.9975793957710266,
                    61.580963134765625,
                    0.0,
                    1.0,
                    0.0,
                    0.05731630325317383,
                    0.9975795149803162,
                    0.0,
                    -0.06953170895576477,
                    26.057876586914063,
                    0.0,
                    0.0,
                    0.0,
                    1.0
                ],
                "Components": [
                    {
                        "UID": 15388148343096125118,
                        "Type": 1,
                        "Enabled": true,
                        "Name": "Mesh",
                        "Mesh": 1164769914097993,
                        "Material": 1300000000000000
                    }
                ],
                "Children": [
                    8849454264004961939,
                    5693853114518332001
                ]
            },
            {
                "UID": 14937513997374033869,
                "ParentUID": 9403467141820553478,
                "Name": "EN_Temple_Floor_Exit",
                "Mobility": 1,
                "IsTopParent": false,
                "Enabled": true,
                "LocalTransform": [
                    1.0000003576278687,
                    0.0,
                    -0.0000014528632164001465,
                    91.93302917480469,
                    0.0,
                    1.0,
                    0.0,
                    6.775045394897461,
                    0.0000030547380447387695,
                    0.0,
                    1.0000026226043701,
                    20.37036895751953,
                    0.0,
                    0.0,
                    0.0,
                    1.0
                ],
                "Components": [
                    {
                        "UID": 8563210072578721776,
                        "Type": 1,
                        "Enabled": true,
                        "Name": "Mesh",
                        "Mesh": 1169354499316148,
                        "Material": 1300000000000000
                    }
                ],
                "Children": []
            },
            {
                "UID": 5499080616400040059,
                "ParentUID": 9403467141820553478,
                "Name": "BlockoutTutorial",
                "Mobility": 1,
                "IsTopParent": false,
                "Enabled": true,
                "LocalTransform": [
                    0.9996535778045654,
                    0.0,
                    -0.02631514146924019,
                    32.56521987915039,
                    0.0,
                    1.0,
                    0.0,
                    -6.548933982849121,
                    0.02631513401865959,
                    0.0,
                    0.999653697013855,
                    29.75739097595215,
                    0.0,
                    0.0,
                    0.0,
                    1.0
                ],
                "Components": [
                    {
                        "UID": 4189784401297095214,
                        "Type": 1,
                        "Enabled": true,
                        "Name": "Mesh",
                        "Mesh": 1156350485093839,
                        "Material": 1300000000000000
                    }
                ],
                "Children": []
            },
            {
                "UID": 11613481639386558408,
                "ParentUID": 5729931682332815477,
                "Name": "EN_Stairs_Steps",
                "Mobility": 1,
                "IsTopParent": true,
                "Enabled": true,
                "LocalTransform": [
                    1.0,
                    0.0,
                    0.0,
                    -1.8887405395507813,
                    0.0,
                    1.0,
                    0.0,
                    0.0,
                    0.0,
                    0.0,
                    1.0,
                    0.0,
                    0.0,
                    0.0,
                    0.0,
                    1.0
                ],
                "Components": [
                    {
                        "UID": 17152647925539247495,
                        "Type": 1,
                        "Enabled": true,
                        "Name": "Mesh",
                        "Mesh": 1164769914097993,
                        "Material": 1300000000000000
                    }
                ],
                "Children": []
            },
            {
                "UID": 13308140412495789273,
                "ParentUID": 5729931682332815477,
                "Name": "EN_Stairs_Steps",
                "Mobility": 1,
                "IsTopParent": true,
                "Enabled": true,
                "LocalTransform": [
                    1.0,
                    0.0,
                    0.0,
                    0.0,
                    0.0,
                    1.0,
                    0.0,
                    1.5921449661254883,
                    0.0,
                    0.0,
                    1.0,
                    -2.923076629638672,
                    0.0,
                    0.0,
                    0.0,
                    1.0
                ],
                "Components": [
                    {
                        "UID": 8250509501725876881,
                        "Type": 1,
                        "Enabled": true,
                        "Name": "Mesh",
                        "Mesh": 1164769914097993,
                        "Material": 1300000000000000
                    }
                ],
                "Children": [
                    1234727055461285154
                ]
            },
            {
                "UID": 8849454264004961939,
                "ParentUID": 6011302454284378871,
                "Name": "EN_Stairs_Steps",
                "Mobility": 1,
                "IsTopParent": true,
                "Enabled": true,
                "LocalTransform": [
                    1.0,
                    0.0,
                    0.0,
                    -1.8887405395507813,
                    0.0,
                    1.0,
                    0.0,
                    0.0,
                    0.0,
                    0.0,
                    1.0,
                    0.0,
                    0.0,
                    0.0,
                    0.0,
                    1.0
                ],
                "Components": [
                    {
                        "UID": 3609150966268676998,
                        "Type": 1,
                        "Enabled": true,
                        "Name": "Mesh",
                        "Mesh": 1164769914097993,
                        "Material": 1300000000000000
                    }
                ],
                "Children": []
            },
            {
                "UID": 5693853114518332001,
                "ParentUID": 6011302454284378871,
                "Name": "EN_Stairs_Steps",
                "Mobility": 1,
                "IsTopParent": true,
                "Enabled": true,
                "LocalTransform": [
                    1.0,
                    0.0,
                    0.0,
                    0.0,
                    0.0,
                    1.0,
                    0.0,
                    1.5921454429626465,
                    0.0,
                    0.0,
                    1.0,
                    -2.947235107421875,
                    0.0,
                    0.0,
                    0.0,
                    1.0
                ],
                "Components": [
                    {
                        "UID": 18248117114970087384,
                        "Type": 1,
                        "Enabled": true,
                        "Name": "Mesh",
                        "Mesh": 1164769914097993,
                        "Material": 1300000000000000
                    }
                ],
                "Children": [
                    11146347754722166145
                ]
            },
            {
                "UID": 1234727055461285154,
                "ParentUID": 13308140412495789273,
                "Name": "EN_Stairs_Steps",
                "Mobility": 1,
                "IsTopParent": true,
                "Enabled": true,
                "LocalTransform": [
                    1.0,
                    0.0,
                    0.0,
                    -1.8887405395507813,
                    0.0,
                    1.0,
                    0.0,
                    0.0,
                    0.0,
                    0.0,
                    1.0,
                    0.0,
                    0.0,
                    0.0,
                    0.0,
                    1.0
                ],
                "Components": [
                    {
                        "UID": 3190729461858133266,
                        "Type": 1,
                        "Enabled": true,
                        "Name": "Mesh",
                        "Mesh": 1164769914097993,
                        "Material": 1300000000000000
                    }
                ],
                "Children": []
            },
            {
                "UID": 11146347754722166145,
                "ParentUID": 5693853114518332001,
                "Name": "EN_Stairs_Steps",
                "Mobility": 1,
                "IsTopParent": true,
                "Enabled": true,
                "LocalTransform": [
                    1.0,
                    0.0,
                    0.0,
                    -1.8887405395507813,
                    0.0,
                    1.0,
                    0.0,
                    0.0,
                    0.0,
                    0.0,
                    1.0,
                    0.0,
                    0.0,
                    0.0,
                    0.0,
                    1.0
                ],
                "Components": [
                    {
                        "UID": 12594548861131504121,
                        "Type": 1,
                        "Enabled": true,
                        "Name": "Mesh",
                        "Mesh": 1164769914097993,
                        "Material": 1300000000000000
                    }
                ],
                "Children": []
            }
        ]
    }
}