{
    "Prefab": {
        "UID": 1609905670442352,
        "Name": "Prefab_Temple-START(1)",
        "GameObjects": [
            {
                "UID": 15334821138950437795,
                "ParentUID": 8823869308913623498,
                "Name": "Prefab_Temple-START",
                "Mobility": 1,
                "IsTopParent": false,
                "Enabled": true,
                "PrefabUID": 1609905670442352,
                "LocalTransform": [
                    0.9975800514221191,
                    0.0,
                    0.0695316344499588,
                    12.13818359375,
                    0.0,
                    1.0,
                    0.0,
                    6.548933982849121,
                    -0.0695316344499588,
                    0.0,
                    0.9975800514221191,
                    -37.837554931640625,
                    0.0,
                    0.0,
                    0.0,
                    1.0
                ],
                "Components": [],
                "Children": [
                    5847677821598601226,
                    11975893903847828337,
                    3684686728263753318,
                    1976010638308216004,
                    4822440934116776642,
                    14517319183890933332,
                    16274065992764858183,
                    12850919528873888908,
                    16805321557339290598,
                    1472743754826491124,
                    15350803082993731897,
                    12792849762143344675,
                    10642211736159712495,
                    15324077701109839297,
                    1641406362736346559,
                    11949814869184673178,
                    14202885849114028113,
                    16459689237600484946,
                    15575276246740048012,
                    12459088177109836410,
                    14715982796475447241,
                    18414058194211974144,
                    5569271033149040779,
                    2036933284525794227
                ]
            },
            {
                "UID": 5847677821598601226,
                "ParentUID": 15334821138950437795,
                "Name": "EN_Temple_Arch_Small",
                "Mobility": 1,
                "IsTopParent": false,
                "Enabled": true,
                "LocalTransform": [
                    -0.16188403964042664,
                    0.0,
                    -0.9868097901344299,
                    -0.9379367828369141,
                    0.0,
                    1.0,
                    0.0,
                    -2.6045455932617188,
                    0.9868098497390747,
                    0.0,
                    -0.16188402473926544,
                    17.29228401184082,
                    0.0,
                    0.0,
                    0.0,
                    1.0
                ],
                "Components": [
                    {
                        "UID": 12579802332917290169,
                        "Type": 1,
                        "Enabled": true,
                        "Name": "Mesh",
                        "Mesh": 1100859818904344,
                        "Material": 1300000000000000
                    }
                ],
                "Children": []
            },
            {
                "UID": 11975893903847828337,
                "ParentUID": 15334821138950437795,
                "Name": "EN_Temple_Arch_Small",
                "Mobility": 1,
                "IsTopParent": false,
                "Enabled": true,
                "LocalTransform": [
                    0.8415609002113342,
                    0.0,
                    0.5401623249053955,
                    -11.482206344604492,
                    0.0,
                    1.0,
                    0.0,
                    -2.604548454284668,
                    -0.5401623249053955,
                    0.0,
                    0.841560959815979,
                    13.350981712341309,
                    0.0,
                    0.0,
                    0.0,
                    1.0
                ],
                "Components": [
                    {
                        "UID": 17105148730003396723,
                        "Type": 1,
                        "Enabled": true,
                        "Name": "Mesh",
                        "Mesh": 1100859818904344,
                        "Material": 1300000000000000
                    }
                ],
                "Children": []
            },
            {
                "UID": 3684686728263753318,
                "ParentUID": 15334821138950437795,
                "Name": "EN_Temple_Arch_Small_Steps",
                "Mobility": 1,
                "IsTopParent": false,
                "Enabled": true,
                "LocalTransform": [
                    -0.25927984714508057,
                    7.763960915146972e-14,
                    -0.9658025503158569,
                    9.293291091918945,
                    -6.776267617002237e-21,
                    1.0000001192092896,
                    8.038877994265975e-14,
                    -2.4811320304870605,
                    0.9658026099205017,
                    2.0843178596377694e-14,
                    -0.25927984714508057,
                    32.640113830566406,
                    0.0,
                    0.0,
                    0.0,
                    1.0
                ],
                "Components": [
                    {
                        "UID": 6194650287346601537,
                        "Type": 1,
                        "Enabled": true,
                        "Name": "Mesh",
                        "Mesh": 1165663271744053,
                        "Material": 1300000000000000
                    }
                ],
                "Children": []
            },
            {
                "UID": 1976010638308216004,
                "ParentUID": 15334821138950437795,
                "Name": "EN_Temple_Arch_Entrance",
                "Mobility": 1,
                "IsTopParent": false,
                "Enabled": true,
                "LocalTransform": [
                    0.9658022522926331,
                    0.0,
                    -0.2592799663543701,
                    -5.455052375793457,
                    0.0,
                    1.0,
                    0.0,
                    -2.604548454284668,
                    0.2592799663543701,
                    0.0,
                    0.9658023118972778,
                    13.702095985412598,
                    0.0,
                    0.0,
                    0.0,
                    1.0
                ],
                "Components": [
                    {
                        "UID": 9026536999730313391,
                        "Type": 1,
                        "Enabled": true,
                        "Name": "Mesh",
                        "Mesh": 1115862127310531,
                        "Material": 1300000000000000
                    }
                ],
                "Children": []
            },
            {
                "UID": 4822440934116776642,
                "ParentUID": 15334821138950437795,
                "Name": "EN_Temple_Floor_Start",
                "Mobility": 1,
                "IsTopParent": false,
                "Enabled": true,
                "LocalTransform": [
                    1.0,
                    0.0,
                    -2.9802322387695313e-8,
                    0.0,
                    0.0,
                    1.0,
                    0.0,
                    0.0,
                    2.9802322387695313e-8,
                    0.0,
                    1.0000001192092896,
                    0.0,
                    0.0,
                    0.0,
                    0.0,
                    1.0
                ],
                "Components": [
                    {
                        "UID": 5243097790491399613,
                        "Type": 1,
                        "Enabled": true,
                        "Name": "Mesh",
                        "Mesh": 1119018079912532,
                        "Material": 1300000000000000
                    }
                ],
                "Children": []
            },
            {
                "UID": 14517319183890933332,
                "ParentUID": 15334821138950437795,
                "Name": "EN_Temple_Start_Side_Ramp",
                "Mobility": 1,
                "IsTopParent": false,
                "Enabled": true,
                "LocalTransform": [
                    0.8191484808921814,
                    0.0,
                    -0.5735825896263123,
                    7.058530807495117,
                    0.0,
                    1.0,
                    0.0,
                    -3.4929027557373047,
                    0.5735825896263123,
                    0.0,
                    0.8191485404968262,
                    5.630199432373047,
                    0.0,
                    0.0,
                    0.0,
                    1.0
                ],
                "Components": [
                    {
                        "UID": 1305158114538671551,
                        "Type": 1,
                        "Enabled": true,
                        "Name": "Mesh",
                        "Mesh": 1188479442978804,
                        "Material": 1300000000000000
                    }
                ],
                "Children": []
            },
            {
                "UID": 16274065992764858183,
                "ParentUID": 15334821138950437795,
                "Name": "EN_TreeOfLife",
                "Mobility": 1,
                "IsTopParent": false,
                "Enabled": true,
                "LocalTransform": [
                    -0.16313809156417847,
                    -9.681145911599742e-7,
                    1.9933357238769531,
                    1.361886978149414,
                    -0.0000017817192201619036,
                    2.0,
                    8.255328793893568e-7,
                    0.07413721084594727,
                    -1.9933357238769531,
                    -0.0000017084439605241641,
                    -0.16313815116882324,
                    -2.7326126098632813,
                    0.0,
                    0.0,
                    0.0,
                    1.0
                ],
                "Components": [
                    {
                        "UID": 5121604270169888922,
                        "Type": 1,
                        "Enabled": true,
                        "Name": "Mesh",
                        "Mesh": 1199517256288500,
                        "Material": 1300000000000000
                    }
                ],
                "Children": []
            },
            {
                "UID": 12850919528873888908,
                "ParentUID": 15334821138950437795,
                "Name": "EN_Temple_Bottom_Arch_Big",
                "Mobility": 1,
                "IsTopParent": false,
                "Enabled": true,
                "LocalTransform": [
                    0.9975795149803162,
                    0.0,
                    -0.06953168660402298,
                    31.6781005859375,
                    0.0,
                    1.0,
                    0.0,
                    -2.6481881141662598,
                    0.06953159719705582,
                    0.0,
                    0.9975809454917908,
                    49.46125030517578,
                    0.0,
                    0.0,
                    0.0,
                    1.0
                ],
                "Components": [
                    {
                        "UID": 2096062770010185271,
                        "Type": 1,
                        "Enabled": true,
                        "Name": "Mesh",
                        "Mesh": 1150608406659360,
                        "Material": 1300000000000000
                    }
                ],
                "Children": []
            },
            {
                "UID": 16805321557339290598,
                "ParentUID": 15334821138950437795,
                "Name": "EN_Temple_Bottom_Arch_Big",
                "Mobility": 1,
                "IsTopParent": false,
                "Enabled": true,
                "LocalTransform": [
                    0.9975795149803162,
                    0.0,
                    -0.06953168660402298,
                    21.860538482666016,
                    0.0,
                    1.0,
                    0.0,
                    -2.6481881141662598,
                    0.06953159719705582,
                    0.0,
                    0.9975809454917908,
                    48.77696228027344,
                    0.0,
                    0.0,
                    0.0,
                    1.0
                ],
                "Components": [
                    {
                        "UID": 17293203674415763381,
                        "Type": 1,
                        "Enabled": true,
                        "Name": "Mesh",
                        "Mesh": 1150608406659360,
                        "Material": 1300000000000000
                    }
                ],
                "Children": []
            },
            {
                "UID": 1472743754826491124,
                "ParentUID": 15334821138950437795,
                "Name": "EN_Temple_Arch_Entrance",
                "Mobility": 1,
                "IsTopParent": false,
                "Enabled": true,
                "LocalTransform": [
                    -0.06953171640634537,
                    0.0,
                    -0.9975808262825012,
                    41.87067794799805,
                    0.0,
                    1.0,
                    0.0,
                    -2.6132874488830566,
                    0.9975796341896057,
                    0.0,
                    -0.06953180581331253,
                    47.79167556762695,
                    0.0,
                    0.0,
                    0.0,
                    1.0
                ],
                "Components": [
                    {
                        "UID": 4869281266694383455,
                        "Type": 1,
                        "Enabled": true,
                        "Name": "Mesh",
                        "Mesh": 1115862127310531,
                        "Material": 1300000000000000
                    }
                ],
                "Children": []
            },
            {
                "UID": 15350803082993731897,
                "ParentUID": 15334821138950437795,
                "Name": "EN_Temple_Arch_Weapon",
                "Mobility": 1,
                "IsTopParent": false,
                "Enabled": true,
                "LocalTransform": [
                    -0.06953171640634537,
                    0.0,
                    -0.9975808262825012,
                    54.30243682861328,
                    0.0,
                    1.0,
                    0.0,
                    -2.5650548934936523,
                    0.9975796341896057,
                    0.0,
                    -0.06953180581331253,
                    51.590049743652344,
                    0.0,
                    0.0,
                    0.0,
                    1.0
                ],
                "Components": [
                    {
                        "UID": 8276537004536101873,
                        "Type": 1,
                        "Enabled": true,
                        "Name": "Mesh",
                        "Mesh": 1190656332208667,
                        "Material": 1300000000000000
                    }
                ],
                "Children": []
            },
            {
                "UID": 12792849762143344675,
                "ParentUID": 15334821138950437795,
                "Name": "EN_Temple_SpecialWall_FarmBull",
                "Mobility": 1,
                "IsTopParent": false,
                "Enabled": true,
                "LocalTransform": [
                    0.9975799918174744,
                    0.0,
                    -0.06953179091215134,
                    32.9166259765625,
                    0.0,
                    1.0,
                    0.0,
                    1.5372629165649414,
                    0.0695316344499588,
                    0.0,
                    0.9975823760032654,
                    18.300973892211914,
                    0.0,
                    0.0,
                    0.0,
                    1.0
                ],
                "Components": [
                    {
                        "UID": 6427945633019316362,
                        "Type": 1,
                        "Enabled": true,
                        "Name": "Mesh",
                        "Mesh": 1140897651546314,
                        "Material": 1300000000000000
                    }
                ],
                "Children": []
            },
            {
                "UID": 10642211736159712495,
                "ParentUID": 15334821138950437795,
                "Name": "EN_Temple_SpecialWall_WarBull",
                "Mobility": 1,
                "IsTopParent": false,
                "Enabled": true,
                "LocalTransform": [
                    0.9975799918174744,
                    0.0,
                    -0.06953179091215134,
                    25.861671447753906,
                    0.0,
                    1.0,
                    0.0,
                    1.5372629165649414,
                    0.0695316344499588,
                    0.0,
                    0.9975823760032654,
                    17.809240341186523,
                    0.0,
                    0.0,
                    0.0,
                    1.0
                ],
                "Components": [
                    {
                        "UID": 16646827853066478838,
                        "Type": 1,
                        "Enabled": true,
                        "Name": "Mesh",
                        "Mesh": 1107529095381266,
                        "Material": 1300000000000000
                    }
                ],
                "Children": []
            },
            {
                "UID": 15324077701109839297,
                "ParentUID": 15334821138950437795,
                "Name": "EN_Wall_CornerDeco",
                "Mobility": 1,
                "IsTopParent": false,
                "Enabled": true,
                "LocalTransform": [
                    0.9975799918174744,
                    0.0,
                    -0.06953179091215134,
                    36.48011016845703,
                    0.0,
                    1.0,
                    0.0,
                    -2.7199740409851074,
                    0.0695316344499588,
                    0.0,
                    0.9975823760032654,
                    29.540868759155273,
                    0.0,
                    0.0,
                    0.0,
                    1.0
                ],
                "Components": [
                    {
                        "UID": 1485203489419540548,
                        "Type": 1,
                        "Enabled": true,
                        "Name": "Mesh",
                        "Mesh": 1105364653753989,
                        "Material": 1300000000000000
                    }
                ],
                "Children": []
            },
            {
                "UID": 1641406362736346559,
                "ParentUID": 15334821138950437795,
                "Name": "EN_Temple_Pilar_Small",
                "Mobility": 1,
                "IsTopParent": false,
                "Enabled": true,
                "LocalTransform": [
                    0.9975799918174744,
                    0.0,
                    -0.06953179091215134,
                    54.79424285888672,
                    0.0,
                    1.0,
                    0.0,
                    -2.267561912536621,
                    0.0695316344499588,
                    0.0,
                    0.9975823760032654,
                    48.637088775634766,
                    0.0,
                    0.0,
                    0.0,
                    1.0
                ],
                "Components": [
                    {
                        "UID": 8465343202445903698,
                        "Type": 1,
                        "Enabled": true,
                        "Name": "Mesh",
                        "Mesh": 1128623454016822,
                        "Material": 1300000000000000
                    }
                ],
                "Children": []
            },
            {
                "UID": 11949814869184673178,
                "ParentUID": 15334821138950437795,
                "Name": "EN_Temple_Bottom_Arch_Big_Slinde",
                "Mobility": 1,
                "IsTopParent": false,
                "Enabled": true,
                "LocalTransform": [
                    0.9975795149803162,
                    0.0,
                    -0.06953168660402298,
                    40.87484359741211,
                    0.0,
                    1.0,
                    0.0,
                    -2.648188829421997,
                    0.06953159719705582,
                    0.0,
                    0.9975809454917908,
                    50.13134765625,
                    0.0,
                    0.0,
                    0.0,
                    1.0
                ],
                "Components": [
                    {
                        "UID": 18243820828196230601,
                        "Type": 1,
                        "Enabled": true,
                        "Name": "Mesh",
                        "Mesh": 1170811961051167,
                        "Material": 1300000000000000
                    }
                ],
                "Children": []
            },
            {
                "UID": 14202885849114028113,
                "ParentUID": 15334821138950437795,
                "Name": "EN_Temple_Pilar_Small",
                "Mobility": 1,
                "IsTopParent": false,
                "Enabled": true,
                "LocalTransform": [
                    0.9975799918174744,
                    0.0,
                    -0.06953179091215134,
                    54.45506286621094,
                    0.0,
                    1.0,
                    0.0,
                    -2.267561912536621,
                    0.0695316344499588,
                    0.0,
                    0.9975823760032654,
                    53.50333786010742,
                    0.0,
                    0.0,
                    0.0,
                    1.0
                ],
                "Components": [
                    {
                        "UID": 1321054995375824468,
                        "Type": 1,
                        "Enabled": true,
                        "Name": "Mesh",
                        "Mesh": 1128623454016822,
                        "Material": 1300000000000000
                    }
                ],
                "Children": []
            },
            {
                "UID": 16459689237600484946,
                "ParentUID": 15334821138950437795,
                "Name": "EN_Temple_Pilar_Big",
                "Mobility": 1,
                "IsTopParent": false,
                "Enabled": true,
                "LocalTransform": [
                    1.0000003576278687,
                    0.0,
                    -0.0000014528632164001465,
                    89.43451690673828,
                    0.0,
                    1.0,
                    0.0,
                    7.476829528808594,
                    0.0000030547380447387695,
                    0.0,
                    1.0000026226043701,
                    25.1408634185791,
                    0.0,
                    0.0,
                    0.0,
                    1.0
                ],
                "Components": [
                    {
                        "UID": 6106725487066129613,
                        "Type": 1,
                        "Enabled": true,
                        "Name": "Mesh",
                        "Mesh": 1110707304496012,
                        "Material": 1300000000000000
                    }
                ],
                "Children": []
            },
            {
                "UID": 15575276246740048012,
                "ParentUID": 15334821138950437795,
                "Name": "EN_Temple_Pilar_Big",
                "Mobility": 1,
                "IsTopParent": false,
                "Enabled": true,
                "LocalTransform": [
                    1.0000003576278687,
                    0.0,
                    -0.0000014528632164001465,
                    89.43462371826172,
                    0.0,
                    1.0,
                    0.0,
                    7.476829528808594,
                    0.0000030547380447387695,
                    0.0,
                    1.0000026226043701,
                    18.378803253173828,
                    0.0,
                    0.0,
                    0.0,
                    1.0
                ],
                "Components": [
                    {
                        "UID": 11915594411651635755,
                        "Type": 1,
                        "Enabled": true,
                        "Name": "Mesh",
                        "Mesh": 1110707304496012,
                        "Material": 1300000000000000
                    }
                ],
                "Children": []
            },
            {
                "UID": 12459088177109836410,
                "ParentUID": 15334821138950437795,
                "Name": "EN_TreeOfLife",
                "Mobility": 1,
                "IsTopParent": true,
                "Enabled": true,
                "LocalTransform": [
                    0.9975793957710266,
                    0.0,
                    -0.06953158974647522,
                    74.37799835205078,
                    0.0,
                    1.0,
                    0.0,
                    3.260186195373535,
                    0.06953158974647522,
                    0.0,
                    0.9975795149803162,
                    24.798542022705078,
                    0.0,
                    0.0,
                    0.0,
                    1.0
                ],
                "Components": [
                    {
                        "UID": 4879831346267945909,
                        "Type": 1,
                        "Enabled": true,
                        "Name": "Mesh",
                        "Mesh": 1199517256288500,
                        "Material": 1300000000000000
                    }
                ],
                "Children": []
            },
            {
                "UID": 14715982796475447241,
                "ParentUID": 15334821138950437795,
                "Name": "EN_Stairs_Steps",
                "Mobility": 1,
                "IsTopParent": true,
                "Enabled": true,
                "LocalTransform": [
                    0.9975793957710266,
                    0.0,
                    -0.06953158974647522,
                    69.67578125,
                    0.0,
                    1.0,
                    0.0,
                    3.1981449127197266,
                    0.06953158974647522,
                    0.0,
                    0.9975795149803162,
                    23.27899169921875,
                    0.0,
                    0.0,
                    0.0,
                    1.0
                ],
                "Components": [
                    {
                        "UID": 850804692054208012,
                        "Type": 1,
                        "Enabled": true,
                        "Name": "Mesh",
                        "Mesh": 1164769914097993,
                        "Material": 1300000000000000
                    }
                ],
                "Children": [
                    11711616863426020267,
                    18165635788644203380
                ]
            },
            {
                "UID": 18414058194211974144,
                "ParentUID": 15334821138950437795,
                "Name": "EN_Stairs_Steps",
                "Mobility": 1,
                "IsTopParent": true,
                "Enabled": true,
                "LocalTransform": [
                    -0.06953170895576477,
                    0.0,
                    -0.9975793957710266,
                    61.580963134765625,
                    0.0,
                    1.0,
                    0.0,
                    0.05731630325317383,
                    0.9975795149803162,
                    0.0,
                    -0.06953170895576477,
                    26.057876586914063,
                    0.0,
                    0.0,
                    0.0,
                    1.0
                ],
                "Components": [
                    {
                        "UID": 2998865184777550859,
                        "Type": 1,
                        "Enabled": true,
                        "Name": "Mesh",
                        "Mesh": 1164769914097993,
                        "Material": 1300000000000000
                    }
                ],
                "Children": [
                    12860263295788520804,
                    5753305256061108457
                ]
            },
            {
                "UID": 5569271033149040779,
                "ParentUID": 15334821138950437795,
                "Name": "EN_Temple_Floor_Exit",
                "Mobility": 1,
                "IsTopParent": false,
                "Enabled": true,
                "LocalTransform": [
                    1.0000003576278687,
                    0.0,
                    -0.0000014528632164001465,
                    91.93302917480469,
                    0.0,
                    1.0,
                    0.0,
                    6.775045394897461,
                    0.0000030547380447387695,
                    0.0,
                    1.0000026226043701,
                    20.37036895751953,
                    0.0,
                    0.0,
                    0.0,
                    1.0
                ],
                "Components": [
                    {
                        "UID": 10314494423434955187,
                        "Type": 1,
                        "Enabled": true,
                        "Name": "Mesh",
                        "Mesh": 1169354499316148,
                        "Material": 1300000000000000
                    }
                ],
                "Children": []
            },
            {
                "UID": 2036933284525794227,
                "ParentUID": 15334821138950437795,
                "Name": "BlockoutTutorial",
                "Mobility": 1,
                "IsTopParent": false,
                "Enabled": true,
                "LocalTransform": [
                    0.9996535778045654,
                    0.0,
                    -0.02631514146924019,
                    32.56521987915039,
                    0.0,
                    1.0,
                    0.0,
                    -6.548933982849121,
                    0.02631513401865959,
                    0.0,
                    0.999653697013855,
                    29.75739097595215,
                    0.0,
                    0.0,
                    0.0,
                    1.0
                ],
                "Components": [
                    {
                        "UID": 14505504301845774234,
                        "Type": 1,
                        "Enabled": true,
                        "Name": "Mesh",
                        "Mesh": 1156350485093839,
                        "Material": 1300000000000000
                    }
                ],
                "Children": []
            },
            {
                "UID": 11711616863426020267,
                "ParentUID": 14715982796475447241,
                "Name": "EN_Stairs_Steps",
                "Mobility": 1,
                "IsTopParent": true,
                "Enabled": true,
                "LocalTransform": [
                    1.0,
                    0.0,
                    0.0,
                    -1.8887405395507813,
                    0.0,
                    1.0,
                    0.0,
                    0.0,
                    0.0,
                    0.0,
                    1.0,
                    0.0,
                    0.0,
                    0.0,
                    0.0,
                    1.0
                ],
                "Components": [
                    {
                        "UID": 5626974669457525725,
                        "Type": 1,
                        "Enabled": true,
                        "Name": "Mesh",
                        "Mesh": 1164769914097993,
                        "Material": 1300000000000000
                    }
                ],
                "Children": []
            },
            {
                "UID": 18165635788644203380,
                "ParentUID": 14715982796475447241,
                "Name": "EN_Stairs_Steps",
                "Mobility": 1,
                "IsTopParent": true,
                "Enabled": true,
                "LocalTransform": [
                    1.0,
                    0.0,
                    0.0,
                    0.0,
                    0.0,
                    1.0,
                    0.0,
                    1.5921449661254883,
                    0.0,
                    0.0,
                    1.0,
                    -2.923076629638672,
                    0.0,
                    0.0,
                    0.0,
                    1.0
                ],
                "Components": [
                    {
                        "UID": 6146624060715637204,
                        "Type": 1,
                        "Enabled": true,
                        "Name": "Mesh",
                        "Mesh": 1164769914097993,
                        "Material": 1300000000000000
                    }
                ],
                "Children": [
                    7232538992062477620
                ]
            },
            {
                "UID": 12860263295788520804,
                "ParentUID": 18414058194211974144,
                "Name": "EN_Stairs_Steps",
                "Mobility": 1,
                "IsTopParent": true,
                "Enabled": true,
                "LocalTransform": [
                    1.0,
                    0.0,
                    0.0,
                    -1.8887405395507813,
                    0.0,
                    1.0,
                    0.0,
                    0.0,
                    0.0,
                    0.0,
                    1.0,
                    0.0,
                    0.0,
                    0.0,
                    0.0,
                    1.0
                ],
                "Components": [
                    {
                        "UID": 13011273929040301134,
                        "Type": 1,
                        "Enabled": true,
                        "Name": "Mesh",
                        "Mesh": 1164769914097993,
                        "Material": 1300000000000000
                    }
                ],
                "Children": []
            },
            {
                "UID": 5753305256061108457,
                "ParentUID": 18414058194211974144,
                "Name": "EN_Stairs_Steps",
                "Mobility": 1,
                "IsTopParent": true,
                "Enabled": true,
                "LocalTransform": [
                    1.0,
                    0.0,
                    0.0,
                    0.0,
                    0.0,
                    1.0,
                    0.0,
                    1.5921454429626465,
                    0.0,
                    0.0,
                    1.0,
                    -2.947235107421875,
                    0.0,
                    0.0,
                    0.0,
                    1.0
                ],
                "Components": [
                    {
                        "UID": 11093639100318219819,
                        "Type": 1,
                        "Enabled": true,
                        "Name": "Mesh",
                        "Mesh": 1164769914097993,
                        "Material": 1300000000000000
                    }
                ],
                "Children": [
                    9561076205929366098
                ]
            },
            {
                "UID": 7232538992062477620,
                "ParentUID": 18165635788644203380,
                "Name": "EN_Stairs_Steps",
                "Mobility": 1,
                "IsTopParent": true,
                "Enabled": true,
                "LocalTransform": [
                    1.0,
                    0.0,
                    0.0,
                    -1.8887405395507813,
                    0.0,
                    1.0,
                    0.0,
                    0.0,
                    0.0,
                    0.0,
                    1.0,
                    0.0,
                    0.0,
                    0.0,
                    0.0,
                    1.0
                ],
                "Components": [
                    {
                        "UID": 17151526817822746003,
                        "Type": 1,
                        "Enabled": true,
                        "Name": "Mesh",
                        "Mesh": 1164769914097993,
                        "Material": 1300000000000000
                    }
                ],
                "Children": []
            },
            {
                "UID": 9561076205929366098,
                "ParentUID": 5753305256061108457,
                "Name": "EN_Stairs_Steps",
                "Mobility": 1,
                "IsTopParent": true,
                "Enabled": true,
                "LocalTransform": [
                    1.0,
                    0.0,
                    0.0,
                    -1.8887405395507813,
                    0.0,
                    1.0,
                    0.0,
                    0.0,
                    0.0,
                    0.0,
                    1.0,
                    0.0,
                    0.0,
                    0.0,
                    0.0,
                    1.0
                ],
                "Components": [
                    {
                        "UID": 3819904034018449602,
                        "Type": 1,
                        "Enabled": true,
                        "Name": "Mesh",
                        "Mesh": 1164769914097993,
                        "Material": 1300000000000000
                    }
                ],
                "Children": []
            }
        ]
    }
}