{
    "Scene": {
        "UID": 6195444980847415242,
        "Name": "SCENE_Tutorial",
        "RootGameObject": 8823869308913623498,
        "WorldObjectsMask": 13,
        "TriggerMask": 8,
        "EnemyMask": 9,
        "PlayerMask": 7,
        "GameObjects": [
            {
                "UID": 8823869308913623498,
                "ParentUID": 0,
                "Name": "SceneModule GameObject",
                "Mobility": 1,
                "IsTopParent": false,
                "Enabled": true,
                "LocalTransform": [
                    1.0,
                    0.0,
                    0.0,
                    0.0,
                    0.0,
                    1.0,
                    0.0,
                    0.0,
                    0.0,
                    0.0,
                    1.0,
                    0.0,
                    0.0,
                    0.0,
                    0.0,
                    1.0
                ],
                "Components": [],
                "Children": [
                    2036933284525794227,
                    6577347796420377432
                ]
            },
            {
                "UID": 2036933284525794227,
                "ParentUID": 8823869308913623498,
                "Name": "BlockoutTutorial",
                "Mobility": 1,
                "IsTopParent": false,
                "Enabled": true,
                "LocalTransform": [
                    0.9722908735275269,
                    0.0,
                    0.23377493023872375,
                    55.0,
                    0.0,
                    1.0,
                    0.0,
                    0.0,
                    -0.23377493023872375,
                    0.0,
                    0.9722908735275269,
                    0.0,
                    0.0,
                    0.0,
                    0.0,
                    1.0
                ],
                "Components": [
                    {
                        "UID": 14505504301845774234,
                        "Type": 1,
                        "Enabled": true,
                        "Name": "Mesh",
                        "Mesh": 1156350485093839,
                        "Material": 1300000000000000
                    }
                ],
                "Children": []
            },
            {
                "UID": 6577347796420377432,
                "ParentUID": 8823869308913623498,
                "Name": "Prefab_Temple-START",
                "Mobility": 1,
                "IsTopParent": false,
                "Enabled": true,
                "PrefabUID": 1609905670442352,
                "LocalTransform": [
                    0.9658024311065674,
                    0.0,
                    0.2592799663543701,
                    15.779624938964844,
                    0.0,
                    1.0,
                    0.0,
                    6.548933982849121,
                    -0.2592799663543701,
                    0.0,
                    0.9658024311065674,
                    -20.283449172973633,
                    0.0,
                    0.0,
                    0.0,
                    1.0
                ],
                "Components": [],
                "Children": [
                    6547797590230662307,
                    12088061679229610864,
                    13425556697221247098,
                    14711806096414470489,
                    10621666929581131847,
                    1572766089236662620,
                    6783606528949013466,
                    2867148944006356861,
                    8007023163041184628
                ]
            },
            {
                "UID": 6547797590230662307,
                "ParentUID": 6577347796420377432,
                "Name": "EN_Temple_Arch_Small",
                "Mobility": 1,
                "IsTopParent": true,
                "Enabled": true,
                "LocalTransform": [
                    -0.16188403964042664,
                    0.0,
                    -0.9868097901344299,
                    -0.9379367828369141,
                    0.0,
                    1.0,
                    0.0,
                    -2.6045455932617188,
                    0.9868098497390747,
                    0.0,
                    -0.16188402473926544,
                    17.29228401184082,
                    0.0,
                    0.0,
                    0.0,
                    1.0
                ],
                "Components": [
                    {
                        "UID": 4971645229462108438,
                        "Type": 1,
                        "Enabled": true,
                        "Name": "Mesh",
                        "Mesh": 1100859818904344,
                        "Material": 1300000000000000
                    }
                ],
                "Children": []
            },
            {
                "UID": 12088061679229610864,
                "ParentUID": 6577347796420377432,
                "Name": "EN_Temple_Arch_Small",
                "Mobility": 1,
                "IsTopParent": true,
                "Enabled": true,
                "LocalTransform": [
                    0.8415609002113342,
                    0.0,
                    0.5401623249053955,
                    -11.482206344604492,
                    0.0,
                    1.0,
                    0.0,
                    -2.604548454284668,
                    -0.5401623249053955,
                    0.0,
                    0.841560959815979,
                    13.350981712341309,
                    0.0,
                    0.0,
                    0.0,
                    1.0
                ],
                "Components": [
                    {
                        "UID": 13383328310860744688,
                        "Type": 1,
                        "Enabled": true,
                        "Name": "Mesh",
                        "Mesh": 1100859818904344,
                        "Material": 1300000000000000
                    }
                ],
                "Children": []
            },
            {
                "UID": 13425556697221247098,
                "ParentUID": 6577347796420377432,
                "Name": "EN_Temple_Arch_Small_Steps",
                "Mobility": 1,
                "IsTopParent": true,
                "Enabled": true,
                "LocalTransform": [
                    -0.25927984714508057,
                    7.763960915146972e-14,
                    -0.9658025503158569,
                    9.293291091918945,
                    -6.776267617002237e-21,
                    1.0000001192092896,
                    8.038877994265975e-14,
                    -2.4811320304870605,
                    0.9658026099205017,
                    2.0843178596377694e-14,
                    -0.25927984714508057,
                    32.640113830566406,
                    0.0,
                    0.0,
                    0.0,
                    1.0
                ],
                "Components": [
                    {
                        "UID": 9827006955825670570,
                        "Type": 1,
                        "Enabled": true,
                        "Name": "Mesh",
                        "Mesh": 1165663271744053,
                        "Material": 1300000000000000
                    }
                ],
                "Children": []
            },
            {
                "UID": 14711806096414470489,
                "ParentUID": 6577347796420377432,
                "Name": "EN_Temple_Arch_Entrance",
                "Mobility": 1,
                "IsTopParent": true,
                "Enabled": true,
                "LocalTransform": [
                    0.9658022522926331,
                    0.0,
                    -0.2592799663543701,
                    -5.455052375793457,
                    0.0,
                    1.0,
                    0.0,
                    -2.604548454284668,
                    0.2592799663543701,
                    0.0,
                    0.9658023118972778,
                    13.702095985412598,
                    0.0,
                    0.0,
                    0.0,
                    1.0
                ],
                "Components": [
                    {
                        "UID": 3394923763416802076,
                        "Type": 1,
                        "Enabled": true,
                        "Name": "Mesh",
                        "Mesh": 1115862127310531,
                        "Material": 1300000000000000
                    }
                ],
                "Children": []
            },
            {
                "UID": 10621666929581131847,
                "ParentUID": 6577347796420377432,
                "Name": "EN_Temple_Floor_Start",
                "Mobility": 1,
                "IsTopParent": true,
                "Enabled": true,
                "LocalTransform": [
                    1.0000003576278687,
                    0.0,
                    -0.0000014901161193847656,
                    91.90328979492188,
                    0.0,
                    1.0,
                    0.0,
                    8.839638710021973,
                    0.000003069639205932617,
                    0.0,
                    1.0000026226043701,
                    25.427640914916992,
                    0.0,
                    0.0,
                    0.0,
                    1.0
                ],
                "Components": [
                    {
                        "UID": 16329934544484809113,
                        "Type": 1,
                        "Enabled": true,
                        "Name": "Mesh",
                        "Mesh": 1169354499316148,
                        "Material": 1300000000000000
                    }
                ],
                "Children": []
            },
            {
                "UID": 1572766089236662620,
                "ParentUID": 6577347796420377432,
                "Name": "EN_Temple_Start_Side_Ramp",
                "Mobility": 1,
                "IsTopParent": true,
                "Enabled": true,
                "LocalTransform": [
                    0.8191484808921814,
                    0.0,
                    -0.5735825896263123,
                    7.058530807495117,
                    0.0,
                    1.0,
                    0.0,
                    -3.4929027557373047,
                    0.5735825896263123,
                    0.0,
                    0.8191485404968262,
                    5.630199432373047,
                    0.0,
                    0.0,
                    0.0,
                    1.0
                ],
                "Components": [
                    {
                        "UID": 6982155073199414407,
                        "Type": 1,
                        "Enabled": true,
                        "Name": "Mesh",
                        "Mesh": 1188479442978804,
                        "Material": 1300000000000000
                    }
                ],
                "Children": []
            },
            {
                "UID": 6783606528949013466,
                "ParentUID": 6577347796420377432,
                "Name": "EN_TreeOfLife",
                "Mobility": 1,
                "IsTopParent": true,
                "Enabled": true,
                "LocalTransform": [
                    -0.16313809156417847,
                    -9.681145911599742e-7,
                    1.9933357238769531,
                    1.361886978149414,
                    -0.0000017817192201619036,
                    2.0,
                    8.255328793893568e-7,
                    0.07413721084594727,
                    -1.9933357238769531,
                    -0.0000017084439605241641,
                    -0.16313815116882324,
                    -2.7326126098632813,
                    0.0,
                    0.0,
                    0.0,
                    1.0
                ],
                "Components": [
                    {
                        "UID": 9100892635906611721,
                        "Type": 1,
                        "Enabled": true,
                        "Name": "Mesh",
                        "Mesh": 1199517256288500,
                        "Material": 1300000000000000
                    }
                ],
                "Children": []
            },
            {
                "UID": 2867148944006356861,
                "ParentUID": 6577347796420377432,
                "Name": "EN_Temple_Floor_Start",
                "Mobility": 1,
                "IsTopParent": true,
                "Enabled": true,
                "LocalTransform": [
                    1.0,
                    0.0,
                    -2.9802322387695313e-8,
                    0.0,
                    0.0,
                    1.0,
                    0.0,
                    0.0,
                    2.9802322387695313e-8,
                    0.0,
                    1.0000001192092896,
                    0.0,
                    0.0,
                    0.0,
                    0.0,
                    1.0
                ],
                "Components": [
                    {
                        "UID": 15814378688487850516,
                        "Type": 1,
                        "Enabled": true,
                        "Name": "Mesh",
                        "Mesh": 1119018079912532,
                        "Material": 1300000000000000
                    }
                ],
                "Children": []
            },
            {
                "UID": 8007023163041184628,
                "ParentUID": 6577347796420377432,
                "Name": "EN_Temple_Floor_Start",
                "Mobility": 1,
                "IsTopParent": true,
                "Enabled": true,
                "LocalTransform": [
                    1.0000003576278687,
                    0.0,
                    -0.0000014901161193847656,
                    90.88470458984375,
                    0.0,
                    1.0,
                    0.0,
                    6.701677322387695,
                    0.000003069639205932617,
                    0.0,
                    1.0000026226043701,
                    19.90259552001953,
                    0.0,
                    0.0,
                    0.0,
                    1.0
                ],
                "Components": [
                    {
                        "UID": 8634651745252952543,
                        "Type": 1,
                        "Enabled": true,
                        "Name": "Mesh",
                        "Mesh": 1169354499316148,
                        "Material": 1300000000000000
                    }
                ],
                "Children": []
            }
        ],
        "Lights Config": {
            "Ambient Color": [
                1.0,
                1.0,
                1.0
            ],
            "Ambient Intensity": 0.20000000298023224,
            "Skybox UID": 1281272330578818
        }
    }
}