{
    "Scene": {
        "UID": 10640495392161785862,
        "Name": "SCENE_Boss",
        "RootGameObject": 6788591387451538717,
        "NavmeshUID": 2034445260204470,
        "Camera Position": [
            -53.84915542602539,
            64.82768249511719,
            -16.28835678100586
        ],
        "Camera Front": [
            0.05283312872052193,
            -0.6225110292434692,
            -0.7808256149291992
        ],
        "Camera Up": [
            0.04197528585791588,
            0.7830065488815308,
            -0.6205955743789673
        ],
        "WorldObjectsMask": 13,
        "TriggerMask": 8,
        "EnemyMask": 25,
        "PlayerMask": 39,
        "PlayerProjectileMask": 4,
        "EnemyProjectileMask": 8,
        "GameObjects": [
            {
                "UID": 6788591387451538717,
                "ParentUID": 0,
                "Name": "SceneModule GameObject",
                "Mobility": 1,
                "SelectParent": false,
                "Enabled": true,
                "WasEnabled": true,
                "NavmeshValid": false,
                "LocalTransform": [
                    1.0,
                    0.0,
                    0.0,
                    0.0,
                    0.0,
                    1.0,
                    0.0,
                    0.0,
                    0.0,
                    0.0,
                    1.0,
                    0.0,
                    0.0,
                    0.0,
                    0.0,
                    1.0
                ],
                "Components": [],
                "Children": [
                    14547429557385646294,
                    18168919769576740115,
                    17463453328532126461,
                    4107746112324375919
                ]
            },
            {
                "UID": 13400725722975786118,
                "ParentUID": 6765002293065717973,
                "Name": "ctrl_band_front_02",
                "Mobility": 0,
                "SelectParent": true,
                "Enabled": true,
                "WasEnabled": true,
                "NavmeshValid": false,
                "PrefabChildUID": 10114777989925883169,
                "LocalTransform": [
                    1.0,
                    0.0,
                    0.0,
                    0.0,
                    0.0,
                    1.0,
                    0.0,
                    -0.005202794447541237,
                    0.0,
                    0.0,
                    1.0,
                    0.0,
                    0.0,
                    0.0,
                    0.0,
                    1.0
                ],
                "Components": [],
                "Children": []
            },
            {
                "UID": 2001999262444268312,
                "ParentUID": 11183816527201181535,
                "Name": "EN_Boss_Arena_Floor_05",
                "Mobility": 1,
                "SelectParent": false,
                "Enabled": true,
                "WasEnabled": true,
                "NavmeshValid": false,
                "LocalTransform": [
                    -0.08263079822063446,
                    0.0,
                    0.9965808987617493,
                    11.309196472167969,
                    7.815970093361102e-14,
                    1.0,
                    4.015419108327478e-10,
                    0.5951516032218933,
                    -0.9965808987617493,
                    -2.1242502114965367e-15,
                    -0.08263079822063446,
                    10.99197006225586,
                    0.0,
                    0.0,
                    0.0,
                    1.0
                ],
                "Components": [
                    {
                        "UID": 8456394471551782499,
                        "Type": 1,
                        "Enabled": true,
                        "WasEnabled": true,
                        "Name": "Mesh",
                        "Mesh": 1191001074840563,
                        "Material": 0,
                        "RenderMode": 0,
                        "ProduceShadows": true
                    }
                ],
                "Children": []
            },
            {
                "UID": 17304482694769907566,
                "ParentUID": 14547429557385646294,
                "Name": "Floor",
                "Mobility": 1,
                "SelectParent": false,
                "Enabled": true,
                "WasEnabled": true,
                "NavmeshValid": true,
                "LocalTransform": [
                    -0.34018003940582275,
                    0.24918511509895325,
                    0.0,
                    62.389129638671875,
                    3.13592209977287e-8,
                    3.84137699427356e-8,
                    0.9999999403953552,
                    0.25208064913749695,
                    0.2630596458911896,
                    0.3222375512123108,
                    -1.1920928955078125e-7,
                    -51.132999420166016,
                    0.0,
                    0.0,
                    0.0,
                    1.0
                ],
                "Components": [
                    {
                        "UID": 17343747295200105213,
                        "Type": 1,
                        "Enabled": true,
                        "WasEnabled": true,
                        "Name": "Mesh",
                        "Mesh": 1169044534756073,
                        "Material": 1339660925152265,
                        "RenderMode": 0,
                        "ProduceShadows": true
                    }
                ],
                "Children": []
            },
            {
                "UID": 4326516175724475677,
                "ParentUID": 1475485942622030569,
                "Name": "grp_arm_L_02",
                "Mobility": 0,
                "SelectParent": true,
                "Enabled": true,
                "WasEnabled": true,
                "NavmeshValid": false,
                "PrefabChildUID": 15772468834950293197,
                "LocalTransform": [
                    0.4302346110343933,
                    0.04269582778215408,
                    -0.4964379370212555,
                    0.019943345338106155,
                    -0.02462080307304859,
                    0.6569115519523621,
                    0.03515983372926712,
                    0.23877760767936707,
                    0.4976619482040405,
                    -0.004411699716001749,
                    0.4309159517288208,
                    0.029638871550559998,
                    0.0,
                    0.0,
                    0.0,
                    1.0
                ],
                "Components": [],
                "Children": [
                    11225717537257657131
                ]
            },
            {
                "UID": 17334656892513207148,
                "ParentUID": 11183816527201181535,
                "Name": "EN_Boss_Arena_Floor_Curved_03",
                "Mobility": 1,
                "SelectParent": false,
                "Enabled": true,
                "WasEnabled": true,
                "NavmeshValid": false,
                "LocalTransform": [
                    0.647282063961029,
                    0.0,
                    0.7622511982917786,
                    13.891136169433594,
                    1.6655121726216748e-11,
                    1.0,
                    -3.865352482534945e-12,
                    0.8815604448318481,
                    -0.7622511982917786,
                    -1.5632433498710685e-15,
                    0.647282063961029,
                    18.495328903198242,
                    0.0,
                    0.0,
                    0.0,
                    1.0
                ],
                "Components": [
                    {
                        "UID": 16123022167467783276,
                        "Type": 1,
                        "Enabled": true,
                        "WasEnabled": true,
                        "Name": "Mesh",
                        "Mesh": 1158794635434040,
                        "Material": 0,
                        "RenderMode": 0,
                        "ProduceShadows": true
                    }
                ],
                "Children": []
            },
            {
                "UID": 15563266640606113264,
                "ParentUID": 6521879383224864214,
                "Name": "Spot_light",
                "Mobility": 1,
                "SelectParent": false,
                "Enabled": true,
                "WasEnabled": true,
                "NavmeshValid": false,
                "LocalTransform": [
                    -1.6647547340653546e-7,
                    -1.5855903257033788e-9,
                    -0.4655001163482666,
                    -0.16652679443359375,
                    -3.818017950407704e-16,
                    0.46549946069717407,
                    -1.5855903257033788e-9,
                    -0.05042314529418945,
                    0.4654996395111084,
                    -3.742598136784181e-16,
                    -1.664759849973052e-7,
                    0.034725189208984375,
                    0.0,
                    0.0,
                    0.0,
                    1.0
                ],
                "Components": [
                    {
                        "UID": 13449585431585961584,
                        "Type": 3,
                        "Enabled": true,
                        "WasEnabled": true,
                        "Name": "Spot Light",
                        "Intensity": 34.42599868774414,
                        "ColorRed": 1.0,
                        "ColorGreen": 1.0,
                        "ColorBlue": 1.0,
                        "DrawGizmos": true,
                        "Range": 10.0,
                        "InnerAngle": 69.71299743652344,
                        "OuterAngle": 74.50800323486328
                    }
                ],
                "Children": []
            },
            {
                "UID": 11480212897390780197,
                "ParentUID": 2775044759266835061,
                "Name": "ctrl_band_back_01",
                "Mobility": 0,
                "SelectParent": true,
                "Enabled": true,
                "WasEnabled": true,
                "NavmeshValid": false,
                "PrefabChildUID": 7618727550093734978,
                "LocalTransform": [
                    1.0,
                    0.0,
                    0.0,
                    0.0,
                    0.0,
                    1.0,
                    0.0,
                    -0.005202864296734333,
                    0.0,
                    0.0,
                    1.0,
                    0.0,
                    0.0,
                    0.0,
                    0.0,
                    1.0
                ],
                "Components": [],
                "Children": []
            },
            {
                "UID": 14996295868340514814,
                "ParentUID": 11183816527201181535,
                "Name": "EN_Boss_Arena_Floor_02",
                "Mobility": 1,
                "SelectParent": false,
                "Enabled": true,
                "WasEnabled": true,
                "NavmeshValid": false,
                "LocalTransform": [
                    0.12062986940145493,
                    -9.92387640508241e-7,
                    0.9926990866661072,
                    8.565574645996094,
                    -9.923971902026096e-7,
                    1.0,
                    0.000001120308183999441,
                    0.44468265771865845,
                    -0.9926990866661072,
                    -0.0000011202986343050725,
                    0.12062986940145493,
                    17.807153701782227,
                    0.0,
                    0.0,
                    0.0,
                    1.0
                ],
                "Components": [
                    {
                        "UID": 14604630824700995094,
                        "Type": 1,
                        "Enabled": true,
                        "WasEnabled": true,
                        "Name": "Mesh",
                        "Mesh": 1175354610040876,
                        "Material": 0,
                        "RenderMode": 0,
                        "ProduceShadows": true
                    }
                ],
                "Children": []
            },
            {
                "UID": 4211746338126640450,
                "ParentUID": 6887239524799767959,
                "Name": "ctrl_handle_bottom",
                "Mobility": 0,
                "SelectParent": true,
                "Enabled": true,
                "WasEnabled": true,
                "NavmeshValid": false,
                "PrefabChildUID": 10689378435707601008,
                "LocalTransform": [
                    1.0,
                    0.0,
                    0.0,
                    0.0,
                    0.0,
                    1.0,
                    0.0,
                    -0.00015956442803144455,
                    0.0,
                    0.0,
                    1.0,
                    0.0,
                    0.0,
                    0.0,
                    0.0,
                    1.0
                ],
                "Components": [],
                "Children": [
                    12658302434902433546
                ]
            },
            {
                "UID": 5111816499518785993,
                "ParentUID": 8196524306514439749,
                "Name": "jnt_spine_02",
                "Mobility": 0,
                "SelectParent": true,
                "Enabled": true,
                "WasEnabled": true,
                "NavmeshValid": false,
                "PrefabChildUID": 11759986680125373091,
                "LocalTransform": [
                    0.9777187705039978,
                    0.014235351234674454,
                    0.20936623215675354,
                    -0.0009217114420607686,
                    -0.0017283696215599775,
                    0.9981904625892639,
                    -0.05979975312948227,
                    0.0899403989315033,
                    -0.20984068512916565,
                    0.05810564011335373,
                    0.9760006666183472,
                    -0.009945869445800781,
                    0.0,
                    0.0,
                    0.0,
                    1.0
                ],
                "Components": [],
                "Children": [
                    6546687924492507702,
                    12536684006317302661,
                    13347764713677711836
                ]
            },
            {
                "UID": 5629495765932656058,
                "ParentUID": 254805354422607542,
                "Name": "jnt_cloth_R_01",
                "Mobility": 0,
                "SelectParent": true,
                "Enabled": true,
                "WasEnabled": true,
                "NavmeshValid": false,
                "PrefabChildUID": 43393629876293374,
                "LocalTransform": [
                    0.9999119639396667,
                    -0.000752325402572751,
                    -0.0006707772263325751,
                    -0.03399626910686493,
                    0.0007366855861619115,
                    0.9996471405029297,
                    -0.02301943488419056,
                    -0.0999058187007904,
                    0.0006878819549456239,
                    0.02301769144833088,
                    0.9997009634971619,
                    0.010912122204899788,
                    0.0,
                    0.0,
                    0.0,
                    1.0
                ],
                "Components": [],
                "Children": [
                    10967989646439226072
                ]
            },
            {
                "UID": 8843142209029477163,
                "ParentUID": 2264541915418131051,
                "Name": "jnt_pelt_2_L_01",
                "Mobility": 0,
                "SelectParent": true,
                "Enabled": true,
                "WasEnabled": true,
                "NavmeshValid": false,
                "PrefabChildUID": 3004003633800228031,
                "LocalTransform": [
                    1.0,
                    2.8773889212729874e-16,
                    7.492491960192638e-8,
                    0.11775559186935425,
                    2.45757122876826e-15,
                    1.0,
                    -3.664081660303964e-8,
                    -0.0377315878868103,
                    -7.492491960192638e-8,
                    3.664081660303964e-8,
                    1.0,
                    -0.0525047592818737,
                    0.0,
                    0.0,
                    0.0,
                    1.0
                ],
                "Components": [],
                "Children": [
                    12182464683693664792
                ]
            },
            {
                "UID": 7724681622550395113,
                "ParentUID": 11183816527201181535,
                "Name": "EN_Boss_Arena_Floor_Curved_04",
                "Mobility": 1,
                "SelectParent": false,
                "Enabled": true,
                "WasEnabled": true,
                "NavmeshValid": false,
                "LocalTransform": [
                    -0.8945936560630798,
                    0.1485019475221634,
                    0.42175447940826416,
                    22.043128967285156,
                    0.07810121774673462,
                    0.9806259274482727,
                    -0.17964902520179749,
                    0.06579707562923431,
                    -0.4402052164077759,
                    -0.12775661051273346,
                    -0.8887687921524048,
                    -1.933685302734375,
                    0.0,
                    0.0,
                    0.0,
                    1.0
                ],
                "Components": [
                    {
                        "UID": 11840317524416727397,
                        "Type": 1,
                        "Enabled": true,
                        "WasEnabled": true,
                        "Name": "Mesh",
                        "Mesh": 1117004343781961,
                        "Material": 0,
                        "RenderMode": 0,
                        "ProduceShadows": true
                    }
                ],
                "Children": []
            },
            {
                "UID": 3625852883055539756,
                "ParentUID": 11183816527201181535,
                "Name": "EN_Boss_Arena_Floor_Curved_05",
                "Mobility": 1,
                "SelectParent": false,
                "Enabled": true,
                "WasEnabled": true,
                "NavmeshValid": false,
                "LocalTransform": [
                    0.744555652141571,
                    -0.0000012882394457847113,
                    0.6675626635551453,
                    -16.009361267089844,
                    2.1355822354962584e-7,
                    1.0,
                    0.0000016915662399696885,
                    -0.20766714215278625,
                    -0.6675626635551453,
                    -0.0000011172295444339397,
                    0.744555652141571,
                    19.124893188476563,
                    0.0,
                    0.0,
                    0.0,
                    1.0
                ],
                "Components": [
                    {
                        "UID": 1179917436503425224,
                        "Type": 1,
                        "Enabled": true,
                        "WasEnabled": true,
                        "Name": "Mesh",
                        "Mesh": 1190628279540864,
                        "Material": 0,
                        "RenderMode": 0,
                        "ProduceShadows": true
                    }
                ],
                "Children": []
            },
            {
                "UID": 18308313616476047222,
                "ParentUID": 12471407975105093057,
                "Name": "ctrl_hair_L_end",
                "Mobility": 0,
                "SelectParent": true,
                "Enabled": true,
                "WasEnabled": true,
                "NavmeshValid": false,
                "PrefabChildUID": 1704643789035710102,
                "LocalTransform": [
                    1.0,
                    -2.2846506908535957e-9,
                    2.2118911147117615e-9,
                    -5.820766091346741e-10,
                    2.2846506908535957e-9,
                    1.0,
                    9.89530235528946e-10,
                    -0.005202786531299353,
                    -2.2118911147117615e-9,
                    -9.89530235528946e-10,
                    1.0,
                    2.3283064365386963e-9,
                    0.0,
                    0.0,
                    0.0,
                    1.0
                ],
                "Components": [],
                "Children": []
            },
            {
                "UID": 6546081409444138519,
                "ParentUID": 11183816527201181535,
                "Name": "EN_Boss_Arena_Floor_Curved_01",
                "Mobility": 1,
                "SelectParent": false,
                "Enabled": true,
                "WasEnabled": true,
                "NavmeshValid": false,
                "LocalTransform": [
                    -0.6472697854042053,
                    -0.08155321329832077,
                    0.7578998804092407,
                    20.713943481445313,
                    -0.0529613122344017,
                    0.996668815612793,
                    0.062015350908041,
                    0.4613800048828125,
                    -0.7604297995567322,
                    -6.326550305857381e-7,
                    -0.6494213342666626,
                    -3.336099624633789,
                    0.0,
                    0.0,
                    0.0,
                    1.0
                ],
                "Components": [
                    {
                        "UID": 4422463757070071574,
                        "Type": 1,
                        "Enabled": true,
                        "WasEnabled": true,
                        "Name": "Mesh",
                        "Mesh": 1194200003146359,
                        "Material": 0,
                        "RenderMode": 0,
                        "ProduceShadows": true
                    }
                ],
                "Children": []
            },
            {
                "UID": 11460904941183609977,
                "ParentUID": 11951884175021471576,
                "Name": "jnt_Pink_L_02",
                "Mobility": 0,
                "SelectParent": true,
                "Enabled": true,
                "WasEnabled": true,
                "NavmeshValid": false,
                "PrefabChildUID": 9528855822532992329,
                "LocalTransform": [
                    1.0,
                    -1.4581019058823586e-8,
                    -2.029992174357176e-9,
                    0.009233961813151836,
                    1.4581019058823586e-8,
                    1.0,
                    -2.4228938855230808e-8,
                    -0.02645401656627655,
                    2.0299926184463857e-9,
                    2.4228938855230808e-8,
                    1.0,
                    -0.00006699841469526291,
                    0.0,
                    0.0,
                    0.0,
                    1.0
                ],
                "Components": [],
                "Children": []
            },
            {
                "UID": 8624723256307337942,
                "ParentUID": 11183816527201181535,
                "Name": "EN_Boss_Arena_Floor_Curved_02",
                "Mobility": 1,
                "SelectParent": false,
                "Enabled": true,
                "WasEnabled": true,
                "NavmeshValid": false,
                "LocalTransform": [
                    0.9079130291938782,
                    1.384341885568574e-8,
                    0.4190932512283325,
                    -8.662612915039063,
                    -0.03484274446964264,
                    0.9965378642082214,
                    0.07548554241657257,
                    0.9872698187828064,
                    -0.4176405966281891,
                    -0.08313905447721481,
                    0.9048011302947998,
                    22.596221923828125,
                    0.0,
                    0.0,
                    0.0,
                    1.0
                ],
                "Components": [
                    {
                        "UID": 9727202796405841543,
                        "Type": 1,
                        "Enabled": true,
                        "WasEnabled": true,
                        "Name": "Mesh",
                        "Mesh": 1188405533194368,
                        "Material": 0,
                        "RenderMode": 0,
                        "ProduceShadows": true
                    }
                ],
                "Children": []
            },
            {
                "UID": 7713220694497565986,
                "ParentUID": 12593285445956831667,
                "Name": "transform1",
                "Mobility": 0,
                "SelectParent": true,
                "Enabled": true,
                "WasEnabled": true,
                "NavmeshValid": false,
                "PrefabChildUID": 15928706742883300798,
                "LocalTransform": [
                    1.0,
                    6.234695888451824e-7,
                    1.775807731974055e-7,
                    3.5620267624381086e-8,
                    -6.234696456886013e-7,
                    0.9999999403953552,
                    -2.436183754728205e-10,
                    -1.6113772005610372e-7,
                    -1.775807731974055e-7,
                    2.4350765848168976e-10,
                    1.0,
                    -0.7972404956817627,
                    0.0,
                    0.0,
                    0.0,
                    1.0
                ],
                "Components": [],
                "Children": [
                    4031018988693877117,
                    5267363975972140064
                ]
            },
            {
                "UID": 2370641288973762917,
                "ParentUID": 456622993007660517,
                "Name": "EN_Boss_Arena_Wall_02",
                "Mobility": 1,
                "SelectParent": false,
                "Enabled": true,
                "WasEnabled": true,
                "NavmeshValid": false,
                "LocalTransform": [
                    0.9497708082199097,
                    0.015631914138793945,
                    -0.31297987699508667,
                    -18.603885650634766,
                    -0.02452913671731949,
                    0.9994018077850342,
                    -0.024520650506019592,
                    -0.653532087802887,
                    0.312411904335022,
                    0.03096303530037403,
                    0.9494336247444153,
                    14.705557823181152,
                    0.0,
                    0.0,
                    0.0,
                    1.0
                ],
                "Components": [
                    {
                        "UID": 3946842849390201020,
                        "Type": 1,
                        "Enabled": true,
                        "WasEnabled": true,
                        "Name": "Mesh",
                        "Mesh": 1162923233661774,
                        "Material": 0,
                        "RenderMode": 0,
                        "ProduceShadows": true
                    }
                ],
                "Children": []
            },
            {
                "UID": 2342996717648910829,
                "ParentUID": 14547429557385646294,
                "Name": "EN_WaterfallRock_09",
                "Mobility": 1,
                "SelectParent": false,
                "Enabled": true,
                "WasEnabled": true,
                "NavmeshValid": false,
                "LocalTransform": [
                    1.0,
                    0.0,
                    0.0,
                    72.36051940917969,
                    0.0,
                    1.0,
                    4.189086143940868e-17,
                    2.896604299545288,
                    0.0,
                    -4.189086143940868e-17,
                    1.0,
                    -88.03438568115234,
                    0.0,
                    0.0,
                    0.0,
                    1.0
                ],
                "Components": [
                    {
                        "UID": 4848203841177660228,
                        "Type": 1,
                        "Enabled": true,
                        "WasEnabled": true,
                        "Name": "Mesh",
                        "Mesh": 1167476682570038,
                        "Material": 0,
                        "RenderMode": 0,
                        "ProduceShadows": true
                    }
                ],
                "Children": []
            },
            {
                "UID": 14448224650106620564,
                "ParentUID": 11183816527201181535,
                "Name": "EN_Boss_Arena_Floor_04",
                "Mobility": 1,
                "SelectParent": false,
                "Enabled": true,
                "WasEnabled": true,
                "NavmeshValid": false,
                "LocalTransform": [
                    -0.828809380531311,
                    -0.0000014309115385913174,
                    -0.5595324635505676,
                    19.886001586914063,
                    -0.0000017942870726983529,
                    1.0,
                    1.0029043551185168e-7,
                    0.8902088403701782,
                    0.5595324635505676,
                    0.0000010872327038669027,
                    -0.828809380531311,
                    0.07878780364990234,
                    0.0,
                    0.0,
                    0.0,
                    1.0
                ],
                "Components": [
                    {
                        "UID": 11484953999663085327,
                        "Type": 1,
                        "Enabled": true,
                        "WasEnabled": true,
                        "Name": "Mesh",
                        "Mesh": 1132408044051634,
                        "Material": 0,
                        "RenderMode": 0,
                        "ProduceShadows": true
                    }
                ],
                "Children": []
            },
            {
                "UID": 5151364778547347276,
                "ParentUID": 5666668215224624163,
                "Name": "ctrl_pinky_L_02",
                "Mobility": 0,
                "SelectParent": true,
                "Enabled": true,
                "WasEnabled": true,
                "NavmeshValid": false,
                "PrefabChildUID": 7608119895550300139,
                "LocalTransform": [
                    1.0,
                    -9.313225746154785e-10,
                    7.4505797087454084e-9,
                    -4.76837158203125e-7,
                    9.313225746154785e-10,
                    1.0,
                    4.190950697591234e-9,
                    0.0000023096799850463867,
                    -7.4505797087454084e-9,
                    -4.190950697591234e-9,
                    1.0,
                    -7.450580596923828e-7,
                    0.0,
                    0.0,
                    0.0,
                    1.0
                ],
                "Components": [],
                "Children": []
            },
            {
                "UID": 14389372409255291491,
                "ParentUID": 13337202084006277909,
                "Name": "grp_band_back_02",
                "Mobility": 0,
                "SelectParent": true,
                "Enabled": true,
                "WasEnabled": true,
                "NavmeshValid": false,
                "PrefabChildUID": 2105905109105388305,
                "LocalTransform": [
                    -0.9674382209777832,
                    0.060462888330221176,
                    -0.24578110873699188,
                    0.0015983395278453827,
                    1.862645149230957e-8,
                    0.971048891544342,
                    0.23888090252876282,
                    0.044150419533252716,
                    0.2531088888645172,
                    0.23110240697860718,
                    -0.939429759979248,
                    -0.10545807331800461,
                    0.0,
                    0.0,
                    0.0,
                    1.0
                ],
                "Components": [],
                "Children": [
                    14056799866537270527
                ]
            },
            {
                "UID": 2369734112751060278,
                "ParentUID": 14547429557385646294,
                "Name": "EN_Boss_Arena_Wall_Entrance_02",
                "Mobility": 1,
                "SelectParent": false,
                "Enabled": true,
                "WasEnabled": true,
                "NavmeshValid": false,
                "LocalTransform": [
                    -0.8445766568183899,
                    -1.7858877754406421e-7,
                    0.5354357361793518,
                    61.87346649169922,
                    1.7509881899968605e-7,
                    1.0,
                    6.101698772909003e-7,
                    -0.00011300948972348124,
                    -0.5354357361793518,
                    6.090901933930581e-7,
                    -0.8445766568183899,
                    -68.54426574707031,
                    0.0,
                    0.0,
                    0.0,
                    1.0
                ],
                "Components": [
                    {
                        "UID": 15087700825364777069,
                        "Type": 1,
                        "Enabled": true,
                        "WasEnabled": true,
                        "Name": "Mesh",
                        "Mesh": 1105824223600512,
                        "Material": 0,
                        "RenderMode": 0,
                        "ProduceShadows": true
                    }
                ],
                "Children": []
            },
            {
                "UID": 14286201074037773818,
                "ParentUID": 18168919769576740115,
                "Name": "Camera Pivot",
                "Mobility": 0,
                "SelectParent": false,
                "Enabled": true,
                "WasEnabled": true,
                "NavmeshValid": false,
                "PrefabChildUID": 15230257713547112025,
                "LocalTransform": [
                    0.7071067094802856,
                    -0.0,
                    -0.7071068286895752,
                    0.0,
                    0.0,
                    1.0,
                    -0.0,
                    0.0,
                    0.7071068286895752,
                    0.0,
                    0.7071067094802856,
                    0.0,
                    0.0,
                    0.0,
                    0.0,
                    1.0
                ],
                "Components": [
                    {
                        "UID": 13638287539276079913,
                        "Type": 7,
                        "Enabled": true,
                        "WasEnabled": true,
                        "Name": "Script",
                        "Scripts": [
                            {
                                "Script Name": "CameraMovement",
                                "Enabled": true,
                                "WasEnabled": true,
                                "Target": "walk",
                                "Smoothness Velocity": 2.0739998817443848,
                                "Enable Mouse Offset": false,
                                "Mouse Offset Intensity": 0.5080000162124634,
                                "Look Ahead Intensity": 2.752000093460083,
                                "Look Ahead Smoothness": 8.04800033569336,
                                "Follow Distance Threshold": 1.0219999551773071
                            }
                        ]
                    },
                    {
                        "UID": 13136099878310772321,
                        "Type": 19,
                        "Enabled": true,
                        "WasEnabled": true,
                        "Name": "Audio Listener"
                    }
                ],
                "Children": [
                    12392833332754185524
                ]
            },
            {
                "UID": 10695747511593195876,
                "ParentUID": 11183816527201181535,
                "Name": "EN_Boss_Arena_Floor_05",
                "Mobility": 1,
                "SelectParent": false,
                "Enabled": true,
                "WasEnabled": true,
                "NavmeshValid": false,
                "LocalTransform": [
                    -0.08263079822063446,
                    0.0,
                    0.9965808987617493,
                    -23.456687927246094,
                    7.815970093361102e-14,
                    1.0,
                    3.454942998359911e-10,
                    0.5365601778030396,
                    -0.9965808987617493,
                    -2.1175688156085948e-15,
                    -0.08263079822063446,
                    5.19373893737793,
                    0.0,
                    0.0,
                    0.0,
                    1.0
                ],
                "Components": [
                    {
                        "UID": 388409852339368015,
                        "Type": 1,
                        "Enabled": true,
                        "WasEnabled": true,
                        "Name": "Mesh",
                        "Mesh": 1191001074840563,
                        "Material": 0,
                        "RenderMode": 0,
                        "ProduceShadows": true
                    }
                ],
                "Children": []
            },
            {
                "UID": 13903685270795808526,
                "ParentUID": 11183816527201181535,
                "Name": "EN_Boss_Arena_Floor_03",
                "Mobility": 1,
                "SelectParent": false,
                "Enabled": true,
                "WasEnabled": true,
                "NavmeshValid": false,
                "LocalTransform": [
                    0.212767094373703,
                    -8.887403737389832e-7,
                    0.977102518081665,
                    -11.37442398071289,
                    -8.884053386282176e-7,
                    1.0,
                    0.0000011026234005839797,
                    0.4738159775733948,
                    -0.977102518081665,
                    -0.0000011028388371414621,
                    0.212767094373703,
                    21.240596771240234,
                    0.0,
                    0.0,
                    0.0,
                    1.0
                ],
                "Components": [
                    {
                        "UID": 11112206630816022629,
                        "Type": 1,
                        "Enabled": true,
                        "WasEnabled": true,
                        "Name": "Mesh",
                        "Mesh": 1173522032481483,
                        "Material": 0,
                        "RenderMode": 0,
                        "ProduceShadows": true
