{
    "Scene": {
        "UID": 15014931711400482509,
        "Name": "SCENE_Help",
        "RootGameObject": 13777843463688486933,
        "NavmeshUID": 2084988682450363,
        "Camera Position": [
            12.250537872314453,
            5.786715030670166,
            2.4258840084075928
        ],
        "Camera Front": [
            -0.618231475353241,
            -0.7265426516532898,
            -0.2998760938644409
        ],
        "Camera Up": [
            -0.6533474922180176,
            0.6875467896461487,
            -0.31688567996025085
        ],
        "WorldObjectsMask": 13,
        "TriggerMask": 8,
        "EnemyMask": 9,
        "PlayerMask": 7,
        "PlayerProjectileMask": 0,
        "EnemyProjectileMask": 0,
        "GameObjects": [
            {
                "UID": 17260885944007665807,
                "ParentUID": 1057229865853451630,
                "Name": "grp_pinky_L_01",
                "Mobility": 0,
                "SelectParent": true,
                "Enabled": true,
                "WasEnabled": true,
                "NavmeshValid": false,
                "LocalTransform": [
                    0.02700129523873329,
                    0.0,
                    0.0,
                    -0.07940877974033356,
                    0.0,
                    0.02700130082666874,
                    0.0,
                    -0.1662813425064087,
                    0.0,
                    0.0,
                    0.02700130082666874,
                    -0.07186101377010345,
                    0.0,
                    0.0,
                    0.0,
                    1.0
                ],
                "Components": [],
                "Children": [
                    9738653459320369420
                ]
            },
            {
                "UID": 7310415398851653434,
                "ParentUID": 11718433151440663168,
                "Name": "ctrl_band_front_02",
                "Mobility": 0,
                "SelectParent": true,
                "Enabled": true,
                "WasEnabled": true,
                "NavmeshValid": false,
                "LocalTransform": [
                    1.0,
                    3.725290742551124e-9,
                    -1.4901162970204496e-8,
                    0.0028749043121933937,
                    -3.725290742551124e-9,
                    1.0,
                    3.725290742551124e-9,
                    0.005863551050424576,
                    1.4901162970204496e-8,
                    -3.725290742551124e-9,
                    1.0,
                    0.01067893672734499,
                    0.0,
                    0.0,
                    0.0,
                    1.0
                ],
                "Components": [],
                "Children": []
            },
            {
                "UID": 17444549934737418464,
                "ParentUID": 13160604309489438003,
                "Name": "jnt_spear_tail_spine_01",
                "Mobility": 0,
                "SelectParent": true,
                "Enabled": true,
                "WasEnabled": true,
                "NavmeshValid": false,
                "LocalTransform": [
                    1.0,
                    -5.91777336467203e-7,
                    6.3129133032191476e-9,
                    3.132702985908509e-8,
                    5.917772796237841e-7,
                    1.0000001192092896,
                    9.462393535386582e-9,
                    -2.327575998606335e-8,
                    -6.312919076378876e-9,
                    -9.462391759029742e-9,
                    0.9999999403953552,
                    -0.08891746401786804,
                    0.0,
                    0.0,
                    0.0,
                    1.0
                ],
                "Components": [],
                "Children": [
                    12587864027016812542
                ]
            },
            {
                "UID": 14414732424673143187,
                "ParentUID": 1381918374378985008,
                "Name": "ctrl_clavicle_L1",
                "Mobility": 0,
                "SelectParent": true,
                "Enabled": true,
                "WasEnabled": true,
                "NavmeshValid": false,
                "PrefabChildUID": 12638866018436112773,
                "LocalTransform": [
                    -1.0,
                    0.0,
                    0.0,
                    0.0,
                    -0.0,
                    1.0,
                    0.0,
                    -1.3347630500793457,
                    -0.0,
                    0.0,
                    1.0,
                    0.003451995085924864,
                    -0.0,
                    0.0,
                    0.0,
                    1.0
                ],
                "Components": [],
                "Children": [
                    12412655327569795380
                ]
            },
            {
                "UID": 13777843463688486933,
                "ParentUID": 0,
                "Name": "SceneModule GameObject",
                "Mobility": 1,
                "SelectParent": false,
                "Enabled": true,
                "WasEnabled": true,
                "NavmeshValid": false,
                "LocalTransform": [
                    1.0,
                    0.0,
                    0.0,
                    0.0,
                    0.0,
                    1.0,
                    0.0,
                    0.0,
                    0.0,
                    0.0,
                    1.0,
                    0.0,
                    0.0,
                    0.0,
                    0.0,
                    1.0
                ],
                "Components": [],
                "Children": [
                    12152814416028824698,
                    8456529116664163152,
                    16959746564549370867
                ]
            },
            {
                "UID": 12152814416028824698,
                "ParentUID": 13777843463688486933,
                "Name": "new Game Object",
                "Mobility": 1,
                "SelectParent": false,
                "Enabled": true,
                "WasEnabled": true,
                "NavmeshValid": true,
                "LocalTransform": [
                    25.209197998046875,
                    0.0,
                    0.0,
                    0.0,
                    0.0,
                    0.6475406289100647,
                    0.0,
                    0.0,
                    0.0,
                    0.0,
                    25.209197998046875,
                    0.0,
                    0.0,
                    0.0,
                    0.0,
                    1.0
                ],
                "Components": [
                    {
                        "UID": 10304545202346142227,
                        "Type": 1,
                        "Enabled": true,
                        "WasEnabled": true,
                        "Name": "Mesh",
                        "Mesh": 1175652718975713,
                        "Material": 0,
                        "RenderMode": 2,
                        "ProduceShadows": true
                    }
                ],
                "Children": []
            },
            {
                "UID": 2283622921874537370,
                "ParentUID": 8022969642964655061,
                "Name": "jnt_Index_R_02_GRP",
                "Mobility": 0,
                "SelectParent": true,
                "Enabled": true,
                "WasEnabled": true,
                "NavmeshValid": false,
                "PrefabChildUID": 12198493160166987293,
                "LocalTransform": [
                    0.9968598484992981,
                    -0.03553701192140579,
                    -0.07076407223939896,
                    0.04214140772819519,
                    0.01686372607946396,
                    0.9684162139892578,
                    -0.2487681657075882,
                    0.014604734256863594,
                    0.07736954838037491,
                    0.24679364264011383,
                    0.9659745693206787,
                    -0.00486647617071867,
                    0.0,
                    0.0,
                    0.0,
                    1.0
                ],
                "Components": [],
                "Children": [
                    1288770972417521130
                ]
            },
            {
                "UID": 7055737886202880397,
                "ParentUID": 6200176496597321628,
                "Name": "jnt_Pink_L_01",
                "Mobility": 0,
                "SelectParent": true,
                "Enabled": true,
                "WasEnabled": true,
                "NavmeshValid": false,
                "PrefabChildUID": 1789731726021811529,
                "LocalTransform": [
                    0.8626422882080078,
                    0.3817653954029083,
                    -0.3318178653717041,
                    0.014124035835266113,
                    -0.4557722806930542,
                    0.871167004108429,
                    -0.18259184062480927,
                    0.10459689795970917,
                    0.2193615883588791,
                    0.30874502658843994,
                    0.9255033135414124,
                    0.03506363183259964,
                    0.0,
                    0.0,
                    0.0,
                    1.0
                ],
                "Components": [],
                "Children": [
                    1145563068309319954
                ]
            },
            {
                "UID": 7506629319949782135,
                "ParentUID": 3773662554143352045,
                "Name": "ctrl_spine_02",
                "Mobility": 0,
                "SelectParent": true,
                "Enabled": true,
                "WasEnabled": true,
                "NavmeshValid": false,
                "LocalTransform": [
                    0.9987637996673584,
                    0.041715942323207855,
                    0.024476319551467896,
                    -2.4935027909123164e-7,
                    -0.030187424272298813,
                    0.9329647421836853,
                    -0.3584158718585968,
                    0.0006369143957272172,
                    -0.037791166454553604,
                    0.3572414815425873,
                    0.9331735968589783,
                    0.004639673046767712,
                    0.0,
                    0.0,
                    0.0,
                    1.0
                ],
                "Components": [],
                "Children": [
                    960419347165467814,
                    11718433151440663168,
                    14703642008634777216
                ]
            },
            {
                "UID": 12455431395562838668,
                "ParentUID": 13238854453211053110,
                "Name": "jnt_cloth_02",
                "Mobility": 0,
                "SelectParent": true,
                "Enabled": true,
                "WasEnabled": true,
                "NavmeshValid": false,
                "PrefabChildUID": 9449821929064628033,
                "LocalTransform": [
                    -0.9990677833557129,
                    -0.06131989508867264,
                    -2.3140261262710737e-8,
                    -1.876927910871018e-7,
                    -0.061378251761198044,
                    0.9981179237365723,
                    -2.4990004021674395e-7,
                    0.15638689696788788,
                    3.842012574750697e-8,
                    -2.4777216367510846e-7,
                    -1.0009628534317017,
                    2.212905769738427e-7,
                    0.0,
                    0.0,
                    0.0,
                    1.0
                ],
                "Components": [],
                "Children": [
                    15834516759365288940
                ]
            },
            {
                "UID": 18244664085679464825,
                "ParentUID": 321397264685569995,
                "Name": "jnt_Hair_R_02",
                "Mobility": 0,
                "SelectParent": true,
                "Enabled": true,
                "WasEnabled": true,
                "NavmeshValid": false,
                "LocalTransform": [
                    0.7116812467575073,
                    0.702499270439148,
                    2.314661884383895e-8,
                    0.0047333501279354095,
                    -0.702499270439148,
                    0.7116812467575073,
                    -1.7577299615822994e-8,
                    -0.060429900884628296,
                    -2.8821052211469578e-8,
                    -3.751047472633218e-9,
                    1.0,
                    0.006641015876084566,
                    0.0,
                    0.0,
                    0.0,
                    1.0
                ],
                "Components": [],
                "Children": []
            },
            {
                "UID": 8218411591307260988,
                "ParentUID": 15237016113054117980,
                "Name": "jnt_Ring_R_02_CTRL",
                "Mobility": 0,
                "SelectParent": true,
                "Enabled": true,
                "WasEnabled": true,
                "NavmeshValid": false,
                "PrefabChildUID": 17771136209620322177,
                "LocalTransform": [
                    0.10244357585906982,
                    0.9354053735733032,
                    -0.3384113013744354,
                    0.0,
                    -0.9913132190704346,
                    0.06779211759567261,
                    -0.11270471662282944,
                    0.0,
                    -0.0824829638004303,
                    0.34701746702194214,
                    0.9342244863510132,
                    0.0,
                    0.0,
                    0.0,
                    0.0,
                    1.0
                ],
                "Components": [],
                "Children": [
                    16078773116563637113
                ]
            },
            {
                "UID": 6050413605930573237,
                "ParentUID": 6042137752700225789,
                "Name": "grp_Hand_Grip_L",
                "Mobility": 0,
                "SelectParent": true,
                "Enabled": true,
                "WasEnabled": true,
                "NavmeshValid": false,
                "LocalTransform": [
                    -0.09122966974973679,
                    1.6261996030807495,
                    0.523537278175354,
                    -0.07485297322273254,
                    -0.5151799917221069,
                    -0.2772262990474701,
                    3.0844194889068604,
                    -0.12005060911178589,
                    1.5637933015823364,
                    0.0035400898195803165,
                    1.0466809272766113,
                    -0.014650225639343262,
                    0.0,
                    0.0,
                    0.0,
                    1.0
                ],
                "Components": [],
                "Children": [
                    15684239778549588290
                ]
            },
            {
                "UID": 1596150851536194006,
                "ParentUID": 9544670311676966435,
                "Name": "jnt_spine_02",
                "Mobility": 0,
                "SelectParent": true,
                "Enabled": true,
                "WasEnabled": true,
                "NavmeshValid": false,
                "LocalTransform": [
                    0.9987709522247314,
                    0.04635456204414368,
                    0.01380227692425251,
                    -0.00014150465722195804,
                    -0.03834133595228195,
                    0.9326984286308289,
                    -0.3583131730556488,
                    0.09136831760406494,
                    -0.02948616072535515,
                    0.3573436439037323,
                    0.9334384799003601,
                    -0.010275712236762047,
                    0.0,
                    0.0,
                    0.0,
                    1.0
                ],
                "Components": [],
                "Children": [
                    15876431522129972769,
                    9794612949856963992,
                    17230818873075150039
                ]
            },
            {
                "UID": 10110792964477470997,
                "ParentUID": 8968826405462022904,
                "Name": "jnt_wrist_L_CTRL_GRP",
                "Mobility": 0,
                "SelectParent": true,
                "Enabled": true,
                "WasEnabled": true,
                "NavmeshValid": false,
                "PrefabChildUID": 13649117534995597092,
                "LocalTransform": [
                    0.19112500548362732,
                    -0.6727874279022217,
                    -0.7148590087890625,
                    0.27271318435668945,
                    -0.44816842675209045,
                    0.5880185961723328,
                    -0.6734752655029297,
                    0.029318444430828094,
                    0.8733353018760681,
                    0.4489888548851013,
                    -0.18916314840316772,
                    -0.011680608615279198,
                    0.0,
                    0.0,
                    0.0,
                    1.0
                ],
                "Components": [],
                "Children": [
                    7308340758579004122
                ]
            },
            {
                "UID": 13068370642271979403,
                "ParentUID": 17081659847418923424,
                "Name": "ctrl_pelt_2_R_02",
                "Mobility": 0,
                "SelectParent": true,
                "Enabled": true,
                "WasEnabled": true,
                "NavmeshValid": false,
                "LocalTransform": [
                    0.8085346817970276,
                    -0.49377962946891785,
                    0.31994420289993286,
                    -0.05310578644275665,
                    0.2972545623779297,
                    0.8120569586753845,
                    0.5021027326583862,
                    0.0011799749918282032,
                    -0.50776606798172,
                    -0.3108721077442169,
                    0.8033981323242188,
                    -0.05969074368476868,
                    0.0,
                    0.0,
                    0.0,
                    1.0
                ],
                "Components": [],
                "Children": []
            },
            {
                "UID": 8261286818817676674,
                "ParentUID": 5589292167351307340,
                "Name": "ctrl_foot_L",
                "Mobility": 0,
                "SelectParent": true,
                "Enabled": true,
                "WasEnabled": true,
                "NavmeshValid": false,
                "PrefabChildUID": 7280115987897112550,
                "LocalTransform": [
                    0.9999699592590332,
                    0.0,
                    0.0,
                    0.2739603817462921,
                    0.0,
                    1.0000276565551758,
                    0.0,
                    0.07378210127353668,
                    0.0,
                    0.0,
                    1.0000317096710205,
                    -0.17418693006038666,
                    0.0,
                    0.0,
                    0.0,
                    1.0
                ],
                "Components": [],
                "Children": []
            },
            {
                "UID": 13238854453211053110,
                "ParentUID": 4696434966403450391,
                "Name": "jnt_cloth_01",
                "Mobility": 0,
                "SelectParent": true,
                "Enabled": true,
                "WasEnabled": true,
                "NavmeshValid": false,
                "PrefabChildUID": 15823387438227849873,
                "LocalTransform": [
                    0.020081717520952225,
                    -0.0570114403963089,
                    -0.998759925365448,
                    -0.07297593355178833,
                    0.320820689201355,
                    -0.9464918971061707,
                    0.06040308251976967,
                    0.08019108325242996,
                    -0.9475270509719849,
                    -0.32167848944664,
                    -0.0007159127853810787,
                    0.06447002291679382,
                    0.0,
                    0.0,
                    0.0,
                    1.0
                ],
                "Components": [],
                "Children": [
                    12455431395562838668
                ]
            },
            {
                "UID": 461556749160877682,
                "ParentUID": 15834516759365288940,
                "Name": "jnt_cloth_end",
                "Mobility": 0,
                "SelectParent": true,
                "Enabled": true,
                "WasEnabled": true,
                "NavmeshValid": false,
                "PrefabChildUID": 6558060744157951871,
                "LocalTransform": [
                    0.9999999403953552,
                    1.7272725472139427e-8,
                    -9.345402673943681e-8,
                    -1.070942090564131e-8,
                    -1.7272727248496267e-8,
                    0.9999998211860657,
                    5.398957281244066e-9,
                    0.1022774949669838,
                    9.345402673943681e-8,
                    -5.398955060798016e-9,
                    0.9999999403953552,
                    2.4592329950223757e-8,
                    0.0,
                    0.0,
                    0.0,
                    1.0
                ],
                "Components": [],
                "Children": []
            },
            {
                "UID": 1480520743813826697,
                "ParentUID": 16310507010154832696,
                "Name": "Ponytail",
                "Mobility": 0,
                "SelectParent": true,
                "Enabled": true,
                "WasEnabled": true,
                "NavmeshValid": false,
                "PrefabChildUID": 10090261305006962905,
                "LocalTransform": [
                    1.0,
                    0.0,
                    0.0,
                    0.0,
                    0.0,
                    1.0,
                    0.0,
                    0.0,
                    0.0,
                    0.0,
                    1.0,
                    0.0,
                    0.0,
                    0.0,
                    0.0,
                    1.0
                ],
                "Components": [
                    {
                        "UID": 15723613429967108566,
                        "Type": 1,
                        "Enabled": true,
                        "WasEnabled": true,
                        "Name": "Mesh",
                        "Mesh": 1108992352501397,
                        "Material": 0,
                        "RenderMode": 0,
                        "Bones": [
                            10610952427404312798,
                            6854362099540803039,
                            3774558705006219124,
                            1491886704305314417,
                            4696434966403450391,
                            13238854453211053110,
                            12455431395562838668,
                            15834516759365288940,
                            461556749160877682,
                            11581196508308660864,
                            1041466547779306662,
                            3034736787648045235,
                            5154091907943455720,
                            13532412731725723013,
                            15912459601785496910,
                            7611455369680434788,
                            1044098155554381025,
                            16930667669940845062,
                            12365411781221387903,
                            8455816445483353397,
                            7396561860571338746,
                            16328567945343173031,
                            2395981989610529244,
                            8442225591442748953,
                            2852234643059951815,
                            6200176496597321628,
                            2872451587995403647,
                            1702390896140931456,
                            5525008160816095709,
                            3502768996464054199,
                            7065493323816072149,
                            9449593854014191878,
                            7055737886202880397,
                            1145563068309319954,
                            8884057405032336767,
                            17738777311283375158,
                            14447863647958640175,
                            2188924174053419952,
                            3785178548864424409,
                            2231537176674872417,
                            10817709727818343814,
                            14203506434703337388,
                            8573046909731634133,
                            17796155710216217955,
                            5459703004958482308,
                            2636426763541386780,
                            11971294254321417305,
                            10615067386309538055,
                            3494932478264979386,
                            7155600144587155303,
                            13698345658987541308,
                            6079046065811802607,
                            9745960541203587533,
                            3469762934849355509,
                            1495316059352450472,
                            12029776984556633413,
                            11321841361148105206,
                            4472143487013760294,
                            3318826953634229555,
                            14625723227011378280,
                            2854841661748676353,
                            11611502808502416616,
                            3793616733015119493,
                            8503512551281770572,
                            7193793124716139511,
                            528280577187708874
                        ],
                        "ModelUID": 1430171191636502,
                        "SkinIndex": 0,
                        "ProduceShadows": true
                    }
                ],
                "Children": []
            },
            {
                "UID": 2854841661748676353,
                "ParentUID": 5459703004958482308,
                "Name": "jnt_WeaponHandle",
                "Mobility": 0,
                "SelectParent": true,
                "Enabled": true,
                "WasEnabled": true,
                "NavmeshValid": false,
                "PrefabChildUID": 16783657696071854783,
                "LocalTransform": [
                    0.5961951613426208,
                    -0.7483810186386108,
                    0.291725218296051,
                    -0.06750524044036865,
                    -0.48652637004852295,
                    -0.6257355213165283,
                    -0.610424816608429,
                    0.06763475388288498,
                    0.6386679410934448,
                    0.22193776071071625,
                    -0.737336277961731,
                    0.04820392280817032,
                    0.0,
                    0.0,
                    0.0,
                    1.0
                ],
                "Components": [],
                "Children": []
            },
            {
                "UID": 15666560745158936085,
                "ParentUID": 17467507031620911084,
                "Name": "jnt_Pink_L_End_CTRL_GRP",
                "Mobility": 0,
                "SelectParent": true,
                "Enabled": true,
                "WasEnabled": true,
                "NavmeshValid": false,
                "PrefabChildUID": 16218399556892217058,
                "LocalTransform": [
                    1.0,
                    0.0,
                    0.0,
                    0.030743464827537537,
                    0.0,
                    1.0,
                    0.0,
                    -0.004758299328386784,
                    0.0,
                    0.0,
                    1.0,
                    0.010199113748967648,
                    0.0,
                    0.0,
                    0.0,
                    1.0
                ],
                "Components": [],
                "Children": [
                    9952408491583671622
                ]
            },
            {
                "UID": 12365411781221387903,
                "ParentUID": 16930667669940845062,
                "Name": "jnt_foot_R_End",
                "Mobility": 0,
                "SelectParent": true,
                "Enabled": true,
                "WasEnabled": true,
                "NavmeshValid": false,
                "PrefabChildUID": 8511047635199866870,
                "LocalTransform": [
                    1.0,
                    1.715528163970248e-8,
                    0.0000010969301911245566,
                    -2.636311435821881e-8,
                    -1.715528519241616e-8,
                    1.0,
                    4.395058539330421e-9,
                    0.09005697071552277,
                    -0.0000010969301911245566,
                    -4.395077191077235e-9,
                    1.0,
                    1.979063579682361e-9,
                    0.0,
                    0.0,
                    0.0,
                    1.0
                ],
                "Components": [],
                "Children": []
            },
            {
                "UID": 9138276289344006005,
                "ParentUID": 5689416289841444440,
                "Name": "jnt_Mid_R_End_CTRL_GRP",
                "Mobility": 0,
                "SelectParent": true,
                "Enabled": true,
                "WasEnabled": true,
                "NavmeshValid": false,
                "PrefabChildUID": 7163301686956006854,
                "LocalTransform": [
                    1.0,
                    0.0,
                    0.0,
                    0.04638247564435005,
                    0.0,
                    1.0,
                    0.0,
                    0.02136649377644062,
                    0.0,
                    0.0,
                    1.0,
                    0.006679886486381292,
                    0.0,
                    0.0,
                    0.0,
                    1.0
                ],
                "Components": [],
                "Children": [
                    1896748918901556739
                ]
            },
            {
                "UID": 8501934430161976453,
                "ParentUID": 1916821069552393047,
                "Name": "jnt_foot_L_01",
                "Mobility": 0,
                "SelectParent": true,
                "Enabled": true,
                "WasEnabled": true,
                "NavmeshValid": false,
                "LocalTransform": [
                    1.0,
                    2.515050745444114e-8,
                    3.0634856873490435e-9,
                    0.01901997998356819,
                    -2.2855635606333635e-8,
                    0.8432839512825012,
                    0.5374642014503479,
                    -0.05650007724761963,
                    1.0934154914821193e-8,
                    -0.5374642014503479,
                    0.8432839512825012,
                    0.15022000670433044,
                    0.0,
                    0.0,
                    0.0,
                    1.0
                ],
                "Components": [],
                "Children": []
            },
            {
                "UID": 3774558705006219124,
                "ParentUID": 6854362099540803039,
                "Name": "hair_jnt_02",
                "Mobility": 0,
                "SelectParent": true,
                "Enabled": true,
                "WasEnabled": true,
                "NavmeshValid": false,
                "PrefabChildUID": 2033826735863335679,
                "LocalTransform": [
                    1.0000001192092896,
                    -6.46710879292911e-11,
                    1.798589366330816e-8,
                    7.259811862780907e-9,
                    -1.799569737670481e-8,
                    0.0005465736612677574,
                    0.9994531273841858,
                    0.10992690920829773,
                    -7.454837441800422e-11,
                    -0.9994531869888306,
                    0.0005465736030600965,
                    -0.015267615206539631,
                    0.0,
                    0.0,
                    0.0,
                    1.0
                ],
                "Components": [],
                "Children": [
                    1491886704305314417
                ]
            },
            {
                "UID": 17827410354561525790,
                "ParentUID": 8903024455569261241,
                "Name": "crl_arm_L_02",
                "Mobility": 0,
                "SelectParent": true,
                "Enabled": true,
                "WasEnabled": true,
                "NavmeshValid": false,
                "LocalTransform": [
                    0.8350182771682739,
                    0.19508759677410126,
                    -0.5146109461784363,
                    -1.6701463323443022e-8,
                    -0.23194320499897003,
                    0.9728185534477234,
                    -0.007603820879012346,
                    -1.78853596821682e-7,
                    0.4990730285644531,
                    0.12570689618587494,
                    0.8574815392494202,
                    -1.1153201029401316e-7,
                    0.0,
                    0.0,
                    0.0,
                    1.0
                ],
                "Components": [],
                "Children": [
                    12853569652553112458
                ]
            },
            {
                "UID": 7615331975511951129,
                "ParentUID": 12607684634535498207,
                "Name": "grp_cloth_L_02",
                "Mobility": 0,
                "SelectParent": true,
                "Enabled": true,
                "WasEnabled": true,
                "NavmeshValid": false,
                "LocalTransform": [
                    0.9981812238693237,
                    -0.03269318491220474,
                    0.05032256618142128,
                    0.0020261630415916443,
                    0.029344592243433,
                    0.9973833560943604,
                    0.06589753180742264,
                    -0.061629120260477066,
                    -0.05234547704458237,
                    -0.06430187076330185,
                    0.9965479373931885,
                    -0.008394942618906498,
                    0.0,
                    0.0,
                    0.0,
                    1.0
                ],
                "Components": [],
                "Children": [
                    1364649104690431893
                ]
            },
            {
                "UID": 17089490275255649931,
                "ParentUID": 3083391270804252606,
                "Name": "jnt_Index_L_02_GRP",
                "Mobility": 0,
                "SelectParent": true,
                "Enabled": true,
                "WasEnabled": true,
                "NavmeshValid": false,
                "PrefabChildUID": 13248501741794605183,
                "LocalTransform": [
                    0.9968591928482056,
                    -0.03553701192140579,
                    -0.07076406478881836,
                    0.04214140772819519,
                    0.016863716766238213,
                    0.9684162139892578,
                    -0.24876822531223297,
                    0.014604734256863594,
                    0.07736948877573013,
                    0.2467937022447586,
                    0.9659745693206787,
                    -0.00486647617071867,
                    0.0,
                    0.0,
                    0.0,
                    1.0
                ],
                "Components": [],
                "Children": [
                    8539912417923043308
                ]
            },
            {
                "UID": 13492487743599175873,
                "ParentUID": 16310507010154832696,
                "Name": "WP_EnemySoldierSword_LP_v03",
                "Mobility": 0,
                "SelectParent": true,
                "Enabled": true,
                "WasEnabled": true,
                "NavmeshValid": false,
                "PrefabChildUID": 1621048115381431964,
                "LocalTransform": [
                    1.0,
                    0.0,
                    0.0,
                    0.0,
                    0.0,
                    1.0,
                    0.0,
                    0.0,
                    0.0,
                    0.0,
                    1.0,
                    0.0,
                    0.0,
                    0.0,
                    0.0,
                    1.0
                ],
                "Components": [
                    {
                        "UID": 2535777061678614065,
                        "Type": 1,
                        "Enabled": true,
                        "WasEnabled": true,
                        "Name": "Mesh",
                        "Mesh": 1145819208639247,
                        "Material": 0,
                        "RenderMode": 1,
                        "Bones": [
                            10610952427404312798,
                            6854362099540803039,
                            3774558705006219124,
                            1491886704305314417,
                            4696434966403450391,
                            13238854453211053110,
                            12455431395562838668,
                            15834516759365288940,
                            461556749160877682,
                            11581196508308660864,
                            1041466547779306662,
                            3034736787648045235,
                            5154091907943455720,
                            13532412731725723013,
                            15912459601785496910,
                            7611455369680434788,
                            1044098155554381025,
                            16930667669940845062,
                            12365411781221387903,
                            8455816445483353397,
                            7396561860571338746,
                            16328567945343173031,
                            2395981989610529244,
                            8442225591442748953,
                            2852234643059951815,
                            6200176496597321628,
                            2872451587995403647,
                            1702390896140931456,
                            5525008160816095709,
                            3502768996464054199,
                            7065493323816072149,
                            9449593854014191878,
                            7055737886202880397,
                            1145563068309319954,
                            8884057405032336767,
                            17738777311283375158,
                            14447863647958640175,
                            2188924174053419952,
                            3785178548864424409,
                            2231537176674872417,
                            10817709727818343814,
