{
    "Scene": {
        "UID": 7567162629660768901,
        "Name": "SCENE_Level1",
        "RootGameObject": 10309131146409751111,
        "WorldObjectsMask": 13,
        "TriggerMask": 8,
        "EnemyMask": 9,
        "PlayerMask": 7,
        "GameObjects": [
            {
                "UID": 10309131146409751111,
                "ParentUID": 0,
                "Name": "SceneModule GameObject",
                "Mobility": 1,
                "IsTopParent": false,
                "Enabled": true,
                "LocalTransform": [
                    1.0,
                    0.0,
                    0.0,
                    0.0,
                    0.0,
                    1.0,
                    0.0,
                    0.0,
                    0.0,
                    0.0,
                    1.0,
                    0.0,
                    0.0,
                    0.0,
                    0.0,
                    1.0
                ],
                "Components": [],
                "Children": [
                    8519135151061334248,
                    8940949425394555029
                ]
            },
            {
                "UID": 8519135151061334248,
                "ParentUID": 10309131146409751111,
                "Name": "BlockoutLevel1",
                "Mobility": 1,
                "IsTopParent": false,
                "Enabled": true,
                "LocalTransform": [
                    1.0,
                    0.0,
                    0.0,
                    0.0,
                    0.0,
                    1.0,
                    0.0,
                    0.0,
                    0.0,
                    0.0,
                    1.0,
                    0.0,
                    0.0,
                    0.0,
                    0.0,
                    1.0
                ],
                "Components": [
                    {
                        "UID": 5358384187884344755,
                        "Type": 1,
                        "Enabled": true,
                        "Name": "Mesh",
                        "Mesh": 1152797957712566,
                        "Material": 1300000000000000
                    }
                ],
                "Children": []
            },
            {
                "UID": 15313765789923467948,
                "ParentUID": 9184700935363535566,
                "Name": "PR_Grain_Sack_01",
                "Mobility": 1,
                "IsTopParent": true,
                "Enabled": true,
                "LocalTransform": [
                    0.04829969257116318,
                    0.0,
                    -0.9988324046134949,
                    -0.4615936279296875,
                    0.0,
                    1.0,
                    0.0,
                    0.1974315643310547,
                    0.9988324046134949,
                    0.0,
                    0.04829966276884079,
                    -5.707437515258789,
                    0.0,
                    0.0,
                    0.0,
                    1.0
                ],
                "Components": [
                    {
                        "UID": 11222691662273680214,
                        "Type": 1,
                        "Enabled": true,
                        "Name": "Mesh",
                        "Mesh": 1134463363854380,
                        "Material": 1300000000000000
                    }
                ],
                "Children": []
            },
            {
                "UID": 8940949425394555029,
                "ParentUID": 10309131146409751111,
                "Name": "Prefab--Center",
                "Mobility": 1,
                "IsTopParent": false,
                "Enabled": true,
                "PrefabUID": 1643408507432984,
                "LocalTransform": [
                    1.0,
                    0.0,
                    0.0,
                    0.0,
                    0.0,
                    1.0,
                    0.0,
                    0.0,
                    0.0,
                    0.0,
                    1.0,
                    0.0,
                    0.0,
                    0.0,
                    0.0,
                    1.0
                ],
                "Components": [],
                "Children": [
                    11024039590453362284,
                    3683825758048273386,
                    2370483197254852360,
                    9425691999335042490,
                    14252803725969792972,
                    15172871682333598099,
                    7917486791893408989,
                    8368953094856605835,
                    9184700935363535566,
                    290071494528847020,
                    6239752431368521854,
                    17896909566724227920,
                    18164801404707170057,
                    8645727962553949821,
                    6028591622878968447,
                    3187437178619166349,
                    17169085658900312879,
                    2386628752139495364,
                    14403901389554622474,
                    14400185100271139696,
                    8754390979220411822,
                    11457395363436938196,
                    8319143358440406822,
                    4017189927610749316,
                    10011360497552508771,
                    8820238082836351525,
                    9988175188177398653,
                    4012128514370215456
                ]
            },
            {
                "UID": 11024039590453362284,
                "ParentUID": 8940949425394555029,
                "Name": "PR_Banner02",
                "Mobility": 1,
                "IsTopParent": true,
                "Enabled": true,
                "LocalTransform": [
                    -3.5762786865234375e-7,
                    0.0,
                    -0.9999994039535522,
                    -21.09624481201172,
                    0.0,
                    0.9999995827674866,
                    0.0,
                    4.718005657196045,
                    1.0,
                    0.0,
                    -3.576276412786683e-7,
                    28.079378128051758,
                    0.0,
                    0.0,
                    0.0,
                    1.0
                ],
                "Components": [
                    {
                        "UID": 3123969113132396823,
                        "Type": 1,
                        "Enabled": true,
                        "Name": "Mesh",
                        "Mesh": 1172721807481307,
                        "Material": 1300000000000000
                    }
                ],
                "Children": []
            },
            {
                "UID": 3683825758048273386,
                "ParentUID": 8940949425394555029,
                "Name": "PR_Banner01",
                "Mobility": 1,
                "IsTopParent": true,
                "Enabled": true,
                "LocalTransform": [
                    -3.5762786865234375e-7,
                    0.0,
                    -0.9999994039535522,
                    -22.270702362060547,
                    0.0,
                    0.9999995231628418,
                    0.0,
                    4.638125896453857,
                    1.0,
                    0.0,
                    -3.576276412786683e-7,
                    26.223722457885742,
                    0.0,
                    0.0,
                    0.0,
                    1.0
                ],
                "Components": [
                    {
                        "UID": 5205656433232955813,
                        "Type": 1,
                        "Enabled": true,
                        "Name": "Mesh",
                        "Mesh": 1159426215561660,
                        "Material": 1300000000000000
                    }
                ],
                "Children": []
            },
            {
                "UID": 2370483197254852360,
                "ParentUID": 8940949425394555029,
                "Name": "EN_Tree01",
                "Mobility": 1,
                "IsTopParent": false,
                "Enabled": true,
                "LocalTransform": [
                    0.6195182204246521,
                    0.0,
                    0.7849826812744141,
                    -40.621124267578125,
                    0.0,
                    1.0,
                    0.0,
                    3.0440635681152344,
                    -0.7849826812744141,
                    0.0,
                    0.6195182204246521,
                    43.36088562011719,
                    0.0,
                    0.0,
                    0.0,
                    1.0
                ],
                "Components": [
                    {
                        "UID": 7961355508688411347,
                        "Type": 1,
                        "Enabled": true,
                        "Name": "Mesh",
                        "Mesh": 1193637290633809,
                        "Material": 1300000000000000
                    }
                ],
                "Children": []
            },
            {
                "UID": 9425691999335042490,
                "ParentUID": 8940949425394555029,
                "Name": "PR_Barrel",
                "Mobility": 1,
                "IsTopParent": false,
                "Enabled": true,
                "LocalTransform": [
                    0.6195182204246521,
                    0.0,
                    0.7849826812744141,
                    -35.8151741027832,
                    0.0,
                    1.0,
                    0.0,
                    3.571995258331299,
                    -0.7849826812744141,
                    0.0,
                    0.6195182204246521,
                    43.38249206542969,
                    0.0,
                    0.0,
                    0.0,
                    1.0
                ],
                "Components": [
                    {
                        "UID": 714182286446882037,
                        "Type": 1,
                        "Enabled": true,
                        "Name": "Mesh",
                        "Mesh": 1177157971470292,
                        "Material": 1300000000000000
                    }
                ],
                "Children": []
            },
            {
                "UID": 17169085658900312879,
                "ParentUID": 8940949425394555029,
                "Name": "EN_Pine05",
                "Mobility": 1,
                "IsTopParent": false,
                "Enabled": true,
                "LocalTransform": [
                    -0.7994343638420105,
                    -4.5108873791832593e-7,
                    -0.030080659314990044,
                    -60.64751052856445,
                    -4.3443461095193925e-7,
                    0.800000011920929,
                    -4.5108873791832593e-7,
                    6.9220099449157715,
                    0.030080659314990044,
                    -4.3443461095193925e-7,
                    -0.7994343638420105,
                    31.086950302124023,
                    0.0,
                    0.0,
                    0.0,
                    1.0
                ],
                "Components": [
                    {
                        "UID": 14649995159251583297,
                        "Type": 1,
                        "Enabled": true,
                        "Name": "Mesh",
                        "Mesh": 1172071023442857,
                        "Material": 1300000000000000
                    }
                ],
                "Children": []
            },
            {
                "UID": 14252803725969792972,
                "ParentUID": 8940949425394555029,
                "Name": "EN_Pine05",
                "Mobility": 1,
                "IsTopParent": false,
                "Enabled": true,
                "LocalTransform": [
                    -0.1388743370771408,
                    0.0,
                    0.9903098940849304,
                    -52.49045944213867,
                    0.0,
                    1.0,
                    0.0,
                    5.245134353637695,
                    -0.9903098940849304,
                    0.0,
                    -0.1388743370771408,
                    36.66867446899414,
                    0.0,
                    0.0,
                    0.0,
                    1.0
                ],
                "Components": [
                    {
                        "UID": 9803881450544662379,
                        "Type": 1,
                        "Enabled": true,
                        "Name": "Mesh",
                        "Mesh": 1138331357601667,
                        "Material": 1300000000000000
                    }
                ],
                "Children": []
            },
            {
                "UID": 15083037149722974699,
                "ParentUID": 9988175188177398653,
                "Name": "PR_Tributes_Flask03",
                "Mobility": 1,
                "IsTopParent": true,
                "Enabled": true,
                "LocalTransform": [
                    1.0,
                    0.0,
                    0.0,
                    3.254800796508789,
                    0.0,
                    1.0,
                    0.0,
                    -0.970923900604248,
                    0.0,
                    -0.0,
                    1.0,
                    3.185047149658203,
                    0.0,
                    0.0,
                    0.0,
                    1.0
                ],
                "Components": [
                    {
                        "UID": 2860510229998080029,
                        "Type": 1,
                        "Enabled": true,
                        "Name": "Mesh",
                        "Mesh": 1185984483028354,
                        "Material": 1300000000000000
                    }
                ],
                "Children": []
            },
            {
                "UID": 15172871682333598099,
                "ParentUID": 8940949425394555029,
                "Name": "EN_HouseRectangular",
                "Mobility": 1,
                "IsTopParent": false,
                "Enabled": true,
                "LocalTransform": [
                    0.9920502305030823,
                    0.0,
                    0.1258435994386673,
                    -37.0560188293457,
                    0.0,
                    1.0,
                    0.0,
                    3.1575205326080322,
                    -0.1258435994386673,
                    0.0,
                    0.9920502305030823,
                    45.99717712402344,
                    0.0,
                    0.0,
                    0.0,
                    1.0
                ],
                "Components": [
                    {
                        "UID": 9138224405298048645,
                        "Type": 1,
                        "Enabled": true,
                        "Name": "Mesh",
                        "Mesh": 1167750218221994,
                        "Material": 1300000000000000
                    }
                ],
                "Children": [
                    2735724731385293149
                ]
            },
            {
                "UID": 7917486791893408989,
                "ParentUID": 8940949425394555029,
                "Name": "EN_TreeOfLife",
                "Mobility": 1,
                "IsTopParent": false,
                "Enabled": true,
                "LocalTransform": [
                    -0.9317219257354736,
                    0.005884912330657244,
                    -0.3631267547607422,
                    -8.1556978225708,
                    -0.08403285592794418,
                    0.9692414402961731,
                    0.23132210969924927,
                    4.756588935852051,
                    0.35331839323043823,
                    0.2460421323776245,
                    -0.902569055557251,
                    43.84023666381836,
                    0.0,
                    0.0,
                    0.0,
                    1.0
                ],
                "Components": [
                    {
                        "UID": 3132766465450308736,
                        "Type": 1,
                        "Enabled": true,
                        "Name": "Mesh",
                        "Mesh": 1199517256288500,
                        "Material": 1300000000000000
                    }
                ],
                "Children": []
            },
            {
                "UID": 8368953094856605835,
                "ParentUID": 8940949425394555029,
                "Name": "EN_Tree02",
                "Mobility": 1,
                "IsTopParent": false,
                "Enabled": true,
                "LocalTransform": [
                    -0.8482034802436829,
                    0.0,
                    -0.5296707153320313,
                    -51.38179016113281,
                    0.0,
                    1.0,
                    0.0,
                    6.708794593811035,
                    0.5296707153320313,
                    0.0,
                    -0.8482034802436829,
                    41.950767517089844,
                    0.0,
                    0.0,
                    0.0,
                    1.0
                ],
                "Components": [
                    {
                        "UID": 3992205800938901950,
                        "Type": 1,
                        "Enabled": true,
                        "Name": "Mesh",
                        "Mesh": 1173669379707545,
                        "Material": 1300000000000000
                    }
                ],
                "Children": []
            },
            {
                "UID": 9184700935363535566,
                "ParentUID": 8940949425394555029,
                "Name": "EN_HouseCity_Hall",
                "Mobility": 1,
                "IsTopParent": false,
                "Enabled": true,
                "LocalTransform": [
                    0.04829973727464676,
                    0.0,
                    0.9988333582878113,
                    -20.043596267700195,
                    0.0,
                    1.0,
                    0.0,
                    4.678067684173584,
                    -0.9988333582878113,
                    0.0,
                    0.04829973727464676,
                    44.76658248901367,
                    0.0,
                    0.0,
                    0.0,
                    1.0
                ],
                "Components": [
                    {
                        "UID": 4829513726031209321,
                        "Type": 1,
                        "Enabled": true,
                        "Name": "Mesh",
                        "Mesh": 1154196477686357,
                        "Material": 1300000000000000
                    }
                ],
                "Children": [
                    3887839547795394520,
                    5845777834707144803,
                    15313765789923467948,
                    13501804116768351142
                ]
            },
            {
                "UID": 290071494528847020,
                "ParentUID": 8940949425394555029,
                "Name": "EN_HouseSmall",
                "Mobility": 1,
                "IsTopParent": false,
                "Enabled": true,
                "LocalTransform": [
                    0.6818870306015015,
                    0.0,
                    0.7314572334289551,
                    -51.21244812011719,
                    0.0,
                    1.0,
                    0.0,
                    6.442312240600586,
                    -0.7314572334289551,
                    0.0,
                    0.6818870306015015,
                    39.10809326171875,
                    0.0,
                    0.0,
                    0.0,
                    1.0
                ],
                "Components": [
                    {
                        "UID": 18304023737897270603,
                        "Type": 1,
                        "Enabled": true,
                        "Name": "Mesh",
                        "Mesh": 1177469966768696,
                        "Material": 1300000000000000
                    }
                ],
                "Children": []
            },
            {
                "UID": 6239752431368521854,
                "ParentUID": 8940949425394555029,
                "Name": "PR_Cart_Logs",
                "Mobility": 1,
                "IsTopParent": false,
                "Enabled": true,
                "LocalTransform": [
                    0.28138837218284607,
                    0.0,
                    0.9595941305160522,
                    -48.07829666137695,
                    0.0,
                    1.0,
                    0.0,
                    6.071573257446289,
                    -0.9595941305160522,
                    0.0,
                    0.28138837218284607,
                    39.56204605102539,
                    0.0,
                    0.0,
                    0.0,
                    1.0
                ],
                "Components": [
                    {
                        "UID": 3596760463375692697,
                        "Type": 1,
                        "Enabled": true,
                        "Name": "Mesh",
                        "Mesh": 1194347607983664,
                        "Material": 1300000000000000
                    }
                ],
                "Children": []
            },
            {
                "UID": 17896909566724227920,
                "ParentUID": 8940949425394555029,
                "Name": "EN_Tree02",
                "Mobility": 1,
                "IsTopParent": false,
                "Enabled": true,
                "LocalTransform": [
                    -0.21798841655254364,
                    0.0,
                    1.0486170053482056,
                    -40.33604431152344,
                    0.0,
                    1.0710352659225464,
                    0.0,
                    2.9492483139038086,
                    -1.0486170053482056,
                    0.0,
                    -0.21798841655254364,
                    48.181663513183594,
                    0.0,
                    0.0,
                    0.0,
                    1.0
                ],
                "Components": [
                    {
                        "UID": 5098386554741309658,
                        "Type": 1,
                        "Enabled": true,
                        "Name": "Mesh",
                        "Mesh": 1173669379707545,
                        "Material": 1300000000000000
                    }
                ],
                "Children": []
            },
            {
                "UID": 18164801404707170057,
                "ParentUID": 8940949425394555029,
                "Name": "EN_Pine06",
                "Mobility": 1,
                "IsTopParent": false,
                "Enabled": true,
                "LocalTransform": [
                    -0.1388743370771408,
                    0.0,
                    0.9903098940849304,
                    -48.34340286254883,
                    0.0,
                    1.0,
                    0.0,
                    5.2451372146606445,
                    -0.9903098940849304,
                    0.0,
                    -0.1388743370771408,
                    41.9564208984375,
                    0.0,
                    0.0,
                    0.0,
                    1.0
                ],
                "Components": [
                    {
                        "UID": 16105754748940141387,
                        "Type": 1,
                        "Enabled": true,
                        "Name": "Mesh",
                        "Mesh": 1193758536598762,
                        "Material": 1300000000000000
                    }
                ],
                "Children": []
            },
            {
                "UID": 8645727962553949821,
                "ParentUID": 8940949425394555029,
                "Name": "EN_Pine04",
                "Mobility": 1,
                "IsTopParent": false,
                "Enabled": true,
                "LocalTransform": [
                    -0.1388743370771408,
                    0.0,
                    0.9903098940849304,
                    -65.19325256347656,
                    0.0,
                    1.0,
                    0.0,
                    5.245020866394043,
                    -0.9903098940849304,
                    0.0,
                    -0.1388743370771408,
                    4.72905969619751,
                    0.0,
                    0.0,
                    0.0,
                    1.0
                ],
                "Components": [
                    {
                        "UID": 9281356575020222740,
                        "Type": 1,
                        "Enabled": true,
                        "Name": "Mesh",
                        "Mesh": 1100723525477028,
                        "Material": 1300000000000000
                    }
                ],
                "Children": []
            },
            {
                "UID": 12991578972826691925,
                "ParentUID": 9988175188177398653,
                "Name": "PR_Tributes_Vase03",
                "Mobility": 1,
                "IsTopParent": true,
                "Enabled": true,
                "LocalTransform": [
                    1.2999999523162842,
                    0.0,
                    0.0,
                    1.693624496459961,
                    0.0,
                    1.2999999523162842,
                    0.0,
                    0.17651939392089844,
                    0.0,
                    0.0,
                    1.2999999523162842,
                    1.3174057006835938,
                    0.0,
                    0.0,
                    0.0,
                    1.0
                ],
                "Components": [
                    {
                        "UID": 12210465137482492204,
                        "Type": 1,
                        "Enabled": true,
                        "Name": "Mesh",
                        "Mesh": 1102070356171652,
                        "Material": 1300000000000000
                    }
                ],
                "Children": []
            },
            {
                "UID": 6028591622878968447,
                "ParentUID": 8940949425394555029,
                "Name": "PR_Crate",
                "Mobility": 1,
                "IsTopParent": false,
                "Enabled": true,
                "LocalTransform": [
                    0.6818870306015015,
                    0.0,
                    0.7314572334289551,
                    -49.17463302612305,
                    0.0,
                    1.0,
                    0.0,
                    6.432061195373535,
                    -0.7314572334289551,
                    0.0,
                    0.6818870306015015,
                    40.35126876831055,
                    0.0,
                    0.0,
                    0.0,
                    1.0
                ],
                "Components": [
                    {
                        "UID": 10707005245744379410,
                        "Type": 1,
                        "Enabled": true,
                        "Name": "Mesh",
                        "Mesh": 1190572980779485,
                        "Material": 1300000000000000
                    }
                ],
                "Children": []
            },
            {
                "UID": 3187437178619166349,
                "ParentUID": 8940949425394555029,
                "Name": "EN_HouseMid_T",
                "Mobility": 1,
                "IsTopParent": false,
                "Enabled": true,
                "LocalTransform": [
                    0.6818870306015015,
                    0.0,
                    0.7314572334289551,
                    -58.59537887573242,
                    0.0,
                    1.0,
                    0.0,
                    7.265850067138672,
                    -0.7314572334289551,
                    0.0,
                    0.6818870306015015,
                    8.224266052246094,
                    0.0,
                    0.0,
                    0.0,
                    1.0
                ],
                "Components": [
                    {
                        "UID": 10109982963465085104,
                        "Type": 1,
                        "Enabled": true,
                        "Name": "Mesh",
                        "Mesh": 1134015673021655,
                        "Material": 1300000000000000
                    }
                ],
                "Children": []
            },
            {
                "UID": 2386628752139495364,
                "ParentUID": 8940949425394555029,
                "Name": "PR_Hanging_Clothes",
                "Mobility": 1,
                "IsTopParent": false,
                "Enabled": true,
                "LocalTransform": [
                    -0.5386917591094971,
                    -0.18134702742099762,
                    0.8227542042732239,
                    -64.45825958251953,
                    -0.11774083226919174,
                    0.9831808805465698,
                    0.1396174281835556,
                    5.245140075683594,
                    -0.8342352509498596,
                    -0.021661046892404556,
                    -0.5509832501411438,
                    9.950369834899902,
                    0.0,
                    0.0,
                    0.0,
                    1.0
                ],
                "Components": [
                    {
                        "UID": 9811244157451062179,
                        "Type": 1,
                        "Enabled": true,
                        "Name": "Mesh",
                        "Mesh": 1190273354435045,
                        "Material": 1300000000000000
                    }
                ],
                "Children": []
            },
            {
                "UID": 122584120390721111,
                "ParentUID": 7970730174098624140,
                "Name": "PR_Skin01",
                "Mobility": 1,
                "IsTopParent": true,
                "Enabled": true,
                "LocalTransform": [
                    -0.33154338598251343,
                    0.0,
                    0.9434808492660522,
                    -0.9828147888183594,
                    0.0,
                    1.0,
                    0.0,
                    -0.08934783935546875,
                    -0.9434617757797241,
                    0.0,
                    -0.33153700828552246,
                    -1.9326553344726563,
                    0.0,
                    0.0,
                    0.0,
                    1.0
                ],
                "Components": [
                    {
                        "UID": 15226989486809986846,
                        "Type": 1,
                        "Enabled": true,
                        "Name": "Mesh",
                        "Mesh": 1154108537680629,
                        "Material": 1300000000000000
                    }
                ],
                "Children": []
            },
            {
                "UID": 14403901389554622474,
                "ParentUID": 8940949425394555029,
                "Name": "EN_Pine01",
                "Mobility": 1,
                "IsTopParent": false,
                "Enabled": true,
                "LocalTransform": [
                    -0.9958905577659607,
                    0.0,
                    -0.09056535363197327,
                    -69.29872131347656,
                    0.0,
                    1.0,
                    0.0,
                    5.245030879974365,
                    0.09056535363197327,
                    0.0,
                    -0.9958905577659607,
                    3.316627264022827,
                    0.0,
                    0.0,
                    0.0,
                    1.0
                ],
                "Components": [
                    {
                        "UID": 17315143826818065593,
                        "Type": 1,
                        "Enabled": true,
                        "Name": "Mesh",
                        "Mesh": 1188637160864595,
                        "Material": 1300000000000000
                    }
                ],
                "Children": []
            },
            {
                "UID": 14400185100271139696,
                "ParentUID": 8940949425394555029,
                "Name": "PR_TopCloth04",
                "Mobility": 1,
                "IsTopParent": false,
                "Enabled": true,
                "LocalTransform": [
                    -1.2461681365966797,
                    0.0,
                    -2.87812876701355,
                    -59.750030517578125,
                    0.0,
                    3.136319637298584,
                    0.0,
                    10.925671577453613,
                    2.8781259059906006,
                    0.0,
                    -1.246158480644226,
                    9.43958854675293,
                    0.0,
                    0.0,
                    0.0,
                    1.0
                ],
                "Components": [
                    {
                        "UID": 6216922622199171067,
                        "Type": 1,
                        "Enabled": true,
                        "Name": "Mesh",
                        "Mesh": 1130069093828815,
                        "Material": 1300000000000000
                    }
                ],
                "Children": []
            },
            {
                "UID": 350966480708679763,
                "ParentUID": 7970730174098624140,
                "Name": "PR_Tributs_Vase03",
                "Mobility": 1,
                "IsTopParent": true,
                "Enabled": true,
                "LocalTransform": [
                    0.9567034840583801,
                    0.0,
                    0.2912294268608093,
                    -0.5567750930786133,
                    0.0,
                    1.0,
                    0.0,
                    -0.07801342010498047,
                    -0.29121696949005127,
                    0.0,
                    0.9566778540611267,
                    -1.3459129333496094,
                    0.0,
                    0.0,
                    0.0,
                    1.0
                ],
                "Components": [
                    {
                        "UID": 7928943858708049733,
                        "Type": 1,
                        "Enabled": true,
                        "Name": "Mesh",
                        "Mesh": 1102070356171652,
                        "Material": 1300000000000000
                    }
                ],
                "Children": []
            },
            {
                "UID": 8754390979220411822,
                "ParentUID": 8940949425394555029,
                "Name": "EN_HouseRectangular",
                "Mobility": 1,
                "IsTopParent": false,
                "Enabled": true,
                "LocalTransform": [
                    -0.1388743370771408,
                    0.0,
                    0.9903098940849304,
                    -67.85383605957031,
                    0.0,
                    1.0,
                    0.0,
                    5.245028018951416,
                    -0.9903098940849304,
                    0.0,
                    -0.1388743370771408,
                    7.639340400695801,
                    0.0,
                    0.0,
                    0.0,
                    1.0
                ],
                "Components": [
                    {
                        "UID": 14162960487319338813,
                        "Type": 1,
                        "Enabled": true,
                        "Name": "Mesh",
                        "Mesh": 1167750218221994,
                        "Material": 1300000000000000
                    }
                ],
                "Children": [
                    518573115136949632
                ]
            },
            {
                "UID": 11457395363436938196,
                "ParentUID": 8940949425394555029,
                "Name": "PR_Cart01",
                "Mobility": 1,
                "IsTopParent": false,
                "Enabled": true,
                "LocalTransform": [
                    0.9695068001747131,
                    0.0,
                    -0.24506975710391998,
                    -53.48400115966797,
                    0.0,
                    1.0,
                    0.0,
                    5.029166221618652,
                    0.24506975710391998,
                    0.0,
                    0.9695068001747131,
                    13.873751640319824,
                    0.0,
                    0.0,
                    0.0,
                    1.0
                ],
                "Components": [
                    {
                        "UID": 16612043878099717939,
                        "Type": 1,
                        "Enabled": true,
                        "Name": "Mesh",
                        "Mesh": 1127626691603631,
                        "Material": 1300000000000000
                    }
                ],
                "Children": []
            },
            {
                "UID": 8319143358440406822,
                "ParentUID": 8940949425394555029,
                "Name": "PR_Barrel",
                "Mobility": 1,
                "IsTopParent": false,
                "Enabled": true,
                "LocalTransform": [
                    1.0000015497207642,
                    0.0,
                    -0.0000340072438120842,
                    -55.38602066040039,
                    0.0,
                    1.0,
                    0.0,
                    5.332115173339844,
                    0.0000340072438120842,
                    0.0,
                    1.0000015497207642,
                    14.202856063842773,
                    0.0,
                    0.0,
                    0.0,
                    1.0
                ],
                "Components": [
                    {
                        "UID": 9352966376914569473,
                        "Type": 1,
                        "Enabled": true,
                        "Name": "Mesh",
                        "Mesh": 1177157971470292,
                        "Material": 1300000000000000
                    }
                ],
                "Children": []
            },
            {
                "UID": 4559753280696595983,
                "ParentUID": 18181218294254077240,
                "Name": "PR_SkinCircle",
                "Mobility": 1,
                "IsTopParent": true,
                "Enabled": true,
                "LocalTransform": [
                    -0.9166098833084106,
                    0.0,
                    0.39978671073913574,
                    4.192605972290039,
                    0.0,
                    1.0,
                    0.0,
                    -3.236706256866455,
                    -0.3997829556465149,
                    -0.0,
                    -0.9166140556335449,
                    -0.833775520324707,
                    0.0,
                    0.0,
                    0.0,
                    1.0
                ],
                "Components": [
                    {
                        "UID": 8695075784929733911,
                        "Type": 1,
