{
    "Scene": {
        "UID": 7567162629660768901,
        "Name": "SCENE_Level1",
        "RootGameObject": 10309131146409751111,
        "WorldObjectsMask": 13,
        "TriggerMask": 8,
        "EnemyMask": 9,
        "PlayerMask": 7,
        "GameObjects": [
            {
                "UID": 15512469569693229641,
                "ParentUID": 7310417421814041341,
                "Name": "PR_Tributes_Plate",
                "Mobility": 1,
                "IsTopParent": true,
                "Enabled": true,
                "LocalTransform": [
                    1.0,
                    0.0,
                    0.0,
                    -1.826333999633789,
                    0.0,
                    1.0,
                    0.0,
                    -0.970543384552002,
                    0.0,
                    -0.0,
                    1.0,
                    3.100677490234375,
                    0.0,
                    0.0,
                    0.0,
                    1.0
                ],
                "Components": [
                    {
                        "UID": 14381989077581616257,
                        "Type": 1,
                        "Enabled": true,
                        "Name": "Mesh",
                        "Mesh": 1141296907708177,
                        "Material": 1300000000000000
                    }
                ],
                "Children": []
            },
            {
                "UID": 10309131146409751111,
                "ParentUID": 0,
                "Name": "SceneModule GameObject",
                "Mobility": 1,
                "IsTopParent": false,
                "Enabled": true,
                "LocalTransform": [
                    1.0,
                    0.0,
                    0.0,
                    0.0,
                    0.0,
                    1.0,
                    0.0,
                    0.0,
                    0.0,
                    0.0,
                    1.0,
                    0.0,
                    0.0,
                    0.0,
                    0.0,
                    1.0
                ],
                "Components": [],
                "Children": [
                    8519135151061334248,
                    2117751112988047986,
                    5787691304447513519,
                    7101588573553941254,
                    718516966555739883,
                    15219185116962235777
                ]
            },
            {
                "UID": 4280414872969238249,
                "ParentUID": 12832962198566060447,
                "Name": "EN_Bull_Statue_main_stand",
                "Mobility": 1,
                "IsTopParent": false,
                "Enabled": true,
                "LocalTransform": [
                    0.9791477918624878,
                    -1.6330846045039746e-14,
                    0.20314852893352509,
                    0.000003814697265625,
                    -6.776263578034403e-21,
                    1.0,
                    8.03887325088147e-14,
                    -1.9076833724975586,
                    -0.20314852893352509,
                    -7.871246108246202e-14,
                    0.9791477918624878,
                    -0.08429336547851563,
                    0.0,
                    0.0,
                    0.0,
                    1.0
                ],
                "Components": [
                    {
                        "UID": 12063124681997853739,
                        "Type": 1,
                        "Enabled": true,
                        "Name": "Mesh",
                        "Mesh": 1144559265209323,
                        "Material": 1300000000000000
                    }
                ],
                "Children": []
            },
            {
                "UID": 8519135151061334248,
                "ParentUID": 10309131146409751111,
                "Name": "BlockoutLevel1",
                "Mobility": 1,
                "IsTopParent": false,
                "Enabled": true,
                "LocalTransform": [
                    1.0,
                    0.0,
                    0.0,
                    0.0,
                    0.0,
                    1.0,
                    0.0,
                    0.0,
                    0.0,
                    0.0,
                    1.0,
                    0.0,
                    0.0,
                    0.0,
                    0.0,
                    1.0
                ],
                "Components": [
                    {
                        "UID": 5358384187884344755,
                        "Type": 1,
                        "Enabled": true,
                        "Name": "Mesh",
                        "Mesh": 1152797957712566,
                        "Material": 1300000000000000
                    }
                ],
                "Children": []
            },
            {
                "UID": 2117751112988047986,
                "ParentUID": 10309131146409751111,
                "Name": "Prefab--Center",
                "Mobility": 1,
                "IsTopParent": false,
                "Enabled": true,
                "PrefabUID": 1643408507432984,
                "LocalTransform": [
                    1.0,
                    0.0,
                    0.0,
                    0.0,
                    0.0,
                    1.0,
                    0.0,
                    0.0,
                    0.0,
                    0.0,
                    1.0,
                    0.0,
                    0.0,
                    0.0,
                    0.0,
                    1.0
                ],
                "Components": [],
                "Children": [
                    10833863112555286509,
                    3030432507810485915,
                    15013602715307054762,
                    13533556250944857412,
                    5071931665692445506,
                    5490459579642607913,
                    15350835282885498646,
                    11908564312404158057,
                    2909796083581225642,
                    15385103565654606865,
                    7332171556167398662,
                    17827588551348244824,
                    8618222241182620131,
                    3470103063117919277,
                    10398030456206603863,
                    15994157161184484057,
                    14684630693447455759,
                    12162170964973391205,
                    11859873291368967387,
                    11897887250064144497,
                    2459629514624941022,
                    9891132685955453833,
                    16557833936491385708,
                    16512893397528574053,
                    2485744726384048072,
                    1575849453289843202,
                    7310417421814041341,
                    12832962198566060447,
                    5592583265160085165
                ]
            },
            {
                "UID": 10833863112555286509,
                "ParentUID": 2117751112988047986,
                "Name": "PR_Banner02",
                "Mobility": 1,
                "IsTopParent": true,
                "Enabled": true,
                "LocalTransform": [
                    -3.5762786865234375e-7,
                    0.0,
                    -0.9999994039535522,
                    -21.09624481201172,
                    0.0,
                    0.9999995827674866,
                    0.0,
                    4.718005657196045,
                    1.0,
                    0.0,
                    -3.576276412786683e-7,
                    28.079378128051758,
                    0.0,
                    0.0,
                    0.0,
                    1.0
                ],
                "Components": [
                    {
                        "UID": 10462672071810701072,
                        "Type": 1,
                        "Enabled": true,
                        "Name": "Mesh",
                        "Mesh": 1172721807481307,
                        "Material": 1300000000000000
                    }
                ],
                "Children": []
            },
            {
                "UID": 3030432507810485915,
                "ParentUID": 2117751112988047986,
                "Name": "PR_Banner01",
                "Mobility": 1,
                "IsTopParent": true,
                "Enabled": true,
                "LocalTransform": [
                    -3.5762786865234375e-7,
                    0.0,
                    -0.9999994039535522,
                    -22.270702362060547,
                    0.0,
                    0.9999995231628418,
                    0.0,
                    4.638125896453857,
                    1.0,
                    0.0,
                    -3.576276412786683e-7,
                    26.223722457885742,
                    0.0,
                    0.0,
                    0.0,
                    1.0
                ],
                "Components": [
                    {
                        "UID": 13963049282476085059,
                        "Type": 1,
                        "Enabled": true,
                        "Name": "Mesh",
                        "Mesh": 1159426215561660,
                        "Material": 1300000000000000
                    }
                ],
                "Children": []
            },
            {
                "UID": 15013602715307054762,
                "ParentUID": 2117751112988047986,
                "Name": "EN_Tree01",
                "Mobility": 1,
                "IsTopParent": false,
                "Enabled": true,
                "LocalTransform": [
                    0.6195182204246521,
                    0.0,
                    0.7849826812744141,
                    -40.621124267578125,
                    0.0,
                    1.0,
                    0.0,
                    3.0440635681152344,
                    -0.7849826812744141,
                    0.0,
                    0.6195182204246521,
                    43.36088562011719,
                    0.0,
                    0.0,
                    0.0,
                    1.0
                ],
                "Components": [
                    {
                        "UID": 11254819487624423012,
                        "Type": 1,
                        "Enabled": true,
                        "Name": "Mesh",
                        "Mesh": 1193637290633809,
                        "Material": 1300000000000000
                    }
                ],
                "Children": []
            },
            {
                "UID": 13533556250944857412,
                "ParentUID": 2117751112988047986,
                "Name": "PR_Barrel",
                "Mobility": 1,
                "IsTopParent": false,
                "Enabled": true,
                "LocalTransform": [
                    0.6195182204246521,
                    0.0,
                    0.7849826812744141,
                    -35.8151741027832,
                    0.0,
                    1.0,
                    0.0,
                    3.571995258331299,
                    -0.7849826812744141,
                    0.0,
                    0.6195182204246521,
                    43.38249206542969,
                    0.0,
                    0.0,
                    0.0,
                    1.0
                ],
                "Components": [
                    {
                        "UID": 1794515211718413615,
                        "Type": 1,
                        "Enabled": true,
                        "Name": "Mesh",
                        "Mesh": 1177157971470292,
                        "Material": 1300000000000000
                    }
                ],
                "Children": []
            },
            {
                "UID": 10317251222946086266,
                "ParentUID": 14238022218974857352,
                "Name": "PR_Shield",
                "Mobility": 1,
                "IsTopParent": false,
                "Enabled": true,
                "LocalTransform": [
                    0.9848078489303589,
                    0.17140910029411316,
                    0.02778862789273262,
                    1.3831264972686768,
                    0.010898269712924957,
                    -0.2207247018814087,
                    0.9752749800682068,
                    -0.037545204162597656,
                    0.17330481112003326,
                    -0.9601550102233887,
                    -0.2192395180463791,
                    -0.4485931396484375,
                    0.0,
                    0.0,
                    0.0,
                    1.0
                ],
                "Components": [
                    {
                        "UID": 7313348548283629237,
                        "Type": 1,
                        "Enabled": true,
                        "Name": "Mesh",
                        "Mesh": 1195385827079911,
                        "Material": 1300000000000000
                    }
                ],
                "Children": []
            },
            {
                "UID": 5071931665692445506,
                "ParentUID": 2117751112988047986,
                "Name": "EN_Pine05",
                "Mobility": 1,
                "IsTopParent": false,
                "Enabled": true,
                "LocalTransform": [
                    -0.1388743370771408,
                    0.0,
                    0.9903098940849304,
                    -52.49045944213867,
                    0.0,
                    1.0,
                    0.0,
                    5.245134353637695,
                    -0.9903098940849304,
                    0.0,
                    -0.1388743370771408,
                    36.66867446899414,
                    0.0,
                    0.0,
                    0.0,
                    1.0
                ],
                "Components": [
                    {
                        "UID": 9999649417959559729,
                        "Type": 1,
                        "Enabled": true,
                        "Name": "Mesh",
                        "Mesh": 1138331357601667,
                        "Material": 1300000000000000
                    }
                ],
                "Children": []
            },
            {
                "UID": 5490459579642607913,
                "ParentUID": 2117751112988047986,
                "Name": "EN_HouseRectangular",
                "Mobility": 1,
                "IsTopParent": false,
                "Enabled": true,
                "LocalTransform": [
                    0.9920502305030823,
                    0.0,
                    0.1258435994386673,
                    -37.0560188293457,
                    0.0,
                    1.0,
                    0.0,
                    3.1575205326080322,
                    -0.1258435994386673,
                    0.0,
                    0.9920502305030823,
                    45.99717712402344,
                    0.0,
                    0.0,
                    0.0,
                    1.0
                ],
                "Components": [
                    {
                        "UID": 1161043858854925420,
                        "Type": 1,
                        "Enabled": true,
                        "Name": "Mesh",
                        "Mesh": 1167750218221994,
                        "Material": 1300000000000000
                    }
                ],
                "Children": [
                    8625521218331245484
                ]
            },
            {
                "UID": 18267532425624998019,
                "ParentUID": 2909796083581225642,
                "Name": "PR_Grain_Sack_01",
                "Mobility": 1,
                "IsTopParent": true,
                "Enabled": true,
                "LocalTransform": [
                    0.04829969257116318,
                    0.0,
                    -0.9988324046134949,
                    -0.4615936279296875,
                    0.0,
                    1.0,
                    0.0,
                    0.1974315643310547,
                    0.9988324046134949,
                    0.0,
                    0.04829966276884079,
                    -5.707437515258789,
                    0.0,
                    0.0,
                    0.0,
                    1.0
                ],
                "Components": [
                    {
                        "UID": 15719878680614956522,
                        "Type": 1,
                        "Enabled": true,
                        "Name": "Mesh",
                        "Mesh": 1134463363854380,
                        "Material": 1300000000000000
                    }
                ],
                "Children": []
            },
            {
                "UID": 15350835282885498646,
                "ParentUID": 2117751112988047986,
                "Name": "EN_TreeOfLife",
                "Mobility": 1,
                "IsTopParent": false,
                "Enabled": true,
                "LocalTransform": [
                    -0.9317219257354736,
                    0.005884912330657244,
                    -0.3631267547607422,
                    -8.1556978225708,
                    -0.08403285592794418,
                    0.9692414402961731,
                    0.23132210969924927,
                    4.756588935852051,
                    0.35331839323043823,
                    0.2460421323776245,
                    -0.902569055557251,
                    43.84023666381836,
                    0.0,
                    0.0,
                    0.0,
                    1.0
                ],
                "Components": [
                    {
                        "UID": 3413625221755820401,
                        "Type": 1,
                        "Enabled": true,
                        "Name": "Mesh",
                        "Mesh": 1199517256288500,
                        "Material": 1300000000000000
                    }
                ],
                "Children": []
            },
            {
                "UID": 5209356079248385216,
                "ParentUID": 380664822721731839,
                "Name": "PR_Chest01",
                "Mobility": 1,
                "IsTopParent": true,
                "Enabled": true,
                "LocalTransform": [
                    -0.7119944095611572,
                    0.0,
                    0.7023258209228516,
                    1.3346824645996094,
                    0.0,
                    1.0,
                    0.0,
                    -0.0940394401550293,
                    -0.702349066734314,
                    0.0,
                    -0.7119825482368469,
                    -2.2191600799560547,
                    0.0,
                    0.0,
                    0.0,
                    1.0
                ],
                "Components": [
                    {
                        "UID": 11075877327336328906,
                        "Type": 1,
                        "Enabled": true,
                        "Name": "Mesh",
                        "Mesh": 1154435390669979,
                        "Material": 1300000000000000
                    }
                ],
                "Children": []
            },
            {
                "UID": 4257702150801351420,
                "ParentUID": 7310417421814041341,
                "Name": "PR_Tributs_Wheat01",
                "Mobility": 1,
                "IsTopParent": true,
                "Enabled": true,
                "LocalTransform": [
                    0.9726669192314148,
                    0.0967356413602829,
                    -0.21126535534858704,
                    3.4352359771728516,
                    -0.14047227799892426,
                    0.9690508842468262,
                    -0.20301707088947296,
                    -0.8038182258605957,
                    0.18508681654930115,
                    0.2271355539560318,
                    0.9561468958854675,
                    2.398296356201172,
                    0.0,
                    0.0,
                    0.0,
                    1.0
                ],
                "Components": [
                    {
                        "UID": 8353472712339507483,
                        "Type": 1,
                        "Enabled": true,
                        "Name": "Mesh",
                        "Mesh": 1152407872242731,
                        "Material": 1300000000000000
                    }
                ],
                "Children": [
                    7305972376436494642,
                    15818217016950292932
                ]
            },
            {
                "UID": 11908564312404158057,
                "ParentUID": 2117751112988047986,
                "Name": "EN_Tree02",
                "Mobility": 1,
                "IsTopParent": false,
                "Enabled": true,
                "LocalTransform": [
                    -0.8482034802436829,
                    0.0,
                    -0.5296707153320313,
                    -51.38179016113281,
                    0.0,
                    1.0,
                    0.0,
                    6.708794593811035,
                    0.5296707153320313,
                    0.0,
                    -0.8482034802436829,
                    41.950767517089844,
                    0.0,
                    0.0,
                    0.0,
                    1.0
                ],
                "Components": [
                    {
                        "UID": 17411243254898755488,
                        "Type": 1,
                        "Enabled": true,
                        "Name": "Mesh",
                        "Mesh": 1173669379707545,
                        "Material": 1300000000000000
                    }
                ],
                "Children": []
            },
            {
                "UID": 2909796083581225642,
                "ParentUID": 2117751112988047986,
                "Name": "EN_HouseCity_Hall",
                "Mobility": 1,
                "IsTopParent": false,
                "Enabled": true,
                "LocalTransform": [
                    0.04829973727464676,
                    0.0,
                    0.9988333582878113,
                    -20.043596267700195,
                    0.0,
                    1.0,
                    0.0,
                    4.678067684173584,
                    -0.9988333582878113,
                    0.0,
                    0.04829973727464676,
                    44.76658248901367,
                    0.0,
                    0.0,
                    0.0,
                    1.0
                ],
                "Components": [
                    {
                        "UID": 18290431668361218649,
                        "Type": 1,
                        "Enabled": true,
                        "Name": "Mesh",
                        "Mesh": 1154196477686357,
                        "Material": 1300000000000000
                    }
                ],
                "Children": [
                    10349624591262476278,
                    2499810044562938913,
                    18267532425624998019,
                    546596856615871397
                ]
            },
            {
                "UID": 15385103565654606865,
                "ParentUID": 2117751112988047986,
                "Name": "PR_TopCloth04",
                "Mobility": 1,
                "IsTopParent": true,
                "Enabled": true,
                "LocalTransform": [
                    4.679092884063721,
                    0.0,
                    -2.037595748901367,
                    -51.29747772216797,
                    0.0,
                    5.103503704071045,
                    0.0,
                    8.689908981323242,
                    2.037595748901367,
                    0.0,
                    4.679092884063721,
                    39.08641052246094,
                    0.0,
                    0.0,
                    0.0,
                    1.0
                ],
                "Components": [
                    {
                        "UID": 12573807462123158547,
                        "Type": 1,
                        "Enabled": true,
                        "Name": "Mesh",
                        "Mesh": 1130069093828815,
                        "Material": 1300000000000000
                    }
                ],
                "Children": []
            },
            {
                "UID": 7332171556167398662,
                "ParentUID": 2117751112988047986,
                "Name": "PR_Cart_Logs",
                "Mobility": 1,
                "IsTopParent": false,
                "Enabled": true,
                "LocalTransform": [
                    0.28138837218284607,
                    0.0,
                    0.9595941305160522,
                    -48.07829666137695,
                    0.0,
                    1.0,
                    0.0,
                    6.071573257446289,
                    -0.9595941305160522,
                    0.0,
                    0.28138837218284607,
                    39.56204605102539,
                    0.0,
                    0.0,
                    0.0,
                    1.0
                ],
                "Components": [
                    {
                        "UID": 3094703835396718561,
                        "Type": 1,
                        "Enabled": true,
                        "Name": "Mesh",
                        "Mesh": 1194347607983664,
                        "Material": 1300000000000000
                    }
                ],
                "Children": []
            },
            {
                "UID": 18058180888552107458,
                "ParentUID": 7310417421814041341,
                "Name": "PR_FlagsHanging03",
                "Mobility": 1,
                "IsTopParent": true,
                "Enabled": true,
                "LocalTransform": [
                    -0.20160454511642456,
                    0.0,
                    0.6788027882575989,
                    3.32989501953125,
                    0.0,
                    0.7081000208854675,
                    0.0,
                    -1.060438632965088,
                    -0.6788027882575989,
                    -0.0,
                    -0.20160454511642456,
                    9.459163665771484,
                    0.0,
                    0.0,
                    0.0,
                    1.0
                ],
                "Components": [
                    {
                        "UID": 5026695211571024061,
                        "Type": 1,
                        "Enabled": true,
                        "Name": "Mesh",
                        "Mesh": 1140254582538587,
                        "Material": 1300000000000000
                    }
                ],
                "Children": []
            },
            {
                "UID": 18142014610332543025,
                "ParentUID": 7310417421814041341,
                "Name": "PR_FlagsHanging01",
                "Mobility": 1,
                "IsTopParent": true,
                "Enabled": true,
                "LocalTransform": [
                    0.8637052178382874,
                    0.0,
                    0.5040000677108765,
                    8.549970626831055,
                    0.0,
                    1.0,
                    0.0,
                    4.000361919403076,
                    -0.5040000677108765,
                    -0.0,
                    0.8637052178382874,
                    -5.316974639892578,
                    0.0,
                    0.0,
                    0.0,
                    1.0
                ],
                "Components": [
                    {
                        "UID": 10643296628124929843,
                        "Type": 1,
                        "Enabled": true,
                        "Name": "Mesh",
                        "Mesh": 1111408068379650,
                        "Material": 1300000000000000
                    }
                ],
                "Children": [
                    11536883680401334168,
                    564106906074130774
                ]
            },
            {
                "UID": 17827588551348244824,
                "ParentUID": 2117751112988047986,
                "Name": "EN_Tree02",
                "Mobility": 1,
                "IsTopParent": false,
                "Enabled": true,
                "LocalTransform": [
                    -0.21798841655254364,
                    0.0,
                    1.0486170053482056,
                    -40.33604431152344,
                    0.0,
                    1.0710352659225464,
                    0.0,
                    2.9492483139038086,
                    -1.0486170053482056,
                    0.0,
                    -0.21798841655254364,
                    48.181663513183594,
                    0.0,
                    0.0,
                    0.0,
                    1.0
                ],
                "Components": [
                    {
                        "UID": 8658875315377402520,
                        "Type": 1,
                        "Enabled": true,
                        "Name": "Mesh",
                        "Mesh": 1173669379707545,
                        "Material": 1300000000000000
                    }
                ],
                "Children": []
            },
            {
                "UID": 16557833936491385708,
                "ParentUID": 2117751112988047986,
                "Name": "PR_Barrel",
                "Mobility": 1,
                "IsTopParent": false,
                "Enabled": true,
                "LocalTransform": [
                    1.0000015497207642,
                    0.0,
                    -0.0000340072438120842,
                    -55.38602066040039,
                    0.0,
                    1.0,
                    0.0,
                    5.332115173339844,
                    0.0000340072438120842,
                    0.0,
                    1.0000015497207642,
                    14.202856063842773,
                    0.0,
                    0.0,
                    0.0,
                    1.0
                ],
                "Components": [
                    {
                        "UID": 5288328064054697494,
                        "Type": 1,
                        "Enabled": true,
                        "Name": "Mesh",
                        "Mesh": 1177157971470292,
                        "Material": 1300000000000000
                    }
                ],
                "Children": []
            },
            {
                "UID": 8618222241182620131,
                "ParentUID": 2117751112988047986,
                "Name": "EN_Pine06",
                "Mobility": 1,
                "IsTopParent": false,
                "Enabled": true,
                "LocalTransform": [
                    -0.1388743370771408,
                    0.0,
                    0.9903098940849304,
                    -48.34340286254883,
                    0.0,
                    1.0,
                    0.0,
                    5.2451372146606445,
                    -0.9903098940849304,
                    0.0,
                    -0.1388743370771408,
                    41.9564208984375,
                    0.0,
                    0.0,
                    0.0,
                    1.0
                ],
                "Components": [
                    {
                        "UID": 6329126746478382165,
                        "Type": 1,
                        "Enabled": true,
                        "Name": "Mesh",
                        "Mesh": 1193758536598762,
                        "Material": 1300000000000000
                    }
                ],
                "Children": []
            },
            {
                "UID": 3470103063117919277,
                "ParentUID": 2117751112988047986,
                "Name": "EN_Pine04",
                "Mobility": 1,
                "IsTopParent": false,
                "Enabled": true,
                "LocalTransform": [
                    -0.1388743370771408,
                    0.0,
                    0.9903098940849304,
                    -65.19325256347656,
                    0.0,
                    1.0,
                    0.0,
                    5.245020866394043,
                    -0.9903098940849304,
                    0.0,
                    -0.1388743370771408,
                    4.72905969619751,
                    0.0,
                    0.0,
                    0.0,
                    1.0
                ],
                "Components": [
                    {
                        "UID": 11595029684037155151,
                        "Type": 1,
                        "Enabled": true,
                        "Name": "Mesh",
                        "Mesh": 1100723525477028,
                        "Material": 1300000000000000
                    }
                ],
                "Children": []
            },
            {
                "UID": 10398030456206603863,
                "ParentUID": 2117751112988047986,
                "Name": "PR_Crate",
                "Mobility": 1,
                "IsTopParent": false,
                "Enabled": true,
                "LocalTransform": [
                    0.6818870306015015,
                    0.0,
                    0.7314572334289551,
                    -49.17463302612305,
                    0.0,
                    1.0,
                    0.0,
                    6.432061195373535,
                    -0.7314572334289551,
                    0.0,
                    0.6818870306015015,
                    40.35126876831055,
                    0.0,
                    0.0,
                    0.0,
                    1.0
                ],
                "Components": [
                    {
                        "UID": 934807268916068138,
                        "Type": 1,
                        "Enabled": true,
                        "Name": "Mesh",
                        "Mesh": 1190572980779485,
                        "Material": 1300000000000000
                    }
                ],
                "Children": []
            },
            {
                "UID": 15994157161184484057,
                "ParentUID": 2117751112988047986,
                "Name": "EN_HouseMid_T",
                "Mobility": 1,
                "IsTopParent": false,
                "Enabled": true,
                "LocalTransform": [
                    0.6818870306015015,
                    0.0,
                    0.7314572334289551,
                    -58.59537887573242,
                    0.0,
                    1.0,
                    0.0,
                    7.265850067138672,
                    -0.7314572334289551,
                    0.0,
                    0.6818870306015015,
                    8.224266052246094,
                    0.0,
                    0.0,
                    0.0,
                    1.0
                ],
                "Components": [
                    {
                        "UID": 12151882418787848336,
                        "Type": 1,
                        "Enabled": true,
                        "Name": "Mesh",
                        "Mesh": 1134015673021655,
                        "Material": 1300000000000000
                    }
                ],
                "Children": []
            },
            {
                "UID": 4835802871279778818,
                "ParentUID": 7310417421814041341,
                "Name": "PR_Tributs_Wheat02",
                "Mobility": 1,
                "IsTopParent": true,
                "Enabled": true,
                "LocalTransform": [
                    -0.5407603979110718,
                    0.6593378782272339,
                    0.52237868309021,
                    4.141252517700195,
                    0.8301869034767151,
                    0.5184829235076904,
                    0.2049432247877121,
                    -0.2822108268737793,
                    -0.13572053611278534,
                    0.5444744825363159,
                    -0.8277438879013062,
                    1.2586479187011719,
                    0.0,
                    0.0,
                    0.0,
                    1.0
                ],
                "Components": [
                    {
                        "UID": 17932291286273973489,
                        "Type": 1,
                        "Enabled": true,
                        "Name": "Mesh",
                        "Mesh": 1141412719275296,
                        "Material": 1300000000000000
                    }
                ],
                "Children": []
            },
            {
                "UID": 14684630693447455759,
                "ParentUID": 2117751112988047986,
                "Name": "EN_Pine05",
                "Mobility": 1,
                "IsTopParent": false,
                "Enabled": true,
                "LocalTransform": [
                    -0.7994343638420105,
                    -4.5108873791832593e-7,
                    -0.030080659314990044,
                    -60.64751052856445,
                    -4.3443461095193925e-7,
                    0.800000011920929,
                    -4.5108873791832593e-7,
                    6.9220099449157715,
                    0.030080659314990044,
                    -4.3443461095193925e-7,
                    -0.7994343638420105,
                    31.086950302124023,
                    0.0,
                    0.0,
                    0.0,
                    1.0
                ],
                "Components": [
                    {
                        "UID": 11906905380164770582,
                        "Type": 1,
                        "Enabled": true,
                        "Name": "Mesh",
                        "Mesh": 1172071023442857,
                        "Material": 1300000000000000
                    }
                ],
                "Children": []
            },
            {
                "UID": 12162170964973391205,
                "ParentUID": 2117751112988047986,
                "Name": "PR_Hanging_Clothes",
                "Mobility": 1,
                "IsTopParent": false,
                "Enabled": true,
                "LocalTransform": [
                    -0.5386917591094971,
                    -0.18134702742099762,
                    0.8227542042732239,
                    -64.45825958251953,
                    -0.11774083226919174,
                    0.9831808805465698,
                    0.1396174281835556,
                    5.245140075683594,
                    -0.8342352509498596,
                    -0.021661046892404556,
                    -0.5509832501411438,
                    9.950369834899902,
                    0.0,
                    0.0,
                    0.0,
                    1.0
                ],
                "Components": [
                    {
                        "UID": 17678243348726707388,
                        "Type": 1,
                        "Enabled": true,
                        "Name": "Mesh",
                        "Mesh": 1190273354435045,
                        "Material": 1300000000000000
                    }
                ],
                "Children": []
            },
            {
                "UID": 11859873291368967387,
                "ParentUID": 2117751112988047986,
                "Name": "EN_Pine01",
                "Mobility": 1,
                "IsTopParent": false,
