{
    "Scene": {
        "UID": 10640495392161785862,
        "Name": "SCENE_Boss",
        "RootGameObject": 6788591387451538717,
        "NavmeshUID": 2034445260204470,
        "Camera Position": [
            -53.84915542602539,
            64.82768249511719,
            -16.28835678100586
        ],
        "Camera Front": [
            0.172943115234375,
            -0.7362119555473328,
            -0.6542802453041077
        ],
        "Camera Up": [
            0.1880103051662445,
            0.6772187948226929,
            -0.7113556265830994
        ],
        "WorldObjectsMask": 13,
        "TriggerMask": 8,
        "EnemyMask": 25,
        "PlayerMask": 39,
        "PlayerProjectileMask": 4,
        "EnemyProjectileMask": 8,
        "GameObjects": [
            {
                "UID": 6788591387451538717,
                "ParentUID": 0,
                "Name": "SceneModule GameObject",
                "Mobility": 1,
                "SelectParent": false,
                "Enabled": true,
                "WasEnabled": true,
                "NavmeshValid": false,
                "LocalTransform": [
                    1.0,
                    0.0,
                    0.0,
                    0.0,
                    0.0,
                    1.0,
                    0.0,
                    0.0,
                    0.0,
                    0.0,
                    1.0,
                    0.0,
                    0.0,
                    0.0,
                    0.0,
                    1.0
                ],
                "Components": [],
                "Children": [
                    14547429557385646294,
                    8449253835234208888
                ]
            },
            {
                "UID": 18328085844698899799,
                "ParentUID": 716103138627611626,
                "Name": "grp_index_R_02",
                "Mobility": 0,
                "SelectParent": true,
                "Enabled": true,
                "WasEnabled": true,
                "NavmeshValid": false,
                "LocalTransform": [
                    0.996205747127533,
                    0.07086040079593658,
                    -0.05037056282162666,
                    -0.6736435890197754,
                    -0.07650242000818253,
                    0.989733099937439,
                    -0.12070559710264206,
                    -1.916142225265503,
                    0.04130011051893234,
                    0.12410211563110352,
                    0.9914060831069946,
                    -0.13243675231933594,
                    0.0,
                    0.0,
                    0.0,
                    1.0
                ],
                "Components": [],
                "Children": [
                    4783673174967272584
                ]
            },
            {
                "UID": 18059656542976172708,
                "ParentUID": 1255329716187068173,
                "Name": "grp_hair_end",
                "Mobility": 0,
                "SelectParent": true,
                "Enabled": true,
                "WasEnabled": true,
                "NavmeshValid": false,
                "LocalTransform": [
                    1.0,
                    -6.257323548197746e-10,
                    9.89530235528946e-10,
                    4.190951585769653e-9,
                    6.257323548197746e-10,
                    1.0,
                    1.1059455573558807e-9,
                    -0.06011896952986717,
                    -9.89530235528946e-10,
                    -1.1059455573558807e-9,
                    1.0,
                    0.010519842617213726,
                    0.0,
                    0.0,
                    0.0,
                    1.0
                ],
                "Components": [],
                "Children": [
                    13528898824581838896
                ]
            },
            {
                "UID": 17304482694769907566,
                "ParentUID": 14547429557385646294,
                "Name": "Floor",
                "Mobility": 1,
                "SelectParent": false,
                "Enabled": true,
                "WasEnabled": true,
                "NavmeshValid": true,
                "LocalTransform": [
                    -0.34018003940582275,
                    0.24918511509895325,
                    0.0,
                    62.389129638671875,
                    3.13592209977287e-8,
                    3.84137699427356e-8,
                    0.9999999403953552,
                    0.25208064913749695,
                    0.2630596458911896,
                    0.3222375512123108,
                    -1.1920928955078125e-7,
                    -51.132999420166016,
                    0.0,
                    0.0,
                    0.0,
                    1.0
                ],
                "Components": [
                    {
                        "UID": 17343747295200105213,
                        "Type": 1,
                        "Enabled": true,
                        "WasEnabled": true,
                        "Name": "Mesh",
                        "Mesh": 1169044534756073,
                        "Material": 1339660925152265,
                        "RenderMode": 0
                    }
                ],
                "Children": []
            },
            {
                "UID": 2001999262444268312,
                "ParentUID": 11183816527201181535,
                "Name": "EN_Boss_Arena_Floor_05",
                "Mobility": 1,
                "SelectParent": false,
                "Enabled": true,
                "WasEnabled": true,
                "NavmeshValid": false,
                "LocalTransform": [
                    -0.08263079822063446,
                    0.0,
                    0.9965808987617493,
                    11.309196472167969,
                    7.815970093361102e-14,
                    1.0,
                    4.015419108327478e-10,
                    0.5951516032218933,
                    -0.9965808987617493,
                    -2.1242502114965367e-15,
                    -0.08263079822063446,
                    10.99197006225586,
                    0.0,
                    0.0,
                    0.0,
                    1.0
                ],
                "Components": [
                    {
                        "UID": 8456394471551782499,
                        "Type": 1,
                        "Enabled": true,
                        "WasEnabled": true,
                        "Name": "Mesh",
                        "Mesh": 1191001074840563,
                        "Material": 0,
                        "RenderMode": 0
                    }
                ],
                "Children": []
            },
            {
                "UID": 3534109283845487015,
                "ParentUID": 15719108571905455725,
                "Name": "grp_index_R_01",
                "Mobility": 0,
                "SelectParent": true,
                "Enabled": true,
                "WasEnabled": true,
                "NavmeshValid": false,
                "LocalTransform": [
                    0.027001293376088142,
                    0.0,
                    0.0,
                    -0.040360480546951294,
                    0.0,
                    0.02700130268931389,
                    0.0,
                    -0.19521716237068176,
                    0.0,
                    0.0,
                    0.02700130082666874,
                    0.044864222407341,
                    0.0,
                    0.0,
                    0.0,
                    1.0
                ],
                "Components": [],
                "Children": [
                    716103138627611626
                ]
            },
            {
                "UID": 17334656892513207148,
                "ParentUID": 11183816527201181535,
                "Name": "EN_Boss_Arena_Floor_Curved_03",
                "Mobility": 1,
                "SelectParent": false,
                "Enabled": true,
                "WasEnabled": true,
                "NavmeshValid": false,
                "LocalTransform": [
                    0.647282063961029,
                    0.0,
                    0.7622511982917786,
                    13.891136169433594,
                    1.6655121726216748e-11,
                    1.0,
                    -3.865352482534945e-12,
                    0.8815604448318481,
                    -0.7622511982917786,
                    -1.5632433498710685e-15,
                    0.647282063961029,
                    18.495328903198242,
                    0.0,
                    0.0,
                    0.0,
                    1.0
                ],
                "Components": [
                    {
                        "UID": 16123022167467783276,
                        "Type": 1,
                        "Enabled": true,
                        "WasEnabled": true,
                        "Name": "Mesh",
                        "Mesh": 1158794635434040,
                        "Material": 0,
                        "RenderMode": 0
                    }
                ],
                "Children": []
            },
            {
                "UID": 16653571155518791158,
                "ParentUID": 13642786367105901286,
                "Name": "ctrl_cloth_R_01",
                "Mobility": 0,
                "SelectParent": true,
                "Enabled": true,
                "WasEnabled": true,
                "NavmeshValid": false,
                "LocalTransform": [
                    0.9812849164009094,
                    -0.19182443618774414,
                    0.015457531437277794,
                    -1.280568540096283e-9,
                    0.016949472948908806,
                    0.16616162657737732,
                    0.9859664440155029,
                    -0.005202943924814463,
                    -0.19169186055660248,
                    -0.967271625995636,
                    0.16630764305591583,
                    8.440110832452774e-10,
                    0.0,
                    0.0,
                    0.0,
                    1.0
                ],
                "Components": [],
                "Children": [
                    11022851003411857805
                ]
            },
            {
                "UID": 14996295868340514814,
                "ParentUID": 11183816527201181535,
                "Name": "EN_Boss_Arena_Floor_02",
                "Mobility": 1,
                "SelectParent": false,
                "Enabled": true,
                "WasEnabled": true,
                "NavmeshValid": false,
                "LocalTransform": [
                    0.12062986940145493,
                    -9.92387640508241e-7,
                    0.9926990866661072,
                    8.565574645996094,
                    -9.923971902026096e-7,
                    1.0,
                    0.000001120308183999441,
                    0.44468265771865845,
                    -0.9926990866661072,
                    -0.0000011202986343050725,
                    0.12062986940145493,
                    17.807153701782227,
                    0.0,
                    0.0,
                    0.0,
                    1.0
                ],
                "Components": [
                    {
                        "UID": 14604630824700995094,
                        "Type": 1,
                        "Enabled": true,
                        "WasEnabled": true,
                        "Name": "Mesh",
                        "Mesh": 1175354610040876,
                        "Material": 0,
                        "RenderMode": 0
                    }
                ],
                "Children": []
            },
            {
                "UID": 15563266640606113264,
                "ParentUID": 6521879383224864214,
                "Name": "Spot_light",
                "Mobility": 1,
                "SelectParent": false,
                "Enabled": true,
                "WasEnabled": true,
                "NavmeshValid": false,
                "LocalTransform": [
                    -1.6647547340653546e-7,
                    -1.5855903257033788e-9,
                    -0.4655001163482666,
                    -0.16652679443359375,
                    -3.818017950407704e-16,
                    0.46549946069717407,
                    -1.5855903257033788e-9,
                    -0.05042314529418945,
                    0.4654996395111084,
                    -3.742598136784181e-16,
                    -1.664759849973052e-7,
                    0.034725189208984375,
                    0.0,
                    0.0,
                    0.0,
                    1.0
                ],
                "Components": [
                    {
                        "UID": 13449585431585961584,
                        "Type": 3,
                        "Enabled": true,
                        "WasEnabled": true,
                        "Name": "Spot Light",
                        "Intensity": 34.42599868774414,
                        "ColorRed": 1.0,
                        "ColorGreen": 1.0,
                        "ColorBlue": 1.0,
                        "DrawGizmos": true,
                        "Range": 10.0,
                        "InnerAngle": 69.71299743652344,
                        "OuterAngle": 74.50800323486328
                    }
                ],
                "Children": []
            },
            {
                "UID": 3625852883055539756,
                "ParentUID": 11183816527201181535,
                "Name": "EN_Boss_Arena_Floor_Curved_05",
                "Mobility": 1,
                "SelectParent": false,
                "Enabled": true,
                "WasEnabled": true,
                "NavmeshValid": false,
                "LocalTransform": [
                    0.744555652141571,
                    -0.0000012882394457847113,
                    0.6675626635551453,
                    -16.009361267089844,
                    2.1355822354962584e-7,
                    1.0,
                    0.0000016915662399696885,
                    -0.20766714215278625,
                    -0.6675626635551453,
                    -0.0000011172295444339397,
                    0.744555652141571,
                    19.124893188476563,
                    0.0,
                    0.0,
                    0.0,
                    1.0
                ],
                "Components": [
                    {
                        "UID": 1179917436503425224,
                        "Type": 1,
                        "Enabled": true,
                        "WasEnabled": true,
                        "Name": "Mesh",
                        "Mesh": 1190628279540864,
                        "Material": 0,
                        "RenderMode": 0
                    }
                ],
                "Children": []
            },
            {
                "UID": 7724681622550395113,
                "ParentUID": 11183816527201181535,
                "Name": "EN_Boss_Arena_Floor_Curved_04",
                "Mobility": 1,
                "SelectParent": false,
                "Enabled": true,
                "WasEnabled": true,
                "NavmeshValid": false,
                "LocalTransform": [
                    -0.8945936560630798,
                    0.1485019475221634,
                    0.42175447940826416,
                    22.043128967285156,
                    0.07810121774673462,
                    0.9806259274482727,
                    -0.17964902520179749,
                    0.06579707562923431,
                    -0.4402052164077759,
                    -0.12775661051273346,
                    -0.8887687921524048,
                    -1.933685302734375,
                    0.0,
                    0.0,
                    0.0,
                    1.0
                ],
                "Components": [
                    {
                        "UID": 11840317524416727397,
                        "Type": 1,
                        "Enabled": true,
                        "WasEnabled": true,
                        "Name": "Mesh",
                        "Mesh": 1117004343781961,
                        "Material": 0,
                        "RenderMode": 0
                    }
                ],
                "Children": []
            },
            {
                "UID": 6546081409444138519,
                "ParentUID": 11183816527201181535,
                "Name": "EN_Boss_Arena_Floor_Curved_01",
                "Mobility": 1,
                "SelectParent": false,
                "Enabled": true,
                "WasEnabled": true,
                "NavmeshValid": false,
                "LocalTransform": [
                    -0.6472697854042053,
                    -0.08155321329832077,
                    0.7578998804092407,
                    20.713943481445313,
                    -0.0529613122344017,
                    0.996668815612793,
                    0.062015350908041,
                    0.4613800048828125,
                    -0.7604297995567322,
                    -6.326550305857381e-7,
                    -0.6494213342666626,
                    -3.336099624633789,
                    0.0,
                    0.0,
                    0.0,
                    1.0
                ],
                "Components": [
                    {
                        "UID": 4422463757070071574,
                        "Type": 1,
                        "Enabled": true,
                        "WasEnabled": true,
                        "Name": "Mesh",
                        "Mesh": 1194200003146359,
                        "Material": 0,
                        "RenderMode": 0
                    }
                ],
                "Children": []
            },
            {
                "UID": 315078745679525135,
                "ParentUID": 8661854808257782373,
                "Name": "jnt_pelt_02",
                "Mobility": 0,
                "SelectParent": true,
                "Enabled": true,
                "WasEnabled": true,
                "NavmeshValid": false,
                "LocalTransform": [
                    0.4462895095348358,
                    -0.8904385566711426,
                    0.09036196023225784,
                    0.0934038907289505,
                    -0.04396727681159973,
                    0.07903462648391724,
                    0.9960504174232483,
                    -0.0029547971207648516,
                    -0.8938049674034119,
                    -0.448496550321579,
                    -0.0038779759779572487,
                    -0.03359505161643028,
                    0.0,
                    0.0,
                    0.0,
                    1.0
                ],
                "Components": [],
                "Children": [
                    10451024094900136594
                ]
            },
            {
                "UID": 8624723256307337942,
                "ParentUID": 11183816527201181535,
                "Name": "EN_Boss_Arena_Floor_Curved_02",
                "Mobility": 1,
                "SelectParent": false,
                "Enabled": true,
                "WasEnabled": true,
                "NavmeshValid": false,
                "LocalTransform": [
                    0.9079130291938782,
                    1.384341885568574e-8,
                    0.4190932512283325,
                    -8.662612915039063,
                    -0.03484274446964264,
                    0.9965378642082214,
                    0.07548554241657257,
                    0.9872698187828064,
                    -0.4176405966281891,
                    -0.08313905447721481,
                    0.9048011302947998,
                    22.596221923828125,
                    0.0,
                    0.0,
                    0.0,
                    1.0
                ],
                "Components": [
                    {
                        "UID": 9727202796405841543,
                        "Type": 1,
                        "Enabled": true,
                        "WasEnabled": true,
                        "Name": "Mesh",
                        "Mesh": 1188405533194368,
                        "Material": 0,
                        "RenderMode": 0
                    }
                ],
                "Children": []
            },
            {
                "UID": 10877053247877489340,
                "ParentUID": 15003165208651156499,
                "Name": "ctrl_pelt_2_L_01",
                "Mobility": 0,
                "SelectParent": true,
                "Enabled": true,
                "WasEnabled": true,
                "NavmeshValid": false,
                "LocalTransform": [
                    0.9988839030265808,
                    -0.0404384471476078,
                    -0.022068161517381668,
                    -1.862645149230957e-9,
                    0.04005514830350876,
                    0.5258749127388,
                    0.8496230244636536,
                    -0.005202876403927803,
                    -0.022750893607735634,
                    -0.8496069312095642,
                    0.5269352197647095,
                    -1.862645149230957e-9,
                    0.0,
                    0.0,
                    0.0,
                    1.0
                ],
                "Components": [],
                "Children": [
                    1739467694960757970
                ]
            },
            {
                "UID": 2369734112751060278,
                "ParentUID": 14547429557385646294,
                "Name": "EN_Boss_Arena_Wall_Entrance_02",
                "Mobility": 1,
                "SelectParent": false,
                "Enabled": true,
                "WasEnabled": true,
                "NavmeshValid": false,
                "LocalTransform": [
                    -0.8445766568183899,
                    -1.7858877754406421e-7,
                    0.5354357361793518,
                    61.87346649169922,
                    1.7509881899968605e-7,
                    1.0,
                    6.101698772909003e-7,
                    -0.00011300948972348124,
                    -0.5354357361793518,
                    6.090901933930581e-7,
                    -0.8445766568183899,
                    -68.54426574707031,
                    0.0,
                    0.0,
                    0.0,
                    1.0
                ],
                "Components": [
                    {
                        "UID": 15087700825364777069,
                        "Type": 1,
                        "Enabled": true,
                        "WasEnabled": true,
                        "Name": "Mesh",
                        "Mesh": 1105824223600512,
                        "Material": 0,
                        "RenderMode": 0
                    }
                ],
                "Children": []
            },
            {
                "UID": 14448224650106620564,
                "ParentUID": 11183816527201181535,
                "Name": "EN_Boss_Arena_Floor_04",
                "Mobility": 1,
                "SelectParent": false,
                "Enabled": true,
                "WasEnabled": true,
                "NavmeshValid": false,
                "LocalTransform": [
                    -0.828809380531311,
                    -0.0000014309115385913174,
                    -0.5595324635505676,
                    19.886001586914063,
                    -0.0000017942870726983529,
                    1.0,
                    1.0029043551185168e-7,
                    0.8902088403701782,
                    0.5595324635505676,
                    0.0000010872327038669027,
                    -0.828809380531311,
                    0.07878780364990234,
                    0.0,
                    0.0,
                    0.0,
                    1.0
                ],
                "Components": [
                    {
                        "UID": 11484953999663085327,
                        "Type": 1,
                        "Enabled": true,
                        "WasEnabled": true,
                        "Name": "Mesh",
                        "Mesh": 1132408044051634,
                        "Material": 0,
                        "RenderMode": 0
                    }
                ],
                "Children": []
            },
            {
                "UID": 2370641288973762917,
                "ParentUID": 456622993007660517,
                "Name": "EN_Boss_Arena_Wall_02",
                "Mobility": 1,
                "SelectParent": false,
                "Enabled": true,
                "WasEnabled": true,
                "NavmeshValid": false,
                "LocalTransform": [
                    0.9497708082199097,
                    0.015631914138793945,
                    -0.31297987699508667,
                    -18.603885650634766,
                    -0.02452913671731949,
                    0.9994018077850342,
                    -0.024520650506019592,
                    -0.653532087802887,
                    0.312411904335022,
                    0.03096303530037403,
                    0.9494336247444153,
                    14.705557823181152,
                    0.0,
                    0.0,
                    0.0,
                    1.0
                ],
                "Components": [
                    {
                        "UID": 3946842849390201020,
                        "Type": 1,
                        "Enabled": true,
                        "WasEnabled": true,
                        "Name": "Mesh",
                        "Mesh": 1162923233661774,
                        "Material": 0,
                        "RenderMode": 0
                    }
                ],
                "Children": []
            },
            {
                "UID": 2342996717648910829,
                "ParentUID": 14547429557385646294,
                "Name": "EN_WaterfallRock_09",
                "Mobility": 1,
                "SelectParent": false,
                "Enabled": true,
                "WasEnabled": true,
                "NavmeshValid": false,
                "LocalTransform": [
                    1.0,
                    0.0,
                    0.0,
                    72.36051940917969,
                    0.0,
                    1.0,
                    4.189086143940868e-17,
                    2.896604299545288,
                    0.0,
                    -4.189086143940868e-17,
                    1.0,
                    -88.03438568115234,
                    0.0,
                    0.0,
                    0.0,
                    1.0
                ],
                "Components": [
                    {
                        "UID": 4848203841177660228,
                        "Type": 1,
                        "Enabled": true,
                        "WasEnabled": true,
                        "Name": "Mesh",
                        "Mesh": 1167476682570038,
                        "Material": 0,
                        "RenderMode": 0
                    }
                ],
                "Children": []
            },
            {
                "UID": 6188046371727426239,
                "ParentUID": 5023571946624884549,
                "Name": "jnt_tail_bone_L_02",
                "Mobility": 0,
                "SelectParent": true,
                "Enabled": true,
                "WasEnabled": true,
                "NavmeshValid": false,
                "LocalTransform": [
                    0.9999999403953552,
                    -2.089053054987744e-7,
                    4.142283316355133e-8,
                    -0.03499981015920639,
                    2.0890529128791968e-7,
                    1.0,
                    -2.117157862357999e-7,
                    -2.683741584519339e-8,
                    -4.1422790530987186e-8,
                    2.1171581465750933e-7,
                    0.9999998807907104,
                    0.015000536106526852,
                    0.0,
                    0.0,
                    0.0,
                    1.0
                ],
                "Components": [],
                "Children": []
            },
            {
                "UID": 10695747511593195876,
                "ParentUID": 11183816527201181535,
                "Name": "EN_Boss_Arena_Floor_05",
                "Mobility": 1,
                "SelectParent": false,
                "Enabled": true,
                "WasEnabled": true,
                "NavmeshValid": false,
                "LocalTransform": [
                    -0.08263079822063446,
                    0.0,
                    0.9965808987617493,
                    -23.456687927246094,
                    7.815970093361102e-14,
                    1.0,
                    3.454942998359911e-10,
                    0.5365601778030396,
                    -0.9965808987617493,
                    -2.1175688156085948e-15,
                    -0.08263079822063446,
                    5.19373893737793,
                    0.0,
                    0.0,
                    0.0,
                    1.0
                ],
                "Components": [
                    {
                        "UID": 388409852339368015,
                        "Type": 1,
                        "Enabled": true,
                        "WasEnabled": true,
                        "Name": "Mesh",
                        "Mesh": 1191001074840563,
                        "Material": 0,
                        "RenderMode": 0
                    }
                ],
                "Children": []
            },
            {
                "UID": 13903685270795808526,
                "ParentUID": 11183816527201181535,
                "Name": "EN_Boss_Arena_Floor_03",
                "Mobility": 1,
                "SelectParent": false,
                "Enabled": true,
                "WasEnabled": true,
                "NavmeshValid": false,
                "LocalTransform": [
                    0.212767094373703,
                    -8.887403737389832e-7,
                    0.977102518081665,
                    -11.37442398071289,
                    -8.884053386282176e-7,
                    1.0,
                    0.0000011026234005839797,
                    0.4738159775733948,
                    -0.977102518081665,
                    -0.0000011028388371414621,
                    0.212767094373703,
                    21.240596771240234,
                    0.0,
                    0.0,
                    0.0,
                    1.0
                ],
                "Components": [
                    {
                        "UID": 11112206630816022629,
                        "Type": 1,
                        "Enabled": true,
                        "WasEnabled": true,
                        "Name": "Mesh",
                        "Mesh": 1173522032481483,
                        "Material": 0,
                        "RenderMode": 0
                    }
                ],
                "Children": []
            },
            {
                "UID": 13157809120938273157,
                "ParentUID": 7986200884192655027,
                "Name": "grp_neck",
                "Mobility": 0,
                "SelectParent": true,
                "Enabled": true,
                "WasEnabled": true,
                "NavmeshValid": false,
                "LocalTransform": [
                    1.0,
                    -1.576582775442148e-8,
                    1.0965427676978834e-8,
                    7.543712854385376e-7,
                    1.869303645207765e-8,
                    0.9299691319465637,
                    -0.36763766407966614,
                    0.12666702270507813,
                    -4.40139835689024e-9,
                    0.36763766407966614,
                    0.9299691319465637,
                    0.09319181740283966,
                    0.0,
                    0.0,
                    0.0,
                    1.0
                ],
                "Components": [],
                "Children": [
                    14014324425358265359
                ]
            },
            {
                "UID": 844352520089310324,
                "ParentUID": 18383329812150171727,
                "Name": "grp_band_front_02",
                "Mobility": 0,
                "SelectParent": true,
                "Enabled": true,
                "WasEnabled": true,
                "NavmeshValid": false,
                "LocalTransform": [
                    0.9989398717880249,
                    -0.013748577795922756,
                    -0.04393305629491806,
                    0.02801613137125969,
                    0.010383169166743755,
                    0.9970588684082031,
                    -0.07593323290348053,
                    -0.017671220004558563,
                    0.04484781622886658,
                    0.0753965675830841,
                    0.9961445927619934,
                    0.15316665172576904,
                    0.0,
                    0.0,
                    0.0,
                    1.0
                ],
                "Components": [],
                "Children": [
                    10813990762726861745
                ]
            },
            {
                "UID": 16806055463182548381,
                "ParentUID": 11183816527201181535,
                "Name": "EN_Boss_Arena_Floor_05",
                "Mobility": 1,
                "SelectParent": false,
                "Enabled": true,
                "WasEnabled": true,
                "NavmeshValid": false,
                "LocalTransform": [
                    -0.7860410213470459,
                    0.0,
                    -0.6181754469871521,
                    13.098625183105469,
                    -8.452616384602152e-11,
                    1.0,
                    -6.559730536537245e-11,
                    0.4519755244255066,
                    0.6181754469871521,
                    -7.660565974967892e-16,
                    -0.7860410213470459,
                    -13.710453033447266,
                    0.0,
                    0.0,
                    0.0,
                    1.0
                ],
                "Components": [
                    {
                        "UID": 475353683367935944,
                        "Type": 1,
                        "Enabled": true,
                        "WasEnabled": true,
                        "Name": "Mesh",
                        "Mesh": 1191001074840563,
                        "Material": 0,
                        "RenderMode": 0
                    }
                ],
                "Children": []
            },
            {
                "UID": 9603179632485666070,
                "ParentUID": 14547429557385646294,
                "Name": "EN_WaterfallRock_01",
                "Mobility": 1,
                "SelectParent": false,
                "Enabled": true,
                "WasEnabled": true,
                "NavmeshValid": false,
                "LocalTransform": [
                    1.0,
                    0.0,
                    0.0,
                    59.376461029052734,
                    0.0,
                    1.0,
                    0.0,
                    0.00012670006253756583,
                    0.0,
                    0.0,
                    1.0,
                    -87.2081527709961,
                    0.0,
                    0.0,
                    0.0,
                    1.0
                ],
                "Components": [
                    {
                        "UID": 1332225802274914458,
                        "Type": 1,
                        "Enabled": true,
                        "WasEnabled": true,
                        "Name": "Mesh",
                        "Mesh": 1113082955333945,
                        "Material": 0,
                        "RenderMode": 0
                    }
                ],
                "Children": []
            },
            {
                "UID": 9487484205841934645,
                "ParentUID": 1791771555020248556,
                "Name": "jnt_Index_R_02",
                "Mobility": 0,
                "SelectParent": true,
                "Enabled": true,
                "WasEnabled": true,
                "NavmeshValid": false,
                "LocalTransform": [
                    1.0,
                    1.1339034244883806e-7,
                    -1.838089147554456e-8,
                    -0.010028010234236717,
                    -1.1339034244883806e-7,
                    1.0,
                    8.114954930249496e-9,
                    -0.030945967882871628,
                    1.8380893251901398e-8,
                    -8.114954042071076e-9,
                    0.9999999403953552,
                    0.007340031675994396,
                    0.0,
                    0.0,
                    0.0,
                    1.0
                ],
                "Components": [],
                "Children": []
            },
            {
                "UID": 15699031812680007476,
                "ParentUID": 11183816527201181535,
                "Name": "EN_Boss_Arena_Floor_01",
                "Mobility": 1,
                "SelectParent": false,
                "Enabled": true,
                "WasEnabled": true,
                "NavmeshValid": false,
                "LocalTransform": [
                    1.0,
                    0.0,
                    0.0,
                    -19.998783111572266,
                    0.0,
                    1.0,
                    1.1080546202801855e-16,
                    -0.32526981830596924,
                    0.0,
                    -1.1080546202801855e-16,
                    1.0,
                    -0.07633590698242188,
                    0.0,
                    0.0,
                    0.0,
                    1.0
                ],
                "Components": [
                    {
                        "UID": 3296989418254017928,
                        "Type": 1,
                        "Enabled": true,
                        "WasEnabled": true,
                        "Name": "Mesh",
                        "Mesh": 1193294653578726,
                        "Material": 0,
                        "RenderMode": 0
                    }
                ],
                "Children": []
            },
            {
                "UID": 13164375665441233638,
                "ParentUID": 1668982982282134789,
                "Name": "ctrl_pelt_2_R_01",
                "Mobility": 0,
                "SelectParent": true,
                "Enabled": true,
                "WasEnabled": true,
                "NavmeshValid": false,
                "LocalTransform": [
                    0.9999628067016602,
                    -3.352458310956763e-9,
                    1.979115893391281e-8,
                    1.0244548320770264e-8,
                    -1.9049268829007815e-8,
                    0.152242049574852,
                    0.9883483648300171,
                    -0.005202912725508213,
                    -6.326151602564778e-9,
                    -0.988347053527832,
                    0.1522422432899475,
                    5.494803190231323e-8,
                    0.0,
                    0.0,
                    0.0,
                    1.0
                ],
                "Components": [],
                "Children": [
                    7290996819673648962
                ]
            },
            {
                "UID": 1861055216460164503,
                "ParentUID": 14547429557385646294,
                "Name": "Floor",
