{
    "Scene": {
        "UID": 10640495392161785862,
        "Name": "SCENE_Boss",
        "RootGameObject": 6788591387451538717,
        "NavmeshUID": 2034445260204470,
        "Camera Position": [
            -21.47665786743164,
            16.782230377197266,
            -46.18534469604492
        ],
        "Camera Front": [
            0.3555994927883148,
            -0.6335232853889465,
            -0.6871660947799683
        ],
        "Camera Up": [
            0.2909132242202759,
            0.7741436958312988,
            -0.562201976776123
        ],
        "WorldObjectsMask": 13,
        "TriggerMask": 8,
        "EnemyMask": 25,
        "PlayerMask": 39,
        "PlayerProjectileMask": 4,
        "EnemyProjectileMask": 8,
        "tags": [],
        "tagsGO": [],
        "GameObjects": [
            {
                "UID": 6788591387451538717,
                "ParentUID": 0,
                "Name": "SceneModule GameObject",
                "Mobility": 1,
                "SelectParent": false,
                "Enabled": true,
                "WasEnabled": true,
                "NavmeshValid": false,
                "LocalTransform": [
                    1.0,
                    0.0,
                    0.0,
                    0.0,
                    0.0,
                    1.0,
                    0.0,
                    0.0,
                    0.0,
                    0.0,
                    1.0,
                    0.0,
                    0.0,
                    0.0,
                    0.0,
                    1.0
                ],
                "Components": [],
                "Children": [
                    14547429557385646294,
                    17463453328532126461,
                    4107746112324375919,
                    16088456706799281289,
                    9712974223873665911,
                    16865153113853310621,
                    16776525456551453907
                ]
            },
            {
                "UID": 17304482694769907566,
                "ParentUID": 14547429557385646294,
                "Name": "Floor",
                "Mobility": 1,
                "SelectParent": false,
                "Enabled": true,
                "WasEnabled": true,
                "NavmeshValid": true,
                "LocalTransform": [
                    -0.34018003940582275,
                    0.24918511509895325,
                    0.0,
                    62.389129638671875,
                    3.13592209977287e-8,
                    3.84137699427356e-8,
                    0.9999999403953552,
                    0.25208064913749695,
                    0.2630596458911896,
                    0.3222375512123108,
                    -1.1920928955078125e-7,
                    -51.132999420166016,
                    0.0,
                    0.0,
                    0.0,
                    1.0
                ],
                "Components": [
                    {
                        "UID": 17343747295200105213,
                        "Type": 1,
                        "Enabled": true,
                        "WasEnabled": true,
                        "Name": "Mesh",
                        "Mesh": 1169044534756073,
                        "Material": 1339660925152265,
                        "RenderMode": 0,
                        "ProduceShadows": true
                    }
                ],
                "Children": []
            },
            {
                "UID": 17705661558720853204,
                "ParentUID": 1230997412907957803,
                "Name": "ctrl_pelt_R_02",
                "Mobility": 0,
                "SelectParent": true,
                "Enabled": true,
                "WasEnabled": true,
                "NavmeshValid": false,
                "PrefabChildUID": 1728367558599169919,
                "LocalTransform": [
                    1.0,
                    3.492459099696532e-10,
                    2.0721930837908076e-8,
                    3.725290298461914e-9,
                    -3.492460209919557e-10,
                    1.0,
                    4.598405212163925e-9,
                    -0.0052028861828148365,
                    -2.0721930837908076e-8,
                    -4.598405212163925e-9,
                    1.0,
                    -3.4924596548080444e-9,
                    0.0,
                    0.0,
                    0.0,
                    1.0
                ],
                "Components": [],
                "Children": [
                    8287114486445194787
                ]
            },
            {
                "UID": 2001999262444268312,
                "ParentUID": 11183816527201181535,
                "Name": "EN_Boss_Arena_Floor_05",
                "Mobility": 1,
                "SelectParent": false,
                "Enabled": true,
                "WasEnabled": true,
                "NavmeshValid": false,
                "LocalTransform": [
                    -0.08263079822063446,
                    0.0,
                    0.9965808987617493,
                    11.309196472167969,
                    7.815970093361102e-14,
                    1.0,
                    4.015419108327478e-10,
                    0.5951516032218933,
                    -0.9965808987617493,
                    -2.1242502114965367e-15,
                    -0.08263079822063446,
                    10.99197006225586,
                    0.0,
                    0.0,
                    0.0,
                    1.0
                ],
                "Components": [
                    {
                        "UID": 8456394471551782499,
                        "Type": 1,
                        "Enabled": true,
                        "WasEnabled": true,
                        "Name": "Mesh",
                        "Mesh": 1191001074840563,
                        "Material": 0,
                        "RenderMode": 0,
                        "ProduceShadows": true
                    }
                ],
                "Children": []
            },
            {
                "UID": 8601157681543674690,
                "ParentUID": 15377205117318295448,
                "Name": "grp_spine_01",
                "Mobility": 0,
                "SelectParent": true,
                "Enabled": true,
                "WasEnabled": true,
                "NavmeshValid": false,
                "PrefabChildUID": 15205242164385179887,
                "LocalTransform": [
                    1.0,
                    -0.0,
                    0.0,
                    0.0,
                    0.0,
                    0.999435544013977,
                    0.0335952453315258,
                    0.0921180248260498,
                    -0.0,
                    -0.0335952453315258,
                    0.999435544013977,
                    -0.0013744451571255922,
                    0.0,
                    0.0,
                    0.0,
                    1.0
                ],
                "Components": [],
                "Children": [
                    15416947136872108768
                ]
            },
            {
                "UID": 12639205038585151955,
                "ParentUID": 15029501528910820329,
                "Name": "jnt_Eye_L",
                "Mobility": 0,
                "SelectParent": true,
                "Enabled": true,
                "WasEnabled": true,
                "NavmeshValid": false,
                "PrefabChildUID": 14497266670148951169,
                "LocalTransform": [
                    0.964877188205719,
                    -0.010247852653265,
                    0.2624801695346832,
                    0.03371229022741318,
                    -0.011007709428668022,
                    0.9966952204704285,
                    0.0793849527835846,
                    0.014804092235863209,
                    -0.2624480724334717,
                    -0.07947955280542374,
                    0.9616655111312866,
                    0.053939878940582275,
                    0.0,
                    0.0,
                    0.0,
                    1.0
                ],
                "Components": [],
                "Children": []
            },
            {
                "UID": 14282123816966605988,
                "ParentUID": 7222162204343474986,
                "Name": "jnt_cloth_Center_02",
                "Mobility": 0,
                "SelectParent": true,
                "Enabled": true,
                "WasEnabled": true,
                "NavmeshValid": false,
                "PrefabChildUID": 17758418742746924713,
                "LocalTransform": [
                    1.0,
                    1.455191966925895e-9,
                    3.0645936581791305e-17,
                    -1.8341962615409102e-8,
                    -1.455191966925895e-9,
                    1.0,
                    -6.885550352109249e-9,
                    -0.09097091853618622,
                    -4.066573416032374e-17,
                    6.885550352109249e-9,
                    1.0,
                    0.009081722237169743,
                    0.0,
                    0.0,
                    0.0,
                    1.0
                ],
                "Components": [],
                "Children": [
                    13890637339486910543
                ]
            },
            {
                "UID": 17334656892513207148,
                "ParentUID": 11183816527201181535,
                "Name": "EN_Boss_Arena_Floor_Curved_03",
                "Mobility": 1,
                "SelectParent": false,
                "Enabled": true,
                "WasEnabled": true,
                "NavmeshValid": false,
                "LocalTransform": [
                    0.647282063961029,
                    0.0,
                    0.7622511982917786,
                    13.891136169433594,
                    1.6655121726216748e-11,
                    1.0,
                    -3.865352482534945e-12,
                    0.8815604448318481,
                    -0.7622511982917786,
                    -1.5632433498710685e-15,
                    0.647282063961029,
                    18.495328903198242,
                    0.0,
                    0.0,
                    0.0,
                    1.0
                ],
                "Components": [
                    {
                        "UID": 16123022167467783276,
                        "Type": 1,
                        "Enabled": true,
                        "WasEnabled": true,
                        "Name": "Mesh",
                        "Mesh": 1158794635434040,
                        "Material": 0,
                        "RenderMode": 0,
                        "ProduceShadows": true
                    }
                ],
                "Children": []
            },
            {
                "UID": 15563266640606113264,
                "ParentUID": 6521879383224864214,
                "Name": "Spot_light",
                "Mobility": 1,
                "SelectParent": false,
                "Enabled": true,
                "WasEnabled": true,
                "NavmeshValid": false,
                "LocalTransform": [
                    -1.6647547340653546e-7,
                    -1.5855903257033788e-9,
                    -0.4655001163482666,
                    -0.16652679443359375,
                    -3.818017950407704e-16,
                    0.46549946069717407,
                    -1.5855903257033788e-9,
                    -0.05042314529418945,
                    0.4654996395111084,
                    -3.742598136784181e-16,
                    -1.664759849973052e-7,
                    0.034725189208984375,
                    0.0,
                    0.0,
                    0.0,
                    1.0
                ],
                "Components": [
                    {
                        "UID": 13449585431585961584,
                        "Type": 3,
                        "Enabled": true,
                        "WasEnabled": true,
                        "Name": "Spot Light",
                        "Intensity": 34.42599868774414,
                        "ColorRed": 1.0,
                        "ColorGreen": 1.0,
                        "ColorBlue": 1.0,
                        "DrawGizmos": true,
                        "Range": 10.0,
                        "InnerAngle": 69.71299743652344,
                        "OuterAngle": 74.50800323486328
                    }
                ],
                "Children": []
            },
            {
                "UID": 14996295868340514814,
                "ParentUID": 11183816527201181535,
                "Name": "EN_Boss_Arena_Floor_02",
                "Mobility": 1,
                "SelectParent": false,
                "Enabled": true,
                "WasEnabled": true,
                "NavmeshValid": false,
                "LocalTransform": [
                    0.12062986940145493,
                    -9.92387640508241e-7,
                    0.9926990866661072,
                    8.565574645996094,
                    -9.923971902026096e-7,
                    1.0,
                    0.000001120308183999441,
                    0.44468265771865845,
                    -0.9926990866661072,
                    -0.0000011202986343050725,
                    0.12062986940145493,
                    17.807153701782227,
                    0.0,
                    0.0,
                    0.0,
                    1.0
                ],
                "Components": [
                    {
                        "UID": 14604630824700995094,
                        "Type": 1,
                        "Enabled": true,
                        "WasEnabled": true,
                        "Name": "Mesh",
                        "Mesh": 1175354610040876,
                        "Material": 0,
                        "RenderMode": 0,
                        "ProduceShadows": true
                    }
                ],
                "Children": []
            },
            {
                "UID": 3625852883055539756,
                "ParentUID": 11183816527201181535,
                "Name": "EN_Boss_Arena_Floor_Curved_05",
                "Mobility": 1,
                "SelectParent": false,
                "Enabled": true,
                "WasEnabled": true,
                "NavmeshValid": false,
                "LocalTransform": [
                    0.744555652141571,
                    -0.0000012882394457847113,
                    0.6675626635551453,
                    -16.009361267089844,
                    2.1355822354962584e-7,
                    1.0,
                    0.0000016915662399696885,
                    -0.20766714215278625,
                    -0.6675626635551453,
                    -0.0000011172295444339397,
                    0.744555652141571,
                    19.124893188476563,
                    0.0,
                    0.0,
                    0.0,
                    1.0
                ],
                "Components": [
                    {
                        "UID": 1179917436503425224,
                        "Type": 1,
                        "Enabled": true,
                        "WasEnabled": true,
                        "Name": "Mesh",
                        "Mesh": 1190628279540864,
                        "Material": 0,
                        "RenderMode": 0,
                        "ProduceShadows": true
                    }
                ],
                "Children": []
            },
            {
                "UID": 7412806394581803635,
                "ParentUID": 17262602051778492385,
                "Name": "grp_hair_R",
                "Mobility": 0,
                "SelectParent": true,
                "Enabled": true,
                "WasEnabled": true,
                "NavmeshValid": false,
                "PrefabChildUID": 2683181629179312589,
                "LocalTransform": [
                    1.0,
                    -3.783497404263869e-10,
                    4.947650067421705e-10,
                    -0.07064162939786911,
                    3.783497404263869e-10,
                    1.0,
                    9.604262940499098e-10,
                    -0.041422367095947266,
                    -4.947650067421705e-10,
                    -9.604262940499098e-10,
                    1.0,
                    0.03228725120425224,
                    0.0,
                    0.0,
                    0.0,
                    1.0
                ],
                "Components": [],
                "Children": [
                    17982741730527368302
                ]
            },
            {
                "UID": 1021841918500176411,
                "ParentUID": 18270796348735132364,
                "Name": "jnt_Index_L_02",
                "Mobility": 0,
                "SelectParent": true,
                "Enabled": true,
                "WasEnabled": true,
                "NavmeshValid": false,
                "PrefabChildUID": 15567381655346818441,
                "LocalTransform": [
                    0.6685938239097595,
                    0.7274108529090881,
                    -0.15443316102027893,
                    0.010027999989688396,
                    -0.7364897131919861,
                    0.6190544366836548,
                    -0.27266672253608704,
                    -0.030945969745516777,
                    -0.10273847728967667,
                    0.2960447371006012,
                    0.9496263861656189,
                    0.0073400139808654785,
                    0.0,
                    0.0,
                    0.0,
                    1.0
                ],
                "Components": [],
                "Children": []
            },
            {
                "UID": 15990774445943229705,
                "ParentUID": 234816935516537770,
                "Name": "jnt_cloth_R_01",
                "Mobility": 0,
                "SelectParent": true,
                "Enabled": true,
                "WasEnabled": true,
                "NavmeshValid": false,
                "PrefabChildUID": 43393629876293374,
                "LocalTransform": [
                    0.9999119639396667,
                    -0.000752325402572751,
                    -0.0006707772263325751,
                    -0.03399626910686493,
                    0.0007366855861619115,
                    0.9996471405029297,
                    -0.02301943488419056,
                    -0.0999058187007904,
                    0.0006878819549456239,
                    0.02301769144833088,
                    0.9997009634971619,
                    0.010912122204899788,
                    0.0,
                    0.0,
                    0.0,
                    1.0
                ],
                "Components": [],
                "Children": [
                    18220657359083843427
                ]
            },
            {
                "UID": 9622283630274758710,
                "ParentUID": 3790581232853411580,
                "Name": "jnt_Ring_R_01",
                "Mobility": 0,
                "SelectParent": true,
                "Enabled": true,
                "WasEnabled": true,
                "NavmeshValid": false,
                "PrefabChildUID": 10850783285938193160,
                "LocalTransform": [
                    0.2528964877128601,
                    -0.9669072031974792,
                    -0.03351382538676262,
                    -0.06272270530462265,
                    0.9183214902877808,
                    0.22899147868156433,
                    0.32288211584091187,
                    -0.128093421459198,
                    -0.30453261733055115,
                    -0.11243335157632828,
                    0.9458229541778564,
                    0.003197271376848221,
                    0.0,
                    0.0,
                    0.0,
                    1.0
                ],
                "Components": [],
                "Children": [
                    7844684992698245679
                ]
            },
            {
                "UID": 7724681622550395113,
                "ParentUID": 11183816527201181535,
                "Name": "EN_Boss_Arena_Floor_Curved_04",
                "Mobility": 1,
                "SelectParent": false,
                "Enabled": true,
                "WasEnabled": true,
                "NavmeshValid": false,
                "LocalTransform": [
                    -0.8945936560630798,
                    0.1485019475221634,
                    0.42175447940826416,
                    22.043128967285156,
                    0.07810121774673462,
                    0.9806259274482727,
                    -0.17964902520179749,
                    0.06579707562923431,
                    -0.4402052164077759,
                    -0.12775661051273346,
                    -0.8887687921524048,
                    -1.933685302734375,
                    0.0,
                    0.0,
                    0.0,
                    1.0
                ],
                "Components": [
                    {
                        "UID": 11840317524416727397,
                        "Type": 1,
                        "Enabled": true,
                        "WasEnabled": true,
                        "Name": "Mesh",
                        "Mesh": 1117004343781961,
                        "Material": 0,
                        "RenderMode": 0,
                        "ProduceShadows": true
                    }
                ],
                "Children": []
            },
            {
                "UID": 6546081409444138519,
                "ParentUID": 11183816527201181535,
                "Name": "EN_Boss_Arena_Floor_Curved_01",
                "Mobility": 1,
                "SelectParent": false,
                "Enabled": true,
                "WasEnabled": true,
                "NavmeshValid": false,
                "LocalTransform": [
                    -0.6472697854042053,
                    -0.08155321329832077,
                    0.7578998804092407,
                    20.713943481445313,
                    -0.0529613122344017,
                    0.996668815612793,
                    0.062015350908041,
                    0.4613800048828125,
                    -0.7604297995567322,
                    -6.326550305857381e-7,
                    -0.6494213342666626,
                    -3.336099624633789,
                    0.0,
                    0.0,
                    0.0,
                    1.0
                ],
                "Components": [
                    {
                        "UID": 4422463757070071574,
                        "Type": 1,
                        "Enabled": true,
                        "WasEnabled": true,
                        "Name": "Mesh",
                        "Mesh": 1194200003146359,
                        "Material": 0,
                        "RenderMode": 0,
                        "ProduceShadows": true
                    }
                ],
                "Children": []
            },
            {
                "UID": 17181195919224467143,
                "ParentUID": 7370190759102721049,
                "Name": "jnt_foot_L_01",
                "Mobility": 0,
                "SelectParent": true,
                "Enabled": true,
                "WasEnabled": true,
                "NavmeshValid": false,
                "PrefabChildUID": 18012176524780086720,
                "LocalTransform": [
                    0.9999897480010986,
                    1.559950817409117e-7,
                    8.987182553710227e-8,
                    0.019100481644272804,
                    -1.559944280415948e-7,
                    0.9999936819076538,
                    -1.745385560525392e-7,
                    -0.06851775199174881,
                    -8.987150579287118e-8,
                    1.745385560525392e-7,
                    0.999993622303009,
                    0.15522681176662445,
                    0.0,
                    0.0,
                    0.0,
                    1.0
                ],
                "Components": [],
                "Children": []
            },
            {
                "UID": 671460241428180776,
                "ParentUID": 4919968045354205814,
                "Name": "ctrl_rootShape",
                "Mobility": 0,
                "SelectParent": true,
                "Enabled": true,
                "WasEnabled": true,
                "NavmeshValid": false,
                "PrefabChildUID": 10983853949421363544,
                "LocalTransform": [
                    1.0,
                    0.0,
                    0.0,
                    0.0,
                    0.0,
                    1.0,
                    0.0,
                    0.0,
                    0.0,
                    0.0,
                    1.0,
                    0.0,
                    0.0,
                    0.0,
                    0.0,
                    1.0
                ],
                "Components": [],
                "Children": [
                    12822565932854639218,
                    15637303963006279649,
                    18165745552607654232,
                    10088310799891288728
                ]
            },
            {
                "UID": 8624723256307337942,
                "ParentUID": 11183816527201181535,
                "Name": "EN_Boss_Arena_Floor_Curved_02",
                "Mobility": 1,
                "SelectParent": false,
                "Enabled": true,
                "WasEnabled": true,
                "NavmeshValid": false,
                "LocalTransform": [
                    0.9079130291938782,
                    1.384341885568574e-8,
                    0.4190932512283325,
                    -8.662612915039063,
                    -0.03484274446964264,
                    0.9965378642082214,
                    0.07548554241657257,
                    0.9872698187828064,
                    -0.4176405966281891,
                    -0.08313905447721481,
                    0.9048011302947998,
                    22.596221923828125,
                    0.0,
                    0.0,
                    0.0,
                    1.0
                ],
                "Components": [
                    {
                        "UID": 9727202796405841543,
                        "Type": 1,
                        "Enabled": true,
                        "WasEnabled": true,
                        "Name": "Mesh",
                        "Mesh": 1188405533194368,
                        "Material": 0,
                        "RenderMode": 0,
                        "ProduceShadows": true
                    }
                ],
                "Children": []
            },
            {
                "UID": 2369734112751060278,
                "ParentUID": 14547429557385646294,
                "Name": "EN_Boss_Arena_Wall_Entrance_02",
                "Mobility": 1,
                "SelectParent": false,
                "Enabled": true,
                "WasEnabled": true,
                "NavmeshValid": false,
                "LocalTransform": [
                    -0.8445766568183899,
                    -1.7858877754406421e-7,
                    0.5354357361793518,
                    61.87346649169922,
                    1.7509881899968605e-7,
                    1.0,
                    6.101698772909003e-7,
                    -0.00011300948972348124,
                    -0.5354357361793518,
                    6.090901933930581e-7,
                    -0.8445766568183899,
                    -68.54426574707031,
                    0.0,
                    0.0,
                    0.0,
                    1.0
                ],
                "Components": [
                    {
                        "UID": 15087700825364777069,
                        "Type": 1,
                        "Enabled": true,
                        "WasEnabled": true,
                        "Name": "Mesh",
                        "Mesh": 1105824223600512,
                        "Material": 0,
                        "RenderMode": 0,
                        "ProduceShadows": true
                    }
                ],
                "Children": []
            },
            {
                "UID": 7222162204343474986,
                "ParentUID": 234816935516537770,
                "Name": "jnt_cloth_Center_01",
                "Mobility": 0,
                "SelectParent": true,
                "Enabled": true,
                "WasEnabled": true,
                "NavmeshValid": false,
                "PrefabChildUID": 16781785863147458915,
                "LocalTransform": [
                    1.0,
                    1.519266881557283e-16,
                    -3.160252132937213e-17,
                    0.030695859342813492,
                    -1.519266881557283e-16,
                    1.0,
                    -3.0560755703845643e-8,
                    -0.08131038397550583,
                    3.160251471192723e-17,
                    3.0560755703845643e-8,
                    1.0,
                    0.007267375476658344,
                    0.0,
                    0.0,
                    0.0,
                    1.0
                ],
                "Components": [],
                "Children": [
                    14282123816966605988
                ]
            },
            {
                "UID": 14448224650106620564,
                "ParentUID": 11183816527201181535,
                "Name": "EN_Boss_Arena_Floor_04",
                "Mobility": 1,
                "SelectParent": false,
                "Enabled": true,
                "WasEnabled": true,
                "NavmeshValid": false,
                "LocalTransform": [
                    -0.828809380531311,
                    -0.0000014309115385913174,
                    -0.5595324635505676,
                    19.886001586914063,
                    -0.0000017942870726983529,
                    1.0,
                    1.0029043551185168e-7,
                    0.8902088403701782,
                    0.5595324635505676,
                    0.0000010872327038669027,
                    -0.828809380531311,
                    0.07878780364990234,
                    0.0,
                    0.0,
                    0.0,
                    1.0
                ],
                "Components": [
                    {
                        "UID": 11484953999663085327,
                        "Type": 1,
                        "Enabled": true,
                        "WasEnabled": true,
                        "Name": "Mesh",
                        "Mesh": 1132408044051634,
                        "Material": 0,
                        "RenderMode": 0,
                        "ProduceShadows": true
                    }
                ],
                "Children": []
            },
            {
                "UID": 2342996717648910829,
                "ParentUID": 14547429557385646294,
                "Name": "EN_WaterfallRock_09",
                "Mobility": 1,
                "SelectParent": false,
                "Enabled": true,
                "WasEnabled": true,
                "NavmeshValid": false,
                "LocalTransform": [
                    1.0,
                    0.0,
                    0.0,
                    72.36051940917969,
                    0.0,
                    1.0,
                    4.189086143940868e-17,
                    2.896604299545288,
                    0.0,
                    -4.189086143940868e-17,
                    1.0,
                    -88.03438568115234,
                    0.0,
                    0.0,
                    0.0,
                    1.0
                ],
                "Components": [
                    {
                        "UID": 4848203841177660228,
                        "Type": 1,
                        "Enabled": true,
                        "WasEnabled": true,
                        "Name": "Mesh",
                        "Mesh": 1167476682570038,
                        "Material": 0,
                        "RenderMode": 0,
                        "ProduceShadows": true
                    }
                ],
                "Children": []
            },
            {
                "UID": 2370641288973762917,
                "ParentUID": 456622993007660517,
                "Name": "EN_Boss_Arena_Wall_02",
                "Mobility": 1,
                "SelectParent": false,
                "Enabled": true,
                "WasEnabled": true,
                "NavmeshValid": false,
                "LocalTransform": [
                    0.9497708082199097,
                    0.015631914138793945,
                    -0.31297987699508667,
                    -18.603885650634766,
                    -0.02452913671731949,
                    0.9994018077850342,
                    -0.024520650506019592,
                    -0.653532087802887,
                    0.312411904335022,
                    0.03096303530037403,
                    0.9494336247444153,
                    14.705557823181152,
                    0.0,
                    0.0,
                    0.0,
                    1.0
                ],
                "Components": [
                    {
                        "UID": 3946842849390201020,
                        "Type": 1,
                        "Enabled": true,
                        "WasEnabled": true,
                        "Name": "Mesh",
                        "Mesh": 1162923233661774,
                        "Material": 0,
                        "RenderMode": 0,
                        "ProduceShadows": true
                    }
                ],
                "Children": []
            },
            {
                "UID": 10321669733585559739,
                "ParentUID": 10045437264625487959,
                "Name": "fracture_E",
                "Mobility": 0,
                "SelectParent": true,
                "Enabled": false,
                "WasEnabled": true,
                "NavmeshValid": false,
                "PrefabChildUID": 1603766660673075699,
                "LocalTransform": [
                    0.9999676942825317,
                    -0.0000010035362265625736,
                    0.008031719364225864,
                    0.005846800748258829,
                    9.95121354208095e-7,
                    0.9999999403953552,
                    0.000001051704202836845,
                    0.03529755398631096,
                    -0.008031719364225864,
                    -0.0000010436776847200235,
                    0.9999676942825317,
                    0.008099050261080265,
                    0.0,
                    0.0,
                    0.0,
                    1.0
                ],
                "Components": [],
                "Children": []
            },
            {
                "UID": 8242926321984453636,
                "ParentUID": 2697588746396197531,
                "Name": "grp_pelt_1_L_01",
                "Mobility": 0,
                "SelectParent": true,
                "Enabled": true,
                "WasEnabled": true,
                "NavmeshValid": false,
                "PrefabChildUID": 4957740283666731081,
                "LocalTransform": [
                    0.026092886924743652,
                    0.509687066078186,
                    -0.8599814176559448,
                    -0.15651588141918182,
                    0.10582318902015686,
                    0.8540129065513611,
                    0.509383499622345,
                    0.8877649307250977,
                    0.9940425753593445,
                    -0.10429491102695465,
                    -0.03165382146835327,
                    0.07061275094747543,
                    0.0,
                    0.0,
                    0.0,
                    1.0
                ],
                "Components": [],
                "Children": [
                    10324455679217279200
                ]
            },
            {
                "UID": 10695747511593195876,
                "ParentUID": 11183816527201181535,
                "Name": "EN_Boss_Arena_Floor_05",
                "Mobility": 1,
                "SelectParent": false,
                "Enabled": true,
                "WasEnabled": true,
                "NavmeshValid": false,
                "LocalTransform": [
                    -0.08263079822063446,
                    0.0,
                    0.9965808987617493,
                    -23.456687927246094,
                    7.815970093361102e-14,
                    1.0,
                    3.454942998359911e-10,
                    0.5365601778030396,
                    -0.9965808987617493,
                    -2.1175688156085948e-15,
                    -0.08263079822063446,
                    5.19373893737793,
                    0.0,
                    0.0,
                    0.0,
                    1.0
                ],
                "Components": [
                    {
                        "UID": 388409852339368015,
                        "Type": 1,
                        "Enabled": true,
                        "WasEnabled": true,
                        "Name": "Mesh",
                        "Mesh": 1191001074840563,
                        "Material": 0,
                        "RenderMode": 0,
                        "ProduceShadows": true
                    }
                ],
                "Children": []
            },
            {
                "UID": 10188648961251217227,
                "ParentUID": 18407147509875969417,
                "Name": "jnt_leg_R_02",
                "Mobility": 0,
                "SelectParent": true,
                "Enabled": true,
                "WasEnabled": true,
                "NavmeshValid": false,
                "PrefabChildUID": 13383991073712578903,
                "LocalTransform": [
                    0.979233980178833,
                    -0.20266841351985931,
                    0.0017001271480694413,
                    -0.06947920471429825,
                    0.14873425662517548,
                    0.7129350900650024,
                    -0.6852940917015076,
                    -0.33459943532943726,
                    0.1376698613166809,
                    0.6713301539421082,
                    0.7282776832580566,
                    0.036707133054733276,
                    0.0,
                    0.0,
                    0.0,
                    1.0
                ],
                "Components": [],
                "Children": [
                    7483152824251777464
                ]
            },
            {
                "UID": 13903685270795808526,
                "ParentUID": 11183816527201181535,
                "Name": "EN_Boss_Arena_Floor_03",
                "Mobility": 1,
                "SelectParent": false,
                "Enabled": true,
                "WasEnabled": true,
                "NavmeshValid": false,
                "LocalTransform": [
                    0.212767094373703,
                    -8.887403737389832e-7,
                    0.977102518081665,
                    -11.37442398071289,
                    -8.884053386282176e-7,
                    1.0,
                    0.0000011026234005839797,
                    0.4738159775733948,
                    -0.977102518081665,
                    -0.0000011028388371414621,
                    0.212767094373703,
                    21.240596771240234,
                    0.0,
                    0.0,
                    0.0,
                    1.0
                ],
