{
    "Scene": {
        "UID": 7567162629660768901,
        "Name": "SCENE_Level1",
        "RootGameObject": 10309131146409751111,
        "WorldObjectsMask": 13,
        "TriggerMask": 8,
        "EnemyMask": 9,
        "PlayerMask": 7,
        "GameObjects": [
            {
                "UID": 10309131146409751111,
                "ParentUID": 0,
                "Name": "SceneModule GameObject",
                "Mobility": 1,
                "IsTopParent": false,
                "Enabled": true,
                "LocalTransform": [
                    1.0,
                    0.0,
                    0.0,
                    0.0,
                    0.0,
                    1.0,
                    0.0,
                    0.0,
                    0.0,
                    0.0,
                    1.0,
                    0.0,
                    0.0,
                    0.0,
                    0.0,
                    1.0
                ],
                "Components": [],
                "Children": [
                    8519135151061334248,
                    17838022806661196918,
                    17701021299620322317,
                    1376075736873409155,
                    676869183285886395,
                    15575275207341114098,
                    17029772696136296337,
                    7899710840994655059,
                    10524004567631186344,
                    6762149976228520111,
                    18078454055520802821,
                    10279200073526244852,
                    11888795356999505854,
                    18312162961708251364,
                    16540824976105330832,
                    13566349381809289289,
                    3505925268768831236,
                    12193519881083990273,
                    16051337795142483589,
                    5641077942877652096,
                    13175172894324180644,
                    4314863319651973487,
                    10267014684416338424,
                    7936182172755189759,
                    7624194745537145869,
                    9135358894107441758,
                    6622148871239526799,
                    4257159064858242112,
                    909005019316955211,
                    6172026700079853208,
                    3579358683208176297,
                    6368207884406530916,
                    142777167740697135,
                    6350740905578544836,
                    16259343186039536822
                ]
            },
            {
                "UID": 3288460286696605369,
                "ParentUID": 17701021299620322317,
                "Name": "PR_Tributes_Plate",
                "Mobility": 1,
                "IsTopParent": true,
                "Enabled": true,
                "LocalTransform": [
                    1.0,
                    0.0,
                    0.0,
                    3.458852767944336,
                    0.0,
                    1.0,
                    0.0,
                    -0.9703021049499512,
                    0.0,
                    -0.0,
                    1.0,
                    2.141551971435547,
                    0.0,
                    0.0,
                    0.0,
                    1.0
                ],
                "Components": [
                    {
                        "UID": 4850101976908205424,
                        "Type": 1,
                        "Enabled": true,
                        "Name": "Mesh",
                        "Mesh": 1141296907708177,
                        "Material": 1300000000000000
                    }
                ],
                "Children": []
            },
            {
                "UID": 11252645296986111474,
                "ParentUID": 15575275207341114098,
                "Name": "PR_Crate02",
                "Mobility": 1,
                "IsTopParent": true,
                "Enabled": true,
                "LocalTransform": [
                    1.0,
                    0.0,
                    0.0,
                    -3.788890838623047,
                    0.0,
                    1.0,
                    0.0,
                    0.19610309600830078,
                    2.9802322387695313e-8,
                    0.0,
                    1.0,
                    -1.5738410949707031,
                    0.0,
                    0.0,
                    0.0,
                    1.0
                ],
                "Components": [
                    {
                        "UID": 11256736938135914338,
                        "Type": 1,
                        "Enabled": true,
                        "Name": "Mesh",
                        "Mesh": 1140549394135412,
                        "Material": 1300000000000000
                    }
                ],
                "Children": []
            },
            {
                "UID": 14508196839014553159,
                "ParentUID": 10437475370876651004,
                "Name": "PR_Tributs_Vase02",
                "Mobility": 1,
                "IsTopParent": true,
                "Enabled": true,
                "LocalTransform": [
                    0.9567034840583801,
                    0.0,
                    0.2912294268608093,
                    0.7804088592529297,
                    0.0,
                    1.0,
                    0.0,
                    -0.07802629470825195,
                    -0.29121696949005127,
                    0.0,
                    0.9566778540611267,
                    -2.0204601287841797,
                    0.0,
                    0.0,
                    0.0,
                    1.0
                ],
                "Components": [
                    {
                        "UID": 13380118573936355215,
                        "Type": 1,
                        "Enabled": true,
                        "Name": "Mesh",
                        "Mesh": 1196024935513229,
                        "Material": 1300000000000000
                    }
                ],
                "Children": []
            },
            {
                "UID": 8519135151061334248,
                "ParentUID": 10309131146409751111,
                "Name": "BlockoutLevel1",
                "Mobility": 1,
                "IsTopParent": false,
                "Enabled": true,
                "LocalTransform": [
                    1.0,
                    0.0,
                    0.0,
                    0.0,
                    0.0,
                    1.0,
                    0.0,
                    0.0,
                    0.0,
                    0.0,
                    1.0,
                    0.0,
                    0.0,
                    0.0,
                    0.0,
                    1.0
                ],
                "Components": [
                    {
                        "UID": 5358384187884344755,
                        "Type": 1,
                        "Enabled": true,
                        "Name": "Mesh",
                        "Mesh": 1152797957712566,
                        "Material": 1300000000000000
                    }
                ],
                "Children": []
            },
            {
                "UID": 17838022806661196918,
                "ParentUID": 10309131146409751111,
                "Name": "EN_Bull_Statue_main",
                "Mobility": 1,
                "IsTopParent": false,
                "Enabled": true,
                "LocalTransform": [
                    -0.20314839482307434,
                    0.0,
                    -0.9791480302810669,
                    -38.93388366699219,
                    0.0,
                    1.0,
                    0.0,
                    6.636116027832031,
                    0.9791480302810669,
                    0.0,
                    -0.20314839482307434,
                    21.331270217895508,
                    0.0,
                    0.0,
                    0.0,
                    1.0
                ],
                "Components": [
                    {
                        "UID": 12488401426112840645,
                        "Type": 1,
                        "Enabled": true,
                        "Name": "Mesh",
                        "Mesh": 1121875172517213,
                        "Material": 1300000000000000
                    }
                ],
                "Children": [
                    15923443686249518001
                ]
            },
            {
                "UID": 15693992269767454980,
                "ParentUID": 17701021299620322317,
                "Name": "PR_Tributes_Vase01",
                "Mobility": 1,
                "IsTopParent": true,
                "Enabled": true,
                "LocalTransform": [
                    1.0,
                    0.0,
                    0.0,
                    3.7745532989501953,
                    0.0,
                    1.0,
                    0.0,
                    -0.9705476760864258,
                    0.0,
                    -0.0,
                    1.0,
                    -1.20623779296875,
                    0.0,
                    0.0,
                    0.0,
                    1.0
                ],
                "Components": [
                    {
                        "UID": 5239134231637498607,
                        "Type": 1,
                        "Enabled": true,
                        "Name": "Mesh",
                        "Mesh": 1102193708652659,
                        "Material": 1300000000000000
                    }
                ],
                "Children": []
            },
            {
                "UID": 15923443686249518001,
                "ParentUID": 17838022806661196918,
                "Name": "EN_Bull_Statue_main_stand",
                "Mobility": 1,
                "IsTopParent": false,
                "Enabled": true,
                "LocalTransform": [
                    0.9791477918624878,
                    -1.6330846045039746e-14,
                    0.20314852893352509,
                    0.000003814697265625,
                    -6.776263578034403e-21,
                    1.0,
                    8.03887325088147e-14,
                    -1.9076833724975586,
                    -0.20314852893352509,
                    -7.871246108246202e-14,
                    0.9791477918624878,
                    -0.08429336547851563,
                    0.0,
                    0.0,
                    0.0,
                    1.0
                ],
                "Components": [
                    {
                        "UID": 770387547586010804,
                        "Type": 1,
                        "Enabled": true,
                        "Name": "Mesh",
                        "Mesh": 1144559265209323,
                        "Material": 1300000000000000
                    }
                ],
                "Children": []
            },
            {
                "UID": 13529717059179994678,
                "ParentUID": 11423673396478631249,
                "Name": "PR_Shield",
                "Mobility": 1,
                "IsTopParent": false,
                "Enabled": true,
                "LocalTransform": [
                    -0.27848926186561584,
                    0.9601146578788757,
                    0.024984784424304962,
                    0.6794052124023438,
                    0.33720335364341736,
                    0.07338439673185349,
                    0.9385674595832825,
                    0.551948070526123,
                    0.8992987871170044,
                    0.2698056101799011,
                    -0.34419065713882446,
                    -1.3058271408081055,
                    0.0,
                    0.0,
                    0.0,
                    1.0
                ],
                "Components": [
                    {
                        "UID": 898560129492596625,
                        "Type": 1,
                        "Enabled": true,
                        "Name": "Mesh",
                        "Mesh": 1195385827079911,
                        "Material": 1300000000000000
                    }
                ],
                "Children": []
            },
            {
                "UID": 4949779836472453149,
                "ParentUID": 17701021299620322317,
                "Name": "PR_Tributes_Vase03",
                "Mobility": 1,
                "IsTopParent": true,
                "Enabled": true,
                "LocalTransform": [
                    1.2999999523162842,
                    0.0,
                    0.0,
                    1.693624496459961,
                    0.0,
                    1.2999999523162842,
                    0.0,
                    0.17651939392089844,
                    0.0,
                    0.0,
                    1.2999999523162842,
                    1.3174057006835938,
                    0.0,
                    0.0,
                    0.0,
                    1.0
                ],
                "Components": [
                    {
                        "UID": 4321439966081762752,
                        "Type": 1,
                        "Enabled": true,
                        "Name": "Mesh",
                        "Mesh": 1102070356171652,
                        "Material": 1300000000000000
                    }
                ],
                "Children": []
            },
            {
                "UID": 9780346602475103346,
                "ParentUID": 17701021299620322317,
                "Name": "PR_Tributes_Jar03",
                "Mobility": 1,
                "IsTopParent": true,
                "Enabled": true,
                "LocalTransform": [
                    -0.9899110198020935,
                    -8.659733907734335e-7,
                    -0.14171594381332397,
                    2.0754947662353516,
                    -8.906242783268681e-7,
                    1.0,
                    1.1052171089431795e-7,
                    -0.9679851531982422,
                    0.14171594381332397,
                    2.3562266449062008e-7,
                    -0.9899110198020935,
                    -2.2055320739746094,
                    0.0,
                    0.0,
                    0.0,
                    1.0
                ],
                "Components": [
                    {
                        "UID": 772806151595190765,
                        "Type": 1,
                        "Enabled": true,
                        "Name": "Mesh",
                        "Mesh": 1198915497598565,
                        "Material": 1300000000000000
                    }
                ],
                "Children": []
            },
            {
                "UID": 832828497944240087,
                "ParentUID": 17701021299620322317,
                "Name": "PR_Tributs_Wheat02",
                "Mobility": 1,
                "IsTopParent": true,
                "Enabled": true,
                "LocalTransform": [
                    -0.5407603979110718,
                    0.6593378782272339,
                    0.52237868309021,
                    4.141252517700195,
                    0.8301869034767151,
                    0.5184829235076904,
                    0.2049432247877121,
                    -0.2822108268737793,
                    -0.13572053611278534,
                    0.5444744825363159,
                    -0.8277438879013062,
                    1.2586479187011719,
                    0.0,
                    0.0,
                    0.0,
                    1.0
                ],
                "Components": [
                    {
                        "UID": 17809433889864232094,
                        "Type": 1,
                        "Enabled": true,
                        "Name": "Mesh",
                        "Mesh": 1141412719275296,
                        "Material": 1300000000000000
                    }
                ],
                "Children": []
            },
            {
                "UID": 676869183285886395,
                "ParentUID": 10309131146409751111,
                "Name": "PR_Bridge",
                "Mobility": 1,
                "IsTopParent": false,
                "Enabled": true,
                "LocalTransform": [
                    -1.0,
                    -5.642599489874556e-7,
                    0.0,
                    -43.340721130371094,
                    -5.642599489874556e-7,
                    1.0,
                    -5.642599489874556e-7,
                    2.588081121444702,
                    3.1838927653203564e-13,
                    -5.642599489874556e-7,
                    -1.0,
                    1.264932632446289,
                    0.0,
                    0.0,
                    0.0,
                    1.0
                ],
                "Components": [
                    {
                        "UID": 15909186650507693410,
                        "Type": 1,
                        "Enabled": true,
                        "Name": "Mesh",
                        "Mesh": 1142776918948507,
                        "Material": 1300000000000000
                    }
                ],
                "Children": []
            },
            {
                "UID": 6042220715633314561,
                "ParentUID": 17701021299620322317,
                "Name": "PR_Tributes_Vase02",
                "Mobility": 1,
                "IsTopParent": true,
                "Enabled": true,
                "LocalTransform": [
                    1.0,
                    0.0,
                    0.0,
                    4.092657089233398,
                    0.0,
                    1.0,
                    0.0,
                    -0.9704270362854004,
                    0.0,
                    -0.0,
                    1.0,
                    -0.2933692932128906,
                    0.0,
                    0.0,
                    0.0,
                    1.0
                ],
                "Components": [
                    {
                        "UID": 5732826090531799940,
                        "Type": 1,
                        "Enabled": true,
                        "Name": "Mesh",
                        "Mesh": 1196024935513229,
                        "Material": 1300000000000000
                    }
                ],
                "Children": []
            },
            {
                "UID": 6204369650944727406,
                "ParentUID": 17701021299620322317,
                "Name": "PR_Tributes_Vase04",
                "Mobility": 1,
                "IsTopParent": true,
                "Enabled": true,
                "LocalTransform": [
                    1.0,
                    0.0,
                    0.0,
                    3.3392295837402344,
                    0.0,
                    1.0,
                    0.0,
                    -0.970428466796875,
                    0.0,
                    -0.0,
                    1.0,
                    -0.5043525695800781,
                    0.0,
                    0.0,
                    0.0,
                    1.0
                ],
                "Components": [
                    {
                        "UID": 9042955676012578046,
                        "Type": 1,
                        "Enabled": true,
                        "Name": "Mesh",
                        "Mesh": 1131207638679204,
                        "Material": 1300000000000000
                    }
                ],
                "Children": []
            },
            {
                "UID": 63991424325319052,
                "ParentUID": 17701021299620322317,
                "Name": "PR_Tributs_DrinkingHorn",
                "Mobility": 1,
                "IsTopParent": true,
                "Enabled": true,
                "LocalTransform": [
                    -0.6496360301971436,
                    0.0,
                    0.7602742910385132,
                    0.6855907440185547,
                    0.0,
                    1.0,
                    0.0,
                    -0.4744143486022949,
                    -0.7602800130844116,
                    -0.0,
                    -0.6496320366859436,
                    4.342620849609375,
                    0.0,
                    0.0,
                    0.0,
                    1.0
                ],
                "Components": [
                    {
                        "UID": 11654760569180877612,
                        "Type": 1,
                        "Enabled": true,
                        "Name": "Mesh",
                        "Mesh": 1148642797564271,
                        "Material": 1300000000000000
                    }
                ],
                "Children": []
            },
            {
                "UID": 17701021299620322317,
                "ParentUID": 10309131146409751111,
                "Name": "Tributes",
                "Mobility": 1,
                "IsTopParent": false,
                "Enabled": true,
                "LocalTransform": [
                    -0.20314839482307434,
                    0.0,
                    -0.9791480302810669,
                    -38.56760025024414,
                    0.0,
                    1.0,
                    0.0,
                    6.355289459228516,
                    0.9791480302810669,
                    0.0,
                    -0.20314839482307434,
                    21.0548152923584,
                    0.0,
                    0.0,
                    0.0,
                    1.0
                ],
                "Components": [],
                "Children": [
                    17998729794998338750,
                    14384171398724881296,
                    6204369650944727406,
                    6042220715633314561,
                    15693992269767454980,
                    9780346602475103346,
                    4949779836472453149,
                    2655792303308503219,
                    11885082456500150589,
                    4910727015722628559,
                    4664445475601730330,
                    63991424325319052,
                    832828497944240087,
                    3288460286696605369,
                    5758111814696098287,
                    10522161777746423230,
                    14966777320867914896,
                    705982463960039323,
                    571901255600684861,
                    6043168625986068408,
                    9065523805762654070,
                    7455206715565130473,
                    6801904588830574075,
                    15873074890647915358
                ]
            },
            {
                "UID": 17998729794998338750,
                "ParentUID": 17701021299620322317,
                "Name": "PR_Tributes_Flask02",
                "Mobility": 1,
                "IsTopParent": true,
                "Enabled": true,
                "LocalTransform": [
                    0.3784618377685547,
                    0.0,
                    -0.9256242513656616,
                    2.5146560668945313,
                    0.0,
                    1.0,
                    0.0,
                    -0.9712271690368652,
                    0.9256242513656616,
                    -0.0,
                    0.3784618377685547,
                    -1.6200752258300781,
                    0.0,
                    0.0,
                    0.0,
                    1.0
                ],
                "Components": [
                    {
                        "UID": 487844329341677017,
                        "Type": 1,
                        "Enabled": true,
                        "Name": "Mesh",
                        "Mesh": 1196783920542591,
                        "Material": 1300000000000000
                    }
                ],
                "Children": []
            },
            {
                "UID": 3197395874559487831,
                "ParentUID": 13262973769904416746,
                "Name": "PR_Sword02",
                "Mobility": 1,
                "IsTopParent": false,
                "Enabled": true,
                "LocalTransform": [
                    0.9970565438270569,
                    -0.07666942477226257,
                    -1.1826309531670631e-7,
                    0.7215468883514404,
                    -1.1906429620012204e-7,
                    -5.878699305128521e-9,
                    -1.000000238418579,
                    0.47469186782836914,
                    0.07666981220245361,
                    0.9970564246177673,
                    -1.4989986141245026e-8,
                    -0.8679962158203125,
                    0.0,
                    0.0,
                    0.0,
                    1.0
                ],
                "Components": [
                    {
                        "UID": 4230049118253772842,
                        "Type": 1,
                        "Enabled": true,
                        "Name": "Mesh",
                        "Mesh": 1128725619046005,
                        "Material": 1300000000000000
                    }
                ],
                "Children": []
            },
            {
                "UID": 4786933808079128507,
                "ParentUID": 11423673396478631249,
                "Name": "PR_Chest01",
                "Mobility": 1,
                "IsTopParent": true,
                "Enabled": true,
                "LocalTransform": [
                    -0.7119944095611572,
                    0.0,
                    0.7023258209228516,
                    1.3346824645996094,
                    0.0,
                    1.0,
                    0.0,
                    -0.0940394401550293,
                    -0.702349066734314,
                    0.0,
                    -0.7119825482368469,
                    -2.2191600799560547,
                    0.0,
                    0.0,
                    0.0,
                    1.0
                ],
                "Components": [
                    {
                        "UID": 14966757851465500515,
                        "Type": 1,
                        "Enabled": true,
                        "Name": "Mesh",
                        "Mesh": 1154435390669979,
                        "Material": 1300000000000000
                    }
                ],
                "Children": []
            },
            {
                "UID": 14384171398724881296,
                "ParentUID": 17701021299620322317,
                "Name": "PR_Tributes_Plate",
                "Mobility": 1,
                "IsTopParent": true,
                "Enabled": true,
                "LocalTransform": [
                    1.0,
                    0.0,
                    0.0,
                    -1.826333999633789,
                    0.0,
                    1.0,
                    0.0,
                    -0.970543384552002,
                    0.0,
                    -0.0,
                    1.0,
                    3.100677490234375,
                    0.0,
                    0.0,
                    0.0,
                    1.0
                ],
                "Components": [
                    {
                        "UID": 13089431738058274575,
                        "Type": 1,
                        "Enabled": true,
                        "Name": "Mesh",
                        "Mesh": 1141296907708177,
                        "Material": 1300000000000000
                    }
                ],
                "Children": []
            },
            {
                "UID": 13262973769904416746,
                "ParentUID": 1376075736873409155,
                "Name": "EN_HouseWorkspace",
                "Mobility": 1,
                "IsTopParent": false,
                "Enabled": true,
                "LocalTransform": [
                    0.12574513256549835,
                    0.0,
                    -0.9920628070831299,
                    -8.727499008178711,
                    0.0,
                    1.0,
                    0.0,
                    0.5677881240844727,
                    0.9920628070831299,
                    0.0,
                    0.12574513256549835,
                    -7.3936767578125,
                    0.0,
                    0.0,
                    0.0,
                    1.0
                ],
                "Components": [
                    {
                        "UID": 14784095961569353113,
                        "Type": 1,
                        "Enabled": true,
                        "Name": "Mesh",
                        "Mesh": 1139404732676295,
                        "Material": 1300000000000000
                    }
                ],
                "Children": [
                    13667272299560495829,
                    3197395874559487831,
                    3942647891127290101,
                    12137479965981055256
                ]
            },
            {
                "UID": 9993220722666519984,
                "ParentUID": 11423673396478631249,
                "Name": "PR_Axe",
                "Mobility": 1,
                "IsTopParent": false,
                "Enabled": true,
                "LocalTransform": [
                    -0.9977542757987976,
                    -0.03336858004331589,
                    -0.0580831915140152,
                    0.5225543975830078,
                    -0.058561261743307114,
                    0.013524236157536507,
                    0.998192548751831,
                    0.5031838417053223,
                    -0.03252321481704712,
                    0.9993521571159363,
                    -0.015448121353983879,
                    -0.401031494140625,
                    0.0,
                    0.0,
                    0.0,
                    1.0
                ],
                "Components": [
                    {
                        "UID": 11733101269460920367,
                        "Type": 1,
                        "Enabled": true,
                        "Name": "Mesh",
                        "Mesh": 1194654224035522,
                        "Material": 1300000000000000
                    }
                ],
                "Children": []
            },
            {
                "UID": 12347024702404615932,
                "ParentUID": 13175172894324180644,
                "Name": "PR_Barrel",
                "Mobility": 1,
                "IsTopParent": true,
                "Enabled": true,
                "LocalTransform": [
                    -0.04829970374703407,
                    5.363484092413273e-7,
                    0.998832643032074,
                    -1.4625740051269531,
                    -5.642600626742933e-7,
                    1.0,
                    -5.642600626742933e-7,
                    0.7454791069030762,
                    -0.998832643032074,
                    -5.908538582843903e-7,
                    -0.048299673944711685,
                    -5.127729415893555,
                    0.0,
                    0.0,
                    0.0,
                    1.0
                ],
                "Components": [
                    {
                        "UID": 5412811269379052839,
                        "Type": 1,
                        "Enabled": true,
                        "Name": "Mesh",
                        "Mesh": 1177157971470292,
                        "Material": 1300000000000000
                    }
                ],
                "Children": []
            },
            {
                "UID": 6509512730671880014,
                "ParentUID": 2655792303308503219,
                "Name": "PR_FlagPole01",
                "Mobility": 1,
                "IsTopParent": false,
                "Enabled": true,
                "LocalTransform": [
                    0.9367623329162598,
                    0.0,
                    -0.34996265172958374,
                    5.716815948486328,
                    0.0,
                    1.0,
                    0.0,
                    -5.6907639503479,
                    0.34996265172958374,
                    0.0,
                    0.9367623329162598,
                    0.017192840576171875,
                    0.0,
                    0.0,
                    0.0,
                    1.0
                ],
                "Components": [
                    {
                        "UID": 6800540601071383528,
                        "Type": 1,
                        "Enabled": true,
                        "Name": "Mesh",
                        "Mesh": 1199484717700922,
                        "Material": 1300000000000000
                    }
                ],
                "Children": []
            },
            {
                "UID": 1376075736873409155,
                "ParentUID": 10309131146409751111,
                "Name": "Houses",
                "Mobility": 1,
                "IsTopParent": false,
                "Enabled": true,
                "LocalTransform": [
                    1.0,
                    0.0,
                    0.0,
                    -30.731666564941406,
                    0.0,
                    1.0,
                    0.0,
                    4.2367072105407715,
                    0.0,
                    0.0,
                    1.0,
                    11.050832748413086,
                    0.0,
                    0.0,
                    0.0,
                    1.0
                ],
                "Components": [],
                "Children": [
                    11423673396478631249,
                    13262973769904416746,
                    10437475370876651004,
                    10228709144254800777,
                    16420669888073424158,
                    9316979250436048927,
                    3134450579491140581,
                    13044946494483919128,
                    6601553567911912981,
                    14862818172798654932
                ]
            },
            {
                "UID": 6601553567911912981,
                "ParentUID": 1376075736873409155,
                "Name": "PR_Fish_Basket",
                "Mobility": 1,
                "IsTopParent": true,
                "Enabled": true,
                "LocalTransform": [
                    -0.028153445571660995,
                    0.0,
                    -0.9996037483215332,
                    0.22817420959472656,
                    0.0,
                    1.0,
                    0.0,
                    0.49633026123046875,
                    0.9996037483215332,
                    0.0,
                    -0.028153445571660995,
                    -4.312229633331299,
                    0.0,
                    0.0,
                    0.0,
                    1.0
                ],
                "Components": [
                    {
                        "UID": 2330240178824679416,
                        "Type": 1,
                        "Enabled": true,
                        "Name": "Mesh",
                        "Mesh": 1198185563481330,
                        "Material": 1300000000000000
                    }
                ],
                "Children": []
            },
            {
                "UID": 13667272299560495829,
                "ParentUID": 13262973769904416746,
                "Name": "PR_Shield",
                "Mobility": 1,
                "IsTopParent": false,
                "Enabled": true,
                "LocalTransform": [
                    0.9848078489303589,
                    0.17140910029411316,
                    0.02778862789273262,
                    1.3831264972686768,
                    0.010898269712924957,
                    -0.2207247018814087,
                    0.9752749800682068,
                    -0.037545204162597656,
                    0.17330481112003326,
                    -0.9601550102233887,
                    -0.2192395180463791,
                    -0.4485931396484375,
                    0.0,
                    0.0,
                    0.0,
                    1.0
                ],
                "Components": [
                    {
                        "UID": 15800378848146759340,
                        "Type": 1,
                        "Enabled": true,
                        "Name": "Mesh",
                        "Mesh": 1195385827079911,
                        "Material": 1300000000000000
                    }
                ],
                "Children": []
            },
            {
                "UID": 11423673396478631249,
                "ParentUID": 1376075736873409155,
                "Name": "EN_HouseWorkspace",
                "Mobility": 1,
                "IsTopParent": false,
                "Enabled": true,
                "LocalTransform": [
                    -0.9944587349891663,
                    0.0,
                    -0.1051294133067131,
                    7.906276702880859,
                    0.0,
                    1.0,
                    0.0,
                    0.5897817611694336,
                    0.1051294133067131,
                    0.0,
                    -0.9944587349891663,
                    1.7493619918823242,
                    0.0,
                    0.0,
                    0.0,
                    1.0
                ],
                "Components": [
                    {
                        "UID": 12110757212659755860,
                        "Type": 1,
                        "Enabled": true,
                        "Name": "Mesh",
                        "Mesh": 1139404732676295,
                        "Material": 1300000000000000
                    }
                ],
                "Children": [
                    10098142152282058076,
                    5581343862226393767,
                    9993220722666519984,
                    13529717059179994678,
                    4786933808079128507
                ]
            },
            {
                "UID": 3942647891127290101,
                "ParentUID": 13262973769904416746,
                "Name": "PR_Sword01",
                "Mobility": 1,
                "IsTopParent": false,
                "Enabled": true,
                "LocalTransform": [
                    0.9970565438270569,
                    -0.07666942477226257,
                    -1.1826309531670631e-7,
                    0.48522114753723145,
                    -1.1906429620012204e-7,
                    -5.878699305128521e-9,
                    -1.000000238418579,
                    0.4744300842285156,
                    0.07666981220245361,
                    0.9970564246177673,
                    -1.4989986141245026e-8,
                    -1.0367164611816406,
                    0.0,
                    0.0,
                    0.0,
                    1.0
                ],
                "Components": [
                    {
                        "UID": 690367376200043480,
                        "Type": 1,
                        "Enabled": true,
                        "Name": "Mesh",
                        "Mesh": 1105935979004730,
                        "Material": 1300000000000000
                    }
                ],
                "Children": []
            },
            {
                "UID": 15873074890647915358,
                "ParentUID": 17701021299620322317,
                "Name": "PR_Tributes_Flask02",
                "Mobility": 1,
                "IsTopParent": true,
                "Enabled": true,
                "LocalTransform": [
                    -0.47301509976387024,
                    0.0,
                    -0.8810607194900513,
