{
    "Scene": {
        "UID": 10640495392161785862,
        "Name": "SCENE_Boss",
        "RootGameObject": 6788591387451538717,
        "NavmeshUID": 2034445260204470,
        "Camera Position": [
            -6.69999361038208,
            16.848724365234375,
            -74.91960906982422
        ],
        "Camera Front": [
            0.10701124370098114,
            -0.8360801339149475,
            0.538069486618042
        ],
        "Camera Up": [
            0.1630265861749649,
            0.5492354035377502,
            0.8196114897727966
        ],
        "WorldObjectsMask": 13,
        "TriggerMask": 8,
        "EnemyMask": 25,
        "PlayerMask": 39,
        "PlayerProjectileMask": 4,
        "EnemyProjectileMask": 8,
        "tags": [
            "UPDATE"
        ],
        "tagsGO": [
            []
        ],
        "GameObjects": [
            {
                "UID": 1998588500611945950,
                "ParentUID": 7515704466665481396,
                "Name": "jnt_Neck_01",
                "Mobility": 0,
                "SelectParent": true,
                "Enabled": true,
                "WasEnabled": true,
                "NavmeshValid": false,
                "PrefabChildUID": 8102122556201095965,
                "LocalTransform": [
                    0.9898002743721008,
                    -0.1387113481760025,
                    0.029145637527108192,
                    3.343448042869568e-7,
                    0.14151987433433533,
                    0.9785590767860413,
                    -0.14912889897823334,
                    0.15483999252319336,
                    -0.00783537793904543,
                    0.1517506092786789,
                    0.9882944226264954,
                    -0.016326962038874626,
                    0.0,
                    0.0,
                    0.0,
                    1.0
                ],
                "Components": [],
                "Children": [
                    9118794826530430116
                ]
            },
            {
                "UID": 6788591387451538717,
                "ParentUID": 0,
                "Name": "SceneModule GameObject",
                "Mobility": 1,
                "SelectParent": false,
                "Enabled": true,
                "WasEnabled": true,
                "NavmeshValid": false,
                "LocalTransform": [
                    1.0,
                    0.0,
                    0.0,
                    0.0,
                    0.0,
                    1.0,
                    0.0,
                    0.0,
                    0.0,
                    0.0,
                    1.0,
                    0.0,
                    0.0,
                    0.0,
                    0.0,
                    1.0
                ],
                "Components": [],
                "Children": [
                    14547429557385646294,
                    17463453328532126461,
                    4107746112324375919,
                    9712974223873665911,
                    16865153113853310621,
                    6465919604920796203,
                    2042608913815889452,
                    1375528746741742295,
                    11519171059821921403,
                    13548649045035459145
                ]
            },
            {
                "UID": 9997571217101306224,
                "ParentUID": 9566582026639771570,
                "Name": "jnt_cloth_Center_02",
                "Mobility": 0,
                "SelectParent": true,
                "Enabled": true,
                "WasEnabled": true,
                "NavmeshValid": false,
                "PrefabChildUID": 15230929345650110226,
                "LocalTransform": [
                    0.9983950257301331,
                    -0.048362452536821365,
                    -0.02723035030066967,
                    0.0015454355161637068,
                    0.051319900900125504,
                    0.9912065267562866,
                    0.120994433760643,
                    -0.18501076102256775,
                    0.0211429912596941,
                    -0.12220554053783417,
                    0.9921596050262451,
                    -0.0210860762745142,
                    0.0,
                    0.0,
                    0.0,
                    1.0
                ],
                "Components": [],
                "Children": [
                    12519763862999654429
                ]
            },
            {
                "UID": 4484903865600995505,
                "ParentUID": 521141401182687043,
                "Name": "grp_chin",
                "Mobility": 0,
                "SelectParent": true,
                "Enabled": true,
                "WasEnabled": true,
                "NavmeshValid": false,
                "PrefabChildUID": 9333777964469979734,
                "LocalTransform": [
                    1.0,
                    0.0,
                    0.0,
                    8.6360091700044e-7,
                    0.0,
                    0.8789133429527283,
                    -0.47698086500167847,
                    -0.0732450857758522,
                    -0.0,
                    0.47698086500167847,
                    0.8789133429527283,
                    0.06351778656244278,
                    0.0,
                    0.0,
                    0.0,
                    1.0
                ],
                "Components": [],
                "Children": [
                    196720237230121951
                ]
            },
            {
                "UID": 9103670068775092069,
                "ParentUID": 11861499100283650957,
                "Name": "ctrl_pinky_L_01",
                "Mobility": 0,
                "SelectParent": true,
                "Enabled": true,
                "WasEnabled": true,
                "NavmeshValid": false,
                "PrefabChildUID": 1283135261200532504,
                "LocalTransform": [
                    -0.4640607237815857,
                    0.8858516812324524,
                    0.0,
                    0.0,
                    -0.8858516812324524,
                    -0.4640607237815857,
                    -0.0,
                    0.0,
                    -0.0,
                    0.0,
                    1.0,
                    0.0,
                    0.0,
                    0.0,
                    0.0,
                    1.0
                ],
                "Components": [],
                "Children": [
                    11297894168059259966
                ]
            },
            {
                "UID": 17304482694769907566,
                "ParentUID": 14547429557385646294,
                "Name": "Floor",
                "Mobility": 0,
                "SelectParent": false,
                "Enabled": true,
                "WasEnabled": true,
                "NavmeshValid": true,
                "LocalTransform": [
                    -0.34018003940582275,
                    0.24918511509895325,
                    0.0,
                    62.389129638671875,
                    3.13592209977287e-8,
                    3.84137699427356e-8,
                    0.9999999403953552,
                    0.25208064913749695,
                    0.2630596458911896,
                    0.3222375512123108,
                    -1.1920928955078125e-7,
                    -51.132999420166016,
                    0.0,
                    0.0,
                    0.0,
                    1.0
                ],
                "Components": [
                    {
                        "UID": 17343747295200105213,
                        "Type": 1,
                        "Enabled": true,
                        "WasEnabled": true,
                        "Name": "Mesh",
                        "Mesh": 1169044534756073,
                        "Material": 1339660925152265,
                        "RenderMode": 0,
                        "ProduceShadows": true
                    }
                ],
                "Children": []
            },
            {
                "UID": 12152942524095017677,
                "ParentUID": 17388289353522798737,
                "Name": "spikes_m Mesh 1",
                "Mobility": 0,
                "SelectParent": true,
                "Enabled": true,
                "WasEnabled": true,
                "NavmeshValid": false,
                "PrefabChildUID": 14097593263883237844,
                "LocalTransform": [
                    1.0,
                    0.0,
                    0.0,
                    0.0,
                    0.0,
                    1.0,
                    0.0,
                    0.0,
                    0.0,
                    0.0,
                    1.0,
                    0.0,
                    0.0,
                    0.0,
                    0.0,
                    1.0
                ],
                "Components": [
                    {
                        "UID": 960288374309720816,
                        "Type": 1,
                        "Enabled": true,
                        "WasEnabled": true,
                        "Name": "Mesh",
                        "Mesh": 1158415119367247,
                        "Material": 0,
                        "RenderMode": 0,
                        "Bones": [
                            7049938564144612489,
                            3723919893318685821,
                            4020076883920682784,
                            13473395823453963457,
                            18209189778018899487,
                            12689873451667117222,
                            4452753487011401540,
                            14258322607887532661,
                            5042330610560600397,
                            16829626441102653219,
                            7919696150294066543,
                            18187475089284587894,
                            18279989389919235978,
                            15041371769686872261,
                            7443279788891847975,
                            6773999953020397636,
                            10145712018355341167,
                            15103347172403454838
                        ],
                        "ModelUID": 1435328386062262,
                        "SkinIndex": 0,
                        "ProduceShadows": true
                    }
                ],
                "Children": []
            },
            {
                "UID": 5182229296099270926,
                "ParentUID": 8941993518804097794,
                "Name": "jnt_spine_03",
                "Mobility": 0,
                "SelectParent": true,
                "Enabled": true,
                "WasEnabled": true,
                "NavmeshValid": false,
                "PrefabChildUID": 5246024660579402762,
                "LocalTransform": [
                    0.9917160868644714,
                    -0.06947259604930878,
                    -0.10768316686153412,
                    -0.00011285783693892881,
                    0.06694858521223068,
                    0.9980949759483337,
                    -0.02643825300037861,
                    0.10963813215494156,
                    0.10918073356151581,
                    0.019014770165085793,
                    0.9943249821662903,
                    -0.028854845091700554,
                    0.0,
                    0.0,
                    0.0,
                    1.0
                ],
                "Components": [],
                "Children": [
                    11685663763540308466,
                    10509495636564183916,
                    17218178764111734283
                ]
            },
            {
                "UID": 2001999262444268312,
                "ParentUID": 11183816527201181535,
                "Name": "EN_Boss_Arena_Floor_05",
                "Mobility": 0,
                "SelectParent": false,
                "Enabled": true,
                "WasEnabled": true,
                "NavmeshValid": false,
                "LocalTransform": [
                    -0.08263079822063446,
                    0.0,
                    0.9965808987617493,
                    11.309196472167969,
                    7.815970093361102e-14,
                    1.0,
                    4.015419108327478e-10,
                    0.5951516032218933,
                    -0.9965808987617493,
                    -2.1242502114965367e-15,
                    -0.08263079822063446,
                    10.99197006225586,
                    0.0,
                    0.0,
                    0.0,
                    1.0
                ],
                "Components": [
                    {
                        "UID": 8456394471551782499,
                        "Type": 1,
                        "Enabled": true,
                        "WasEnabled": true,
                        "Name": "Mesh",
                        "Mesh": 1191001074840563,
                        "Material": 0,
                        "RenderMode": 0,
                        "ProduceShadows": true
                    }
                ],
                "Children": []
            },
            {
                "UID": 17334656892513207148,
                "ParentUID": 11183816527201181535,
                "Name": "EN_Boss_Arena_Floor_Curved_03",
                "Mobility": 0,
                "SelectParent": false,
                "Enabled": true,
                "WasEnabled": true,
                "NavmeshValid": false,
                "LocalTransform": [
                    0.647282063961029,
                    0.0,
                    0.7622511982917786,
                    13.891136169433594,
                    1.6655121726216748e-11,
                    1.0,
                    -3.865352482534945e-12,
                    0.8815604448318481,
                    -0.7622511982917786,
                    -1.5632433498710685e-15,
                    0.647282063961029,
                    18.495328903198242,
                    0.0,
                    0.0,
                    0.0,
                    1.0
                ],
                "Components": [
                    {
                        "UID": 16123022167467783276,
                        "Type": 1,
                        "Enabled": true,
                        "WasEnabled": true,
                        "Name": "Mesh",
                        "Mesh": 1158794635434040,
                        "Material": 0,
                        "RenderMode": 0,
                        "ProduceShadows": true
                    }
                ],
                "Children": []
            },
            {
                "UID": 676584929152575880,
                "ParentUID": 4906936551151589191,
                "Name": "jnt_leg_R_01",
                "Mobility": 0,
                "SelectParent": true,
                "Enabled": true,
                "WasEnabled": true,
                "NavmeshValid": false,
                "PrefabChildUID": 15681840107063138464,
                "LocalTransform": [
                    -0.9341319799423218,
                    0.2777743339538574,
                    0.23340831696987152,
                    -0.09316592663526535,
                    0.2643758952617645,
                    0.9603826999664307,
                    -0.09012759476900101,
                    -0.010725053958594799,
                    -0.24916531145572662,
                    -0.022378094494342804,
                    -0.9706879258155823,
                    -0.002185522112995386,
                    0.0,
                    0.0,
                    0.0,
                    1.0
                ],
                "Components": [],
                "Children": [
                    10500192148505759647
                ]
            },
            {
                "UID": 10081562257494007288,
                "ParentUID": 17288383122550567585,
                "Name": "Charged",
                "Mobility": 0,
                "SelectParent": false,
                "Enabled": false,
                "WasEnabled": false,
                "NavmeshValid": false,
                "PrefabChildUID": 11618118058724015877,
                "LocalTransform": [
                    1.0,
                    0.0,
                    0.0,
                    0.0,
                    0.0,
                    1.0,
                    0.0,
                    -0.4120931625366211,
                    0.0,
                    0.0,
                    1.0,
                    0.0,
                    0.0,
                    0.0,
                    0.0,
                    1.0
                ],
                "Components": [
                    {
                        "UID": 1424674977264720451,
                        "Type": 12,
                        "Enabled": true,
                        "WasEnabled": true,
                        "Name": "Sphere Collider",
                        "Mass": 1.0,
                        "ColliderType": 2,
                        "ColliderLayer": 4,
                        "Radius": 3.0,
                        "GenerateCallback": true,
                        "FitToSize": false,
                        "CenterOffset": [
                            0.0,
                            0.0,
                            0.0
                        ],
                        "CenterRotation": [
                            0.0,
                            0.0,
                            0.0
                        ]
                    }
                ],
                "Children": []
            },
            {
                "UID": 6863308755932093326,
                "ParentUID": 13110268370920250410,
                "Name": "jnt_braid_2",
                "Mobility": 0,
                "SelectParent": true,
                "Enabled": true,
                "WasEnabled": true,
                "NavmeshValid": false,
                "PrefabChildUID": 17609260747899558177,
                "LocalTransform": [
                    0.8877997994422913,
                    -0.13931739330291748,
                    -0.43854963779449463,
                    0.3896891474723816,
                    0.12031789869070053,
                    0.9900686740875244,
                    -0.0710064023733139,
                    -0.0012562472838908434,
                    0.44414472579956055,
                    0.01027362234890461,
                    0.895851194858551,
                    -0.010219487361609936,
                    0.0,
                    0.0,
                    0.0,
                    1.0
                ],
                "Components": [],
                "Children": [
                    385181754132158367
                ]
            },
            {
                "UID": 15563266640606113264,
                "ParentUID": 6521879383224864214,
                "Name": "Spot_light",
                "Mobility": 0,
                "SelectParent": false,
                "Enabled": false,
                "WasEnabled": false,
                "NavmeshValid": false,
                "LocalTransform": [
                    -1.6647547340653546e-7,
                    -1.5855903257033788e-9,
                    -0.4655001163482666,
                    -0.16652679443359375,
                    -3.818017950407704e-16,
                    0.46549946069717407,
                    -1.5855903257033788e-9,
                    -0.05042314529418945,
                    0.4654996395111084,
                    -3.742598136784181e-16,
                    -1.664759849973052e-7,
                    0.034725189208984375,
                    0.0,
                    0.0,
                    0.0,
                    1.0
                ],
                "Components": [
                    {
                        "UID": 13449585431585961584,
                        "Type": 3,
                        "Enabled": true,
                        "WasEnabled": true,
                        "Name": "Spot Light",
                        "Intensity": 34.42599868774414,
                        "ColorRed": 1.0,
                        "ColorGreen": 1.0,
                        "ColorBlue": 1.0,
                        "DrawGizmos": true,
                        "Range": 10.0,
                        "InnerAngle": 69.71299743652344,
                        "OuterAngle": 74.50800323486328
                    }
                ],
                "Children": []
            },
            {
                "UID": 132167017780813519,
                "ParentUID": 10767088534372244045,
                "Name": "jnt_arm_L_02",
                "Mobility": 0,
                "SelectParent": true,
                "Enabled": true,
                "WasEnabled": true,
                "NavmeshValid": false,
                "PrefabChildUID": 5983823473812894422,
                "LocalTransform": [
                    0.8982813358306885,
                    -0.2354113608598709,
                    0.3716726303100586,
                    0.16843463480472565,
                    -0.3771272897720337,
                    -0.8470019698143005,
                    0.3769800662994385,
                    -0.25218990445137024,
                    0.22555533051490784,
                    -0.4786488115787506,
                    -0.8498900532722473,
                    -0.03879528492689133,
                    0.0,
                    0.0,
                    0.0,
                    1.0
                ],
                "Components": [],
                "Children": [
                    1556045566349875418
                ]
            },
            {
                "UID": 2376799804969469156,
                "ParentUID": 874892341440312986,
                "Name": "jnt_Mid_L_02",
                "Mobility": 0,
                "SelectParent": true,
                "Enabled": true,
                "WasEnabled": true,
                "NavmeshValid": false,
                "PrefabChildUID": 18188406519580691212,
                "LocalTransform": [
                    0.9999999403953552,
                    1.874866768503125e-7,
                    8.847576893344922e-9,
                    0.019842129200696945,
                    -1.8748683316971437e-7,
                    0.9999991059303284,
                    7.15954087127102e-8,
                    -0.04034145548939705,
                    -8.847561794311787e-9,
                    -7.159534476386398e-8,
                    1.0,
                    0.005321720615029335,
                    0.0,
                    0.0,
                    0.0,
                    1.0
                ],
                "Components": [],
                "Children": []
            },
            {
                "UID": 2240446131232035658,
                "ParentUID": 7922005724791038839,
                "Name": "jnt_braid_5",
                "Mobility": 0,
                "SelectParent": true,
                "Enabled": true,
                "WasEnabled": true,
                "NavmeshValid": false,
                "PrefabChildUID": 10357557696251740588,
                "LocalTransform": [
                    0.8857358694076538,
                    0.3914642632007599,
                    0.24921146035194397,
                    0.40379247069358826,
                    -0.38919031620025635,
                    0.9190901517868042,
                    -0.06052576005458832,
                    0.006698892451822758,
                    -0.2527797520160675,
                    -0.04338560253381729,
                    0.9664207100868225,
                    0.003241357859224081,
                    0.0,
                    0.0,
                    0.0,
                    1.0
                ],
                "Components": [],
                "Children": [
                    12766732776533921285
                ]
            },
            {
                "UID": 9521961034128617419,
                "ParentUID": 12197604611519393684,
                "Name": "jnt_leg_R_02",
                "Mobility": 0,
                "SelectParent": true,
                "Enabled": true,
                "WasEnabled": true,
                "NavmeshValid": false,
                "PrefabChildUID": 16332591918186348559,
                "LocalTransform": [
                    0.9886678457260132,
                    0.0025250292383134365,
                    0.14912335574626923,
                    -0.061778485774993896,
                    -0.09112611413002014,
                    0.8016719222068787,
                    0.5907884240150452,
                    -0.4122907817363739,
                    -0.11803589761257172,
                    -0.5977574586868286,
                    0.7929555177688599,
                    -0.09659448266029358,
                    0.0,
                    0.0,
                    0.0,
                    1.0
                ],
                "Components": [],
                "Children": [
                    15276443937772272377,
                    15543830301450387377
                ]
            },
            {
                "UID": 14996295868340514814,
                "ParentUID": 11183816527201181535,
                "Name": "EN_Boss_Arena_Floor_02",
                "Mobility": 0,
                "SelectParent": false,
                "Enabled": true,
                "WasEnabled": true,
                "NavmeshValid": false,
                "LocalTransform": [
                    0.12062986940145493,
                    -9.92387640508241e-7,
                    0.9926990866661072,
                    8.565574645996094,
                    -9.923971902026096e-7,
                    1.0,
                    0.000001120308183999441,
                    0.44468265771865845,
                    -0.9926990866661072,
                    -0.0000011202986343050725,
                    0.12062986940145493,
                    17.807153701782227,
                    0.0,
                    0.0,
                    0.0,
                    1.0
                ],
                "Components": [
                    {
                        "UID": 14604630824700995094,
                        "Type": 1,
                        "Enabled": true,
                        "WasEnabled": true,
                        "Name": "Mesh",
                        "Mesh": 1175354610040876,
                        "Material": 0,
                        "RenderMode": 0,
                        "ProduceShadows": true
                    }
                ],
                "Children": []
            },
            {
                "UID": 6968970731518032504,
                "ParentUID": 2942253673276451488,
                "Name": "ctrl_wrist_R",
                "Mobility": 0,
                "SelectParent": true,
                "Enabled": true,
                "WasEnabled": true,
                "NavmeshValid": false,
                "PrefabChildUID": 1470065210887987785,
                "LocalTransform": [
                    0.9998325109481812,
                    -0.006230141036212444,
                    0.016953270882368088,
                    0.0,
                    0.00915690790861845,
                    0.9838973879814148,
                    -0.1784641146659851,
                    0.0,
                    -0.015568466857075691,
                    0.17858919501304626,
                    0.9837996959686279,
                    0.0,
                    0.0,
                    0.0,
                    0.0,
                    1.0
                ],
                "Components": [],
                "Children": [
                    16774201261748746523,
                    8992698718877257166,
                    14122241857976022632,
                    5826577679631623987,
                    6078734482358589221,
                    15756988340762235004
                ]
            },
            {
                "UID": 12190878983144064439,
                "ParentUID": 18336945170104487105,
                "Name": "jnt_Ling_L_02",
                "Mobility": 0,
                "SelectParent": true,
                "Enabled": true,
                "WasEnabled": true,
                "NavmeshValid": false,
                "PrefabChildUID": 14588693669302671468,
                "LocalTransform": [
                    0.9999999403953552,
                    6.50179572403431e-8,
                    -2.0721929061551236e-8,
                    0.0185390617698431,
                    -6.501795013491574e-8,
                    1.0,
                    -1.417938619852066e-7,
                    -0.03942341357469559,
                    2.072191662705336e-8,
                    1.417938619852066e-7,
                    1.0,
                    0.0012810593470931053,
                    0.0,
                    0.0,
                    0.0,
                    1.0
                ],
                "Components": [],
                "Children": []
            },
            {
                "UID": 7724681622550395113,
                "ParentUID": 11183816527201181535,
                "Name": "EN_Boss_Arena_Floor_Curved_04",
                "Mobility": 0,
                "SelectParent": false,
                "Enabled": true,
                "WasEnabled": true,
                "NavmeshValid": false,
                "LocalTransform": [
                    -0.8945936560630798,
                    0.1485019475221634,
                    0.42175447940826416,
                    22.043128967285156,
                    0.07810121774673462,
                    0.9806259274482727,
                    -0.17964902520179749,
                    0.06579707562923431,
                    -0.4402052164077759,
                    -0.12775661051273346,
                    -0.8887687921524048,
                    -1.933685302734375,
                    0.0,
                    0.0,
                    0.0,
                    1.0
                ],
                "Components": [
                    {
                        "UID": 11840317524416727397,
                        "Type": 1,
                        "Enabled": true,
                        "WasEnabled": true,
                        "Name": "Mesh",
                        "Mesh": 1117004343781961,
                        "Material": 0,
                        "RenderMode": 0,
                        "ProduceShadows": true
                    }
                ],
                "Children": []
            },
            {
                "UID": 3625852883055539756,
                "ParentUID": 11183816527201181535,
                "Name": "EN_Boss_Arena_Floor_Curved_05",
                "Mobility": 0,
                "SelectParent": false,
                "Enabled": true,
                "WasEnabled": true,
                "NavmeshValid": false,
                "LocalTransform": [
                    0.744555652141571,
                    -0.0000012882394457847113,
                    0.6675626635551453,
                    -16.009361267089844,
                    2.1355822354962584e-7,
                    1.0,
                    0.0000016915662399696885,
                    -0.20766714215278625,
                    -0.6675626635551453,
                    -0.0000011172295444339397,
                    0.744555652141571,
                    19.124893188476563,
                    0.0,
                    0.0,
                    0.0,
                    1.0
                ],
                "Components": [
                    {
                        "UID": 1179917436503425224,
                        "Type": 1,
                        "Enabled": true,
                        "WasEnabled": true,
                        "Name": "Mesh",
                        "Mesh": 1190628279540864,
                        "Material": 0,
                        "RenderMode": 0,
                        "ProduceShadows": true
                    }
                ],
                "Children": []
            },
            {
                "UID": 11210419028078809145,
                "ParentUID": 13243640881007943341,
                "Name": "jnt_clavicle_L",
                "Mobility": 0,
                "SelectParent": true,
                "Enabled": true,
                "WasEnabled": true,
                "NavmeshValid": false,
                "PrefabChildUID": 12231510363107379062,
                "LocalTransform": [
                    0.9999572038650513,
                    -7.223500908537517e-9,
                    0.00034990152926184237,
                    0.15170004963874817,
                    -0.0000010332908004784258,
                    0.999965488910675,
                    0.002973665716126561,
                    0.07728519290685654,
                    -0.00034989655250683427,
                    -0.002973673865199089,
                    0.9999626874923706,
                    0.04355207458138466,
                    0.0,
                    0.0,
                    0.0,
                    1.0
                ],
                "Components": [],
                "Children": [
                    1807248973961874177,
                    7864224983979819908
                ]
            },
            {
                "UID": 6546081409444138519,
                "ParentUID": 11183816527201181535,
                "Name": "EN_Boss_Arena_Floor_Curved_01",
                "Mobility": 0,
                "SelectParent": false,
                "Enabled": true,
                "WasEnabled": true,
                "NavmeshValid": false,
                "LocalTransform": [
                    -0.6472697854042053,
                    -0.08155321329832077,
                    0.7578998804092407,
                    20.713943481445313,
                    -0.0529613122344017,
                    0.996668815612793,
                    0.062015350908041,
                    0.4613800048828125,
                    -0.7604297995567322,
                    -6.326550305857381e-7,
                    -0.6494213342666626,
                    -3.336099624633789,
                    0.0,
                    0.0,
                    0.0,
                    1.0
                ],
                "Components": [
                    {
                        "UID": 4422463757070071574,
                        "Type": 1,
                        "Enabled": true,
                        "WasEnabled": true,
                        "Name": "Mesh",
                        "Mesh": 1194200003146359,
                        "Material": 0,
                        "RenderMode": 0,
                        "ProduceShadows": true
                    }
                ],
                "Children": []
            },
            {
                "UID": 16902906380987773499,
                "ParentUID": 3908839602517025288,
                "Name": "jnt_Ling_L_01",
                "Mobility": 0,
                "SelectParent": true,
                "Enabled": true,
                "WasEnabled": true,
                "NavmeshValid": false,
                "PrefabChildUID": 3188330245645596643,
                "LocalTransform": [
                    1.0000118017196655,
                    -1.9324974687151553e-7,
                    4.144396470451284e-8,
                    0.06272190809249878,
                    1.9325220534938126e-7,
                    0.999998927116394,
                    3.435405346863263e-7,
                    -0.12809446454048157,
                    -4.144451892784673e-8,
                    -3.435401652041037e-7,
                    1.0,
                    0.003197416663169861,
                    0.0,
                    0.0,
                    0.0,
                    1.0
                ],
                "Components": [],
                "Children": [
                    6618819397275895580
                ]
            },
            {
                "UID": 8624723256307337942,
                "ParentUID": 11183816527201181535,
                "Name": "EN_Boss_Arena_Floor_Curved_02",
                "Mobility": 0,
                "SelectParent": false,
                "Enabled": true,
                "WasEnabled": true,
                "NavmeshValid": false,
                "LocalTransform": [
                    0.9079130291938782,
                    1.384341885568574e-8,
                    0.4190932512283325,
                    -8.662612915039063,
                    -0.03484274446964264,
                    0.9965378642082214,
                    0.07548554241657257,
                    0.9872698187828064,
                    -0.4176405966281891,
                    -0.08313905447721481,
                    0.9048011302947998,
                    22.596221923828125,
                    0.0,
                    0.0,
                    0.0,
                    1.0
                ],
                "Components": [
                    {
                        "UID": 9727202796405841543,
                        "Type": 1,
                        "Enabled": true,
                        "WasEnabled": true,
                        "Name": "Mesh",
                        "Mesh": 1188405533194368,
                        "Material": 0,
                        "RenderMode": 0,
                        "ProduceShadows": true
                    }
                ],
                "Children": []
            },
            {
                "UID": 2342996717648910829,
                "ParentUID": 14547429557385646294,
                "Name": "EN_WaterfallRock_09",
                "Mobility": 0,
                "SelectParent": false,
                "Enabled": true,
                "WasEnabled": true,
                "NavmeshValid": false,
                "LocalTransform": [
                    1.0,
                    0.0,
                    0.0,
                    72.36051940917969,
                    0.0,
                    1.0,
                    4.189086143940868e-17,
                    2.896604299545288,
                    0.0,
                    -4.189086143940868e-17,
                    1.0,
                    -88.03438568115234,
                    0.0,
                    0.0,
                    0.0,
                    1.0
                ],
                "Components": [
                    {
                        "UID": 4848203841177660228,
                        "Type": 1,
                        "Enabled": true,
                        "WasEnabled": true,
                        "Name": "Mesh",
                        "Mesh": 1167476682570038,
                        "Material": 0,
                        "RenderMode": 0,
                        "ProduceShadows": true
                    }
                ],
                "Children": []
            },
            {
                "UID": 2370641288973762917,
                "ParentUID": 456622993007660517,
                "Name": "EN_Boss_Arena_Wall_02",
                "Mobility": 0,
                "SelectParent": false,
                "Enabled": true,
                "WasEnabled": true,
                "NavmeshValid": false,
                "LocalTransform": [
                    0.9497708082199097,
                    0.015631914138793945,
                    -0.31297987699508667,
                    -18.603885650634766,
                    -0.02452913671731949,
                    0.9994018077850342,
                    -0.024520650506019592,
                    -0.653532087802887,
                    0.312411904335022,
                    0.03096303530037403,
                    0.9494336247444153,
                    14.705557823181152,
                    0.0,
                    0.0,
                    0.0,
                    1.0
