{
    "Scene": {
        "UID": 10640495392161785862,
        "Name": "SCENE_Boss",
        "RootGameObject": 6788591387451538717,
        "NavmeshUID": 2034445260204470,
        "Camera Position": [
            -8.436009407043457,
            14.940747261047363,
            -73.18017578125
        ],
        "Camera Front": [
            0.02217188850045204,
            -0.8861915469169617,
            0.46278825402259827
        ],
        "Camera Up": [
            0.04241754487156868,
            0.46398672461509705,
            0.8848260641098022
        ],
        "WorldObjectsMask": 13,
        "TriggerMask": 8,
        "EnemyMask": 25,
        "PlayerMask": 39,
        "PlayerProjectileMask": 4,
        "EnemyProjectileMask": 8,
        "tags": [
            "UPDATE"
        ],
        "tagsGO": [
            []
        ],
        "GameObjects": [
            {
                "UID": 6788591387451538717,
                "ParentUID": 0,
                "Name": "SceneModule GameObject",
                "Mobility": 1,
                "SelectParent": false,
                "Enabled": true,
                "WasEnabled": true,
                "NavmeshValid": false,
                "LocalTransform": [
                    1.0,
                    0.0,
                    0.0,
                    0.0,
                    0.0,
                    1.0,
                    0.0,
                    0.0,
                    0.0,
                    0.0,
                    1.0,
                    0.0,
                    0.0,
                    0.0,
                    0.0,
                    1.0
                ],
                "Components": [],
                "Children": [
                    14547429557385646294,
                    17463453328532126461,
                    4107746112324375919,
                    9712974223873665911,
                    16865153113853310621,
                    6465919604920796203,
                    2042608913815889452,
                    1375528746741742295,
                    11519171059821921403,
                    13548649045035459145
                ]
            },
            {
                "UID": 4484903865600995505,
                "ParentUID": 521141401182687043,
                "Name": "grp_chin",
                "Mobility": 0,
                "SelectParent": true,
                "Enabled": true,
                "WasEnabled": true,
                "NavmeshValid": false,
                "PrefabChildUID": 9333777964469979734,
                "LocalTransform": [
                    1.0,
                    0.0,
                    0.0,
                    8.6360091700044e-7,
                    0.0,
                    0.8789133429527283,
                    -0.47698086500167847,
                    -0.0732450857758522,
                    -0.0,
                    0.47698086500167847,
                    0.8789133429527283,
                    0.06351778656244278,
                    0.0,
                    0.0,
                    0.0,
                    1.0
                ],
                "Components": [],
                "Children": [
                    196720237230121951
                ]
            },
            {
                "UID": 17304482694769907566,
                "ParentUID": 14547429557385646294,
                "Name": "Floor",
                "Mobility": 0,
                "SelectParent": false,
                "Enabled": true,
                "WasEnabled": true,
                "NavmeshValid": true,
                "LocalTransform": [
                    -0.34018003940582275,
                    0.24918511509895325,
                    0.0,
                    62.389129638671875,
                    3.13592209977287e-8,
                    3.84137699427356e-8,
                    0.9999999403953552,
                    0.25208064913749695,
                    0.2630596458911896,
                    0.3222375512123108,
                    -1.1920928955078125e-7,
                    -51.132999420166016,
                    0.0,
                    0.0,
                    0.0,
                    1.0
                ],
                "Components": [
                    {
                        "UID": 17343747295200105213,
                        "Type": 1,
                        "Enabled": true,
                        "WasEnabled": true,
                        "Name": "Mesh",
                        "Mesh": 1169044534756073,
                        "Material": 1339660925152265,
                        "RenderMode": 0,
                        "ProduceShadows": true
                    }
                ],
                "Children": []
            },
            {
                "UID": 12152942524095017677,
                "ParentUID": 17388289353522798737,
                "Name": "spikes_m Mesh 1",
                "Mobility": 0,
                "SelectParent": true,
                "Enabled": true,
                "WasEnabled": true,
                "NavmeshValid": false,
                "PrefabChildUID": 14097593263883237844,
                "LocalTransform": [
                    1.0,
                    0.0,
                    0.0,
                    0.0,
                    0.0,
                    1.0,
                    0.0,
                    0.0,
                    0.0,
                    0.0,
                    1.0,
                    0.0,
                    0.0,
                    0.0,
                    0.0,
                    1.0
                ],
                "Components": [
                    {
                        "UID": 960288374309720816,
                        "Type": 1,
                        "Enabled": true,
                        "WasEnabled": true,
                        "Name": "Mesh",
                        "Mesh": 1158415119367247,
                        "Material": 0,
                        "RenderMode": 0,
                        "Bones": [
                            7049938564144612489,
                            3723919893318685821,
                            4020076883920682784,
                            13473395823453963457,
                            18209189778018899487,
                            12689873451667117222,
                            4452753487011401540,
                            14258322607887532661,
                            5042330610560600397,
                            16829626441102653219,
                            7919696150294066543,
                            18187475089284587894,
                            18279989389919235978,
                            15041371769686872261,
                            7443279788891847975,
                            6773999953020397636,
                            10145712018355341167,
                            15103347172403454838
                        ],
                        "ModelUID": 1435328386062262,
                        "SkinIndex": 0,
                        "ProduceShadows": true
                    }
                ],
                "Children": []
            },
            {
                "UID": 9103670068775092069,
                "ParentUID": 11861499100283650957,
                "Name": "ctrl_pinky_L_01",
                "Mobility": 0,
                "SelectParent": true,
                "Enabled": true,
                "WasEnabled": true,
                "NavmeshValid": false,
                "PrefabChildUID": 1283135261200532504,
                "LocalTransform": [
                    -0.4640607237815857,
                    0.8858516812324524,
                    0.0,
                    0.0,
                    -0.8858516812324524,
                    -0.4640607237815857,
                    -0.0,
                    0.0,
                    -0.0,
                    0.0,
                    1.0,
                    0.0,
                    0.0,
                    0.0,
                    0.0,
                    1.0
                ],
                "Components": [],
                "Children": [
                    11297894168059259966
                ]
            },
            {
                "UID": 12812787448073350843,
                "ParentUID": 2492036294033438758,
                "Name": "jnt_knee_L",
                "Mobility": 0,
                "SelectParent": true,
                "Enabled": true,
                "WasEnabled": true,
                "NavmeshValid": false,
                "PrefabChildUID": 143299598851272589,
                "LocalTransform": [
                    -0.5924463272094727,
                    -0.25339892506599426,
                    -0.7656347751617432,
                    -0.050957050174474716,
                    -0.40814852714538574,
                    0.9130188226699829,
                    0.01298257615417242,
                    -0.05713248997926712,
                    0.6961128115653992,
                    0.31966379284858704,
                    -0.6440029144287109,
                    -0.0786864161491394,
                    0.0,
                    0.0,
                    0.0,
                    1.0
                ],
                "Components": [],
                "Children": []
            },
            {
                "UID": 2001999262444268312,
                "ParentUID": 11183816527201181535,
                "Name": "EN_Boss_Arena_Floor_05",
                "Mobility": 0,
                "SelectParent": false,
                "Enabled": true,
                "WasEnabled": true,
                "NavmeshValid": false,
                "LocalTransform": [
                    -0.08263079822063446,
                    0.0,
                    0.9965808987617493,
                    11.309196472167969,
                    7.815970093361102e-14,
                    1.0,
                    4.015419108327478e-10,
                    0.5951516032218933,
                    -0.9965808987617493,
                    -2.1242502114965367e-15,
                    -0.08263079822063446,
                    10.99197006225586,
                    0.0,
                    0.0,
                    0.0,
                    1.0
                ],
                "Components": [
                    {
                        "UID": 8456394471551782499,
                        "Type": 1,
                        "Enabled": true,
                        "WasEnabled": true,
                        "Name": "Mesh",
                        "Mesh": 1191001074840563,
                        "Material": 0,
                        "RenderMode": 0,
                        "ProduceShadows": true
                    }
                ],
                "Children": []
            },
            {
                "UID": 4128692328758252092,
                "ParentUID": 347105581827238512,
                "Name": "jnt_arm_L_02",
                "Mobility": 0,
                "SelectParent": true,
                "Enabled": true,
                "WasEnabled": true,
                "NavmeshValid": false,
                "PrefabChildUID": 5983823473812894422,
                "LocalTransform": [
                    0.8982813358306885,
                    -0.2354113608598709,
                    0.3716726303100586,
                    0.16843463480472565,
                    -0.3771272897720337,
                    -0.8470019698143005,
                    0.3769800662994385,
                    -0.25218990445137024,
                    0.22555533051490784,
                    -0.4786488115787506,
                    -0.8498900532722473,
                    -0.03879528492689133,
                    0.0,
                    0.0,
                    0.0,
                    1.0
                ],
                "Components": [],
                "Children": [
                    17935132586341479247
                ]
            },
            {
                "UID": 10081562257494007288,
                "ParentUID": 17288383122550567585,
                "Name": "Charged",
                "Mobility": 0,
                "SelectParent": false,
                "Enabled": false,
                "WasEnabled": false,
                "NavmeshValid": false,
                "PrefabChildUID": 11618118058724015877,
                "LocalTransform": [
                    1.0,
                    0.0,
                    0.0,
                    0.0,
                    0.0,
                    1.0,
                    0.0,
                    -0.4120931625366211,
                    0.0,
                    0.0,
                    1.0,
                    0.0,
                    0.0,
                    0.0,
                    0.0,
                    1.0
                ],
                "Components": [
                    {
                        "UID": 1424674977264720451,
                        "Type": 12,
                        "Enabled": true,
                        "WasEnabled": true,
                        "Name": "Sphere Collider",
                        "Mass": 1.0,
                        "ColliderType": 2,
                        "ColliderLayer": 4,
                        "Radius": 3.0,
                        "GenerateCallback": true,
                        "FitToSize": false,
                        "CenterOffset": [
                            0.0,
                            0.0,
                            0.0
                        ],
                        "CenterRotation": [
                            0.0,
                            0.0,
                            0.0
                        ]
                    }
                ],
                "Children": []
            },
            {
                "UID": 17334656892513207148,
                "ParentUID": 11183816527201181535,
                "Name": "EN_Boss_Arena_Floor_Curved_03",
                "Mobility": 0,
                "SelectParent": false,
                "Enabled": true,
                "WasEnabled": true,
                "NavmeshValid": false,
                "LocalTransform": [
                    0.647282063961029,
                    0.0,
                    0.7622511982917786,
                    13.891136169433594,
                    1.6655121726216748e-11,
                    1.0,
                    -3.865352482534945e-12,
                    0.8815604448318481,
                    -0.7622511982917786,
                    -1.5632433498710685e-15,
                    0.647282063961029,
                    18.495328903198242,
                    0.0,
                    0.0,
                    0.0,
                    1.0
                ],
                "Components": [
                    {
                        "UID": 16123022167467783276,
                        "Type": 1,
                        "Enabled": true,
                        "WasEnabled": true,
                        "Name": "Mesh",
                        "Mesh": 1158794635434040,
                        "Material": 0,
                        "RenderMode": 0,
                        "ProduceShadows": true
                    }
                ],
                "Children": []
            },
            {
                "UID": 2240446131232035658,
                "ParentUID": 7922005724791038839,
                "Name": "jnt_braid_5",
                "Mobility": 0,
                "SelectParent": true,
                "Enabled": true,
                "WasEnabled": true,
                "NavmeshValid": false,
                "PrefabChildUID": 10357557696251740588,
                "LocalTransform": [
                    0.8857358694076538,
                    0.3914642632007599,
                    0.24921146035194397,
                    0.40379247069358826,
                    -0.38919031620025635,
                    0.9190901517868042,
                    -0.06052576005458832,
                    0.006698892451822758,
                    -0.2527797520160675,
                    -0.04338560253381729,
                    0.9664207100868225,
                    0.003241357859224081,
                    0.0,
                    0.0,
                    0.0,
                    1.0
                ],
                "Components": [],
                "Children": [
                    12766732776533921285
                ]
            },
            {
                "UID": 2492036294033438758,
                "ParentUID": 14278783618295793019,
                "Name": "jnt_leg_L_02",
                "Mobility": 0,
                "SelectParent": true,
                "Enabled": true,
                "WasEnabled": true,
                "NavmeshValid": false,
                "PrefabChildUID": 6392261882178460816,
                "LocalTransform": [
                    0.8315462470054626,
                    -0.4237353205680847,
                    -0.3602428138256073,
                    0.04601842164993286,
                    0.5279220342636108,
                    0.8054671287536621,
                    0.27062731981277466,
                    -0.41405194997787476,
                    0.17551663517951965,
                    -0.41516491770744324,
                    0.8927271366119385,
                    -0.09372764825820923,
                    0.0,
                    0.0,
                    0.0,
                    1.0
                ],
                "Components": [],
                "Children": [
                    12812787448073350843,
                    18064621966436578914
                ]
            },
            {
                "UID": 9366551776258289326,
                "ParentUID": 12761655368575908516,
                "Name": "transform1",
                "Mobility": 0,
                "SelectParent": true,
                "Enabled": true,
                "WasEnabled": true,
                "NavmeshValid": false,
                "PrefabChildUID": 5482483919427569967,
                "LocalTransform": [
                    1.0,
                    0.0,
                    0.0,
                    0.0,
                    0.0,
                    1.0,
                    0.0,
                    0.0,
                    0.0,
                    0.0,
                    1.0,
                    0.0,
                    0.0,
                    0.0,
                    0.0,
                    1.0
                ],
                "Components": [],
                "Children": []
            },
            {
                "UID": 15563266640606113264,
                "ParentUID": 6521879383224864214,
                "Name": "Spot_light",
                "Mobility": 0,
                "SelectParent": false,
                "Enabled": false,
                "WasEnabled": false,
                "NavmeshValid": false,
                "LocalTransform": [
                    -1.6647547340653546e-7,
                    -1.5855903257033788e-9,
                    -0.4655001163482666,
                    -0.16652679443359375,
                    -3.818017950407704e-16,
                    0.46549946069717407,
                    -1.5855903257033788e-9,
                    -0.05042314529418945,
                    0.4654996395111084,
                    -3.742598136784181e-16,
                    -1.664759849973052e-7,
                    0.034725189208984375,
                    0.0,
                    0.0,
                    0.0,
                    1.0
                ],
                "Components": [
                    {
                        "UID": 13449585431585961584,
                        "Type": 3,
                        "Enabled": true,
                        "WasEnabled": true,
                        "Name": "Spot Light",
                        "Intensity": 34.42599868774414,
                        "ColorRed": 1.0,
                        "ColorGreen": 1.0,
                        "ColorBlue": 1.0,
                        "DrawGizmos": true,
                        "Range": 10.0,
                        "InnerAngle": 69.71299743652344,
                        "OuterAngle": 74.50800323486328
                    }
                ],
                "Children": []
            },
            {
                "UID": 14154315222258657870,
                "ParentUID": 15091273651825088593,
                "Name": "transform1",
                "Mobility": 0,
                "SelectParent": true,
                "Enabled": true,
                "WasEnabled": true,
                "NavmeshValid": false,
                "PrefabChildUID": 5482483919427569967,
                "LocalTransform": [
                    1.0,
                    0.0,
                    0.0,
                    0.0,
                    0.0,
                    1.0,
                    0.0,
                    0.0,
                    0.0,
                    0.0,
                    1.0,
                    0.0,
                    0.0,
                    0.0,
                    0.0,
                    1.0
                ],
                "Components": [],
                "Children": []
            },
            {
                "UID": 14996295868340514814,
                "ParentUID": 11183816527201181535,
                "Name": "EN_Boss_Arena_Floor_02",
                "Mobility": 0,
                "SelectParent": false,
                "Enabled": true,
                "WasEnabled": true,
                "NavmeshValid": false,
                "LocalTransform": [
                    0.12062986940145493,
                    -9.92387640508241e-7,
                    0.9926990866661072,
                    8.565574645996094,
                    -9.923971902026096e-7,
                    1.0,
                    0.000001120308183999441,
                    0.44468265771865845,
                    -0.9926990866661072,
                    -0.0000011202986343050725,
                    0.12062986940145493,
                    17.807153701782227,
                    0.0,
                    0.0,
                    0.0,
                    1.0
                ],
                "Components": [
                    {
                        "UID": 14604630824700995094,
                        "Type": 1,
                        "Enabled": true,
                        "WasEnabled": true,
                        "Name": "Mesh",
                        "Mesh": 1175354610040876,
                        "Material": 0,
                        "RenderMode": 0,
                        "ProduceShadows": true
                    }
                ],
                "Children": []
            },
            {
                "UID": 6968970731518032504,
                "ParentUID": 2942253673276451488,
                "Name": "ctrl_wrist_R",
                "Mobility": 0,
                "SelectParent": true,
                "Enabled": true,
                "WasEnabled": true,
                "NavmeshValid": false,
                "PrefabChildUID": 1470065210887987785,
                "LocalTransform": [
                    0.9998325109481812,
                    -0.006230141036212444,
                    0.016953270882368088,
                    0.0,
                    0.00915690790861845,
                    0.9838973879814148,
                    -0.1784641146659851,
                    0.0,
                    -0.015568466857075691,
                    0.17858919501304626,
                    0.9837996959686279,
                    0.0,
                    0.0,
                    0.0,
                    0.0,
                    1.0
                ],
                "Components": [],
                "Children": [
                    16774201261748746523,
                    8992698718877257166,
                    14122241857976022632,
                    5826577679631623987,
                    6078734482358589221,
                    15756988340762235004
                ]
            },
            {
                "UID": 17797537264676399031,
                "ParentUID": 1744735433184710677,
                "Name": "jnt_Mid_L_02",
                "Mobility": 0,
                "SelectParent": true,
                "Enabled": true,
                "WasEnabled": true,
                "NavmeshValid": false,
                "PrefabChildUID": 18188406519580691212,
                "LocalTransform": [
                    0.9999999403953552,
                    1.874866768503125e-7,
                    8.847576893344922e-9,
                    0.019842129200696945,
                    -1.8748683316971437e-7,
                    0.9999991059303284,
                    7.15954087127102e-8,
                    -0.04034145548939705,
                    -8.847561794311787e-9,
                    -7.159534476386398e-8,
                    1.0,
                    0.005321720615029335,
                    0.0,
                    0.0,
                    0.0,
                    1.0
                ],
                "Components": [],
                "Children": []
            },
            {
                "UID": 3625852883055539756,
                "ParentUID": 11183816527201181535,
                "Name": "EN_Boss_Arena_Floor_Curved_05",
                "Mobility": 0,
                "SelectParent": false,
                "Enabled": true,
                "WasEnabled": true,
                "NavmeshValid": false,
                "LocalTransform": [
                    0.744555652141571,
                    -0.0000012882394457847113,
                    0.6675626635551453,
                    -16.009361267089844,
                    2.1355822354962584e-7,
                    1.0,
                    0.0000016915662399696885,
                    -0.20766714215278625,
                    -0.6675626635551453,
                    -0.0000011172295444339397,
                    0.744555652141571,
                    19.124893188476563,
                    0.0,
                    0.0,
                    0.0,
                    1.0
                ],
                "Components": [
                    {
                        "UID": 1179917436503425224,
                        "Type": 1,
                        "Enabled": true,
                        "WasEnabled": true,
                        "Name": "Mesh",
                        "Mesh": 1190628279540864,
                        "Material": 0,
                        "RenderMode": 0,
                        "ProduceShadows": true
                    }
                ],
                "Children": []
            },
            {
                "UID": 7724681622550395113,
                "ParentUID": 11183816527201181535,
                "Name": "EN_Boss_Arena_Floor_Curved_04",
                "Mobility": 0,
                "SelectParent": false,
                "Enabled": true,
                "WasEnabled": true,
                "NavmeshValid": false,
                "LocalTransform": [
                    -0.8945936560630798,
                    0.1485019475221634,
                    0.42175447940826416,
                    22.043128967285156,
                    0.07810121774673462,
                    0.9806259274482727,
                    -0.17964902520179749,
                    0.06579707562923431,
                    -0.4402052164077759,
                    -0.12775661051273346,
                    -0.8887687921524048,
                    -1.933685302734375,
                    0.0,
                    0.0,
                    0.0,
                    1.0
                ],
                "Components": [
                    {
                        "UID": 11840317524416727397,
                        "Type": 1,
                        "Enabled": true,
                        "WasEnabled": true,
                        "Name": "Mesh",
                        "Mesh": 1117004343781961,
                        "Material": 0,
                        "RenderMode": 0,
                        "ProduceShadows": true
                    }
                ],
                "Children": []
            },
            {
                "UID": 4173971917935430968,
                "ParentUID": 5189064894599892659,
                "Name": "jnt_Ling_L_02",
                "Mobility": 0,
                "SelectParent": true,
                "Enabled": true,
                "WasEnabled": true,
                "NavmeshValid": false,
                "PrefabChildUID": 14588693669302671468,
                "LocalTransform": [
                    0.9999999403953552,
                    6.50179572403431e-8,
                    -2.0721929061551236e-8,
                    0.0185390617698431,
                    -6.501795013491574e-8,
                    1.0,
                    -1.417938619852066e-7,
                    -0.03942341357469559,
                    2.072191662705336e-8,
                    1.417938619852066e-7,
                    1.0,
                    0.0012810593470931053,
                    0.0,
                    0.0,
                    0.0,
                    1.0
                ],
                "Components": [],
                "Children": []
            },
            {
                "UID": 4475205504733463385,
                "ParentUID": 10716789331253807553,
                "Name": "CH_Ferdiad_anim",
                "Mobility": 0,
                "SelectParent": false,
                "Enabled": true,
                "WasEnabled": false,
                "NavmeshValid": false,
                "PrefabChildUID": 12065377695153666062,
                "LocalTransform": [
                    -0.005148368887603283,
                    -0.00013390224194154143,
                    0.03293367102742195,
                    -0.44456028938293457,
                    0.02571140043437481,
                    0.9996369481086731,
                    0.008083918131887913,
                    0.4960148334503174,
                    -0.49383965134620667,
                    0.013325460255146027,
                    -0.07714775204658508,
                    0.031502723693847656,
                    0.0,
                    0.0,
                    0.0,
                    1.0
                ],
                "Components": [
                    {
                        "UID": 5183690643755365648,
                        "Type": 7,
                        "Enabled": true,
                        "WasEnabled": true,
                        "Name": "Script",
                        "Scripts": [
                            {
                                "Script Name": "MirageBossDash",
                                "Enabled": true,
                                "WasEnabled": true,
                                "Max Health": 60,
                                "Current Health": 60,
                                "Invulnerable": false,
                                "Dead": false,
                                "Damage": 1,
                                "Attack Range": 1.0,
                                "Attack Duration": 0.5,
                                "Attack Cooldown": 1.0,
                                "Attack Hitbox Delay": 0.0,
                                "Attack Hitbox Duration": 0.0,
                                "Heal Cooldown": 1.0,
                                "AI Chase Range": 15.0,
                                "AI Attack Range": 3.0,
                                "AI Max Detection Range": 20.0,
                                "Player search duration": 5.0
                            }
                        ]
                    },
                    {
                        "UID": 0,
                        "Type": 13,
                        "Enabled": true,
                        "WasEnabled": true,
                        "Name": "Capsule Collider",
                        "Mass": 1.0,
                        "ColliderType": 2,
                        "ColliderLayer": 2,
                        "Radius": 0.6749849319458008,
                        "Length": 1.2151466608047485,
                        "GenerateCallback": true,
                        "FitToSize": false,
                        "CenterOffset": [
                            0.06212615966796875,
                            0.7151466608047485,
                            -0.4206199645996094
                        ],
                        "CenterRotation": [
                            0.0,
                            0.0,
                            0.0
                        ]
                    },
                    {
                        "UID": 15094040493132601238,
                        "Type": 14,
                        "Enabled": true,
                        "WasEnabled": true,
                        "Name": "Animation",
                        "Animations": 1526733547884199,
                        "StateMachine": 1770590789838306
                    },
                    {
                        "UID": 8158583599673812454,
                        "Type": 18,
                        "Enabled": true,
                        "WasEnabled": true,
                        "Name": "Audio Source",
                        "DefaultEvent": 0,
                        "Volume": 1.0,
                        "Pitch": 0.5,
                        "Spatialization": 0.0,
                        "PlayOnStart": false
                    }
                ],
                "Children": [
                    16181016994394199692,
                    1317170929065252919
                ]
            },
            {
                "UID": 6546081409444138519,
                "ParentUID": 11183816527201181535,
                "Name": "EN_Boss_Arena_Floor_Curved_01",
                "Mobility": 0,
                "SelectParent": false,
                "Enabled": true,
                "WasEnabled": true,
                "NavmeshValid": false,
                "LocalTransform": [
                    -0.6472697854042053,
                    -0.08155321329832077,
                    0.7578998804092407,
                    20.713943481445313,
                    -0.0529613122344017,
                    0.996668815612793,
                    0.062015350908041,
                    0.4613800048828125,
                    -0.7604297995567322,
                    -6.326550305857381e-7,
                    -0.6494213342666626,
                    -3.336099624633789,
                    0.0,
                    0.0,
                    0.0,
                    1.0
                ],
                "Components": [
                    {
                        "UID": 4422463757070071574,
                        "Type": 1,
                        "Enabled": true,
                        "WasEnabled": true,
                        "Name": "Mesh",
                        "Mesh": 1194200003146359,
                        "Material": 0,
                        "RenderMode": 0,
                        "ProduceShadows": true
                    }
                ],
                "Children": []
            },
            {
                "UID": 4259144669015532394,
                "ParentUID": 16823393165694369678,
                "Name": "jnt_Thumb_L_02",
                "Mobility": 0,
                "SelectParent": true,
                "Enabled": true,
                "WasEnabled": true,
                "NavmeshValid": false,
                "PrefabChildUID": 6752197860284755473,
                "LocalTransform": [
                    0.9999985098838806,
                    -5.649157230891433e-8,
                    2.8870912771594703e-8,
                    -0.0016842838376760483,
                    5.649062373436209e-8,
                    1.000015139579773,
                    1.4482144194971625e-7,
                    -0.035970158874988556,
                    -2.8870852375462164e-8,
                    -1.4482350252364995e-7,
                    1.0000008344650269,
                    0.03614088520407677,
                    0.0,
                    0.0,
                    0.0,
                    1.0
                ],
                "Components": [],
                "Children": []
            },
            {
                "UID": 8624723256307337942,
                "ParentUID": 11183816527201181535,
                "Name": "EN_Boss_Arena_Floor_Curved_02",
                "Mobility": 0,
                "SelectParent": false,
                "Enabled": true,
                "WasEnabled": true,
                "NavmeshValid": false,
                "LocalTransform": [
                    0.9079130291938782,
                    1.384341885568574e-8,
                    0.4190932512283325,
                    -8.662612915039063,
                    -0.03484274446964264,
                    0.9965378642082214,
                    0.07548554241657257,
                    0.9872698187828064,
                    -0.4176405966281891,
                    -0.08313905447721481,
                    0.9048011302947998,
                    22.596221923828125,
                    0.0,
                    0.0,
                    0.0,
                    1.0
                ],
                "Components": [
                    {
                        "UID": 9727202796405841543,
                        "Type": 1,
                        "Enabled": true,
                        "WasEnabled": true,
                        "Name": "Mesh",
                        "Mesh": 1188405533194368,
                        "Material": 0,
                        "RenderMode": 0,
                        "ProduceShadows": true
                    }
                ],
                "Children": []
            },
            {
                "UID": 2369734112751060278,
                "ParentUID": 14547429557385646294,
                "Name": "EN_Boss_Arena_Wall_Entrance_02",
                "Mobility": 0,
                "SelectParent": false,
                "Enabled": true,
                "WasEnabled": true,
                "NavmeshValid": false,
                "LocalTransform": [
                    -0.8445766568183899,
                    -1.7858877754406421e-7,
                    0.5354357361793518,
                    61.87346649169922,
                    1.7509881899968605e-7,
                    1.0,
                    6.101698772909003e-7,
                    -0.00011300948972348124,
                    -0.5354357361793518,
                    6.090901933930581e-7,
                    -0.8445766568183899,
                    -68.54426574707031,
                    0.0,
                    0.0,
                    0.0,
                    1.0
                ],
                "Components": [
                    {
                        "UID": 15087700825364777069,
                        "Type": 1,
                        "Enabled": true,
                        "WasEnabled": true,
                        "Name": "Mesh",
                        "Mesh": 1105824223600512,
                        "Material": 0,
                        "RenderMode": 0,
                        "ProduceShadows": true
                    }
                ],
                "Children": []
            },
            {
                "UID": 14295118653029136016,
                "ParentUID": 5556044312338329217,
                "Name": "jnt_pelvis",
                "Mobility": 0,
                "SelectParent": true,
                "Enabled": true,
                "WasEnabled": true,
                "NavmeshValid": false,
                "PrefabChildUID": 14739841958487641649,
                "LocalTransform": [
                    0.9847126603126526,
                    0.1459697186946869,
                    -0.09472380578517914,
                    0.05791569501161575,
                    -0.14651617407798767,
                    0.989095151424408,
