{
    "Scene": {
        "UID": 6195444980847415242,
        "Name": "SCENE_Tutorial",
        "RootGameObject": 8823869308913623498,
        "WorldObjectsMask": 13,
        "TriggerMask": 8,
        "EnemyMask": 9,
        "PlayerMask": 7,
        "GameObjects": [
            {
                "UID": 8823869308913623498,
                "ParentUID": 0,
                "Name": "SceneModule GameObject",
                "Mobility": 1,
                "IsTopParent": false,
                "Enabled": true,
                "LocalTransform": [
                    1.0,
                    0.0,
                    0.0,
                    0.0,
                    0.0,
                    1.0,
                    0.0,
                    0.0,
                    0.0,
                    0.0,
                    1.0,
                    0.0,
                    0.0,
                    0.0,
                    0.0,
                    1.0
                ],
                "Components": [],
                "Children": [
                    2036933284525794227,
                    2894536057933153977
                ]
            },
            {
                "UID": 2036933284525794227,
                "ParentUID": 8823869308913623498,
                "Name": "BlockoutTutorial",
                "Mobility": 1,
                "IsTopParent": false,
                "Enabled": true,
                "LocalTransform": [
                    0.9722908735275269,
                    0.0,
                    0.23377493023872375,
                    55.0,
                    0.0,
                    1.0,
                    0.0,
                    0.0,
                    -0.23377493023872375,
                    0.0,
                    0.9722908735275269,
                    0.0,
                    0.0,
                    0.0,
                    0.0,
                    1.0
                ],
                "Components": [
                    {
                        "UID": 14505504301845774234,
                        "Type": 1,
                        "Enabled": true,
                        "Name": "Mesh",
                        "Mesh": 1156350485093839,
                        "Material": 1300000000000000
                    }
                ],
                "Children": []
            },
            {
                "UID": 13731521069612840392,
                "ParentUID": 2894536057933153977,
                "Name": "EN_TreeOfLife",
                "Mobility": 1,
                "IsTopParent": false,
                "Enabled": true,
                "LocalTransform": [
                    -0.16313809156417847,
                    -9.681145911599742e-7,
                    1.9933357238769531,
                    1.361886978149414,
                    -0.0000017817192201619036,
                    2.0,
                    8.255328793893568e-7,
                    0.07413721084594727,
                    -1.9933357238769531,
                    -0.0000017084439605241641,
                    -0.16313815116882324,
                    -2.7326126098632813,
                    0.0,
                    0.0,
                    0.0,
                    1.0
                ],
                "Components": [
                    {
                        "UID": 17036185448252300178,
                        "Type": 1,
                        "Enabled": true,
                        "Name": "Mesh",
                        "Mesh": 1199517256288500,
                        "Material": 1300000000000000
                    }
                ],
                "Children": []
            },
            {
                "UID": 6879853706299717782,
                "ParentUID": 2894536057933153977,
                "Name": "EN_Temple_Arch_Entrance",
                "Mobility": 1,
                "IsTopParent": false,
                "Enabled": true,
                "LocalTransform": [
                    0.9658022522926331,
                    0.0,
                    -0.2592799663543701,
                    -5.455052375793457,
                    0.0,
                    1.0,
                    0.0,
                    -2.604548454284668,
                    0.2592799663543701,
                    0.0,
                    0.9658023118972778,
                    13.702095985412598,
                    0.0,
                    0.0,
                    0.0,
                    1.0
                ],
                "Components": [
                    {
                        "UID": 1944131779067473649,
                        "Type": 1,
                        "Enabled": true,
                        "Name": "Mesh",
                        "Mesh": 1115862127310531,
                        "Material": 1300000000000000
                    }
                ],
                "Children": []
            },
            {
                "UID": 14371556123664850013,
                "ParentUID": 2894536057933153977,
                "Name": "EN_Temple_Start_Side_Ramp",
                "Mobility": 1,
                "IsTopParent": false,
                "Enabled": true,
                "LocalTransform": [
                    0.8191484808921814,
                    0.0,
                    -0.5735825896263123,
                    7.058530807495117,
                    0.0,
                    1.0,
                    0.0,
                    -3.4929027557373047,
                    0.5735825896263123,
                    0.0,
                    0.8191485404968262,
                    5.630199432373047,
                    0.0,
                    0.0,
                    0.0,
                    1.0
                ],
                "Components": [
                    {
                        "UID": 15792883652236511221,
                        "Type": 1,
                        "Enabled": true,
                        "Name": "Mesh",
                        "Mesh": 1188479442978804,
                        "Material": 1300000000000000
                    }
                ],
                "Children": []
            },
            {
                "UID": 13223545391126500056,
                "ParentUID": 2894536057933153977,
                "Name": "EN_Temple_Floor_Start",
                "Mobility": 1,
                "IsTopParent": false,
                "Enabled": true,
                "LocalTransform": [
                    1.0,
                    0.0,
                    -2.9802322387695313e-8,
                    0.0,
                    0.0,
                    1.0,
                    0.0,
                    0.0,
                    2.9802322387695313e-8,
                    0.0,
                    1.0000001192092896,
                    0.0,
                    0.0,
                    0.0,
                    0.0,
                    1.0
                ],
                "Components": [
                    {
                        "UID": 1526421996634511395,
                        "Type": 1,
                        "Enabled": true,
                        "Name": "Mesh",
                        "Mesh": 1119018079912532,
                        "Material": 1300000000000000
                    }
                ],
                "Children": []
            },
            {
                "UID": 2259764283856846836,
                "ParentUID": 2894536057933153977,
                "Name": "EN_Temple_Arch_Small_Steps",
                "Mobility": 1,
                "IsTopParent": false,
                "Enabled": true,
                "LocalTransform": [
                    -0.25927984714508057,
                    7.763960915146972e-14,
                    -0.9658025503158569,
                    9.293291091918945,
                    -6.776267617002237e-21,
                    1.0000001192092896,
                    8.038877994265975e-14,
                    -2.4811320304870605,
                    0.9658026099205017,
                    2.0843178596377694e-14,
                    -0.25927984714508057,
                    32.640113830566406,
                    0.0,
                    0.0,
                    0.0,
                    1.0
                ],
                "Components": [
                    {
                        "UID": 10269966933877484126,
                        "Type": 1,
                        "Enabled": true,
                        "Name": "Mesh",
                        "Mesh": 1165663271744053,
                        "Material": 1300000000000000
                    }
                ],
                "Children": []
            },
            {
                "UID": 2052882723729700473,
                "ParentUID": 2894536057933153977,
                "Name": "EN_Temple_Arch_Small",
                "Mobility": 1,
                "IsTopParent": false,
                "Enabled": true,
                "LocalTransform": [
                    0.8415609002113342,
                    0.0,
                    0.5401623249053955,
                    -11.482206344604492,
                    0.0,
                    1.0,
                    0.0,
                    -2.604548454284668,
                    -0.5401623249053955,
                    0.0,
                    0.841560959815979,
                    13.350981712341309,
                    0.0,
                    0.0,
                    0.0,
                    1.0
                ],
                "Components": [
                    {
                        "UID": 1007391021972066108,
                        "Type": 1,
                        "Enabled": true,
                        "Name": "Mesh",
                        "Mesh": 1100859818904344,
                        "Material": 1300000000000000
                    }
                ],
                "Children": []
            },
            {
                "UID": 8070195910379615067,
                "ParentUID": 2894536057933153977,
                "Name": "EN_Temple_Arch_Small",
                "Mobility": 1,
                "IsTopParent": false,
                "Enabled": true,
                "LocalTransform": [
                    -0.16188403964042664,
                    0.0,
                    -0.9868097901344299,
                    -0.9379367828369141,
                    0.0,
                    1.0,
                    0.0,
                    -2.6045455932617188,
                    0.9868098497390747,
                    0.0,
                    -0.16188402473926544,
                    17.29228401184082,
                    0.0,
                    0.0,
                    0.0,
                    1.0
                ],
                "Components": [
                    {
                        "UID": 50941568839882254,
                        "Type": 1,
                        "Enabled": true,
                        "Name": "Mesh",
                        "Mesh": 1100859818904344,
                        "Material": 1300000000000000
                    }
                ],
                "Children": []
            },
            {
                "UID": 2894536057933153977,
                "ParentUID": 8823869308913623498,
                "Name": "Prefab_Temple-START",
                "Mobility": 1,
                "IsTopParent": false,
                "Enabled": true,
                "PrefabUID": 1609905670442352,
                "LocalTransform": [
                    0.9658024311065674,
                    0.0,
                    0.2592799663543701,
                    15.779624938964844,
                    0.0,
                    1.0,
                    0.0,
                    6.548933982849121,
                    -0.2592799663543701,
                    0.0,
                    0.9658024311065674,
                    -20.283449172973633,
                    0.0,
                    0.0,
                    0.0,
                    1.0
                ],
                "Components": [],
                "Children": [
                    8070195910379615067,
                    2052882723729700473,
                    2259764283856846836,
                    6879853706299717782,
                    13223545391126500056,
                    14371556123664850013,
                    13731521069612840392
                ]
            }
        ],
        "Lights Config": {
            "Ambient Color": [
                1.0,
                1.0,
                1.0
            ],
            "Ambient Intensity": 0.20000000298023224,
            "Skybox UID": 1281272330578818
        }
    }
}