{
    "Scene": {
        "UID": 10640495392161785862,
        "Name": "SCENE_Boss",
        "RootGameObject": 6788591387451538717,
        "NavmeshUID": 2034445260204470,
        "Camera Position": [
            -18.35736656188965,
            13.266377449035645,
            -52.932289123535156
        ],
        "Camera Front": [
            -0.13481448590755463,
            -0.862179160118103,
            -0.4883362352848053
        ],
        "Camera Up": [
            -0.22936606407165527,
            0.5072177648544312,
            -0.8307353854179382
        ],
        "WorldObjectsMask": 13,
        "TriggerMask": 8,
        "EnemyMask": 25,
        "PlayerMask": 39,
        "PlayerProjectileMask": 4,
        "EnemyProjectileMask": 8,
        "tags": [
            "UPDATE"
        ],
        "tagsGO": [
            [
                16776525456551453907
            ]
        ],
        "GameObjects": [
            {
                "UID": 16009572057273708909,
                "ParentUID": 3729060403959152773,
                "Name": "ctrl_spear_spine_4",
                "Mobility": 0,
                "SelectParent": true,
                "Enabled": true,
                "WasEnabled": true,
                "NavmeshValid": false,
                "PrefabChildUID": 9940062399372409101,
                "LocalTransform": [
                    1.0,
                    0.0,
                    0.0,
                    0.0,
                    0.0,
                    1.0,
                    0.0,
                    0.0,
                    0.0,
                    0.0,
                    1.0,
                    -0.021704411134123802,
                    0.0,
                    0.0,
                    0.0,
                    1.0
                ],
                "Components": [],
                "Children": [
                    5070908179870030507,
                    5534091227579869918,
                    15709057386640163565,
                    10597092867264037380
                ]
            },
            {
                "UID": 6788591387451538717,
                "ParentUID": 0,
                "Name": "SceneModule GameObject",
                "Mobility": 1,
                "SelectParent": false,
                "Enabled": true,
                "WasEnabled": true,
                "NavmeshValid": false,
                "LocalTransform": [
                    1.0,
                    0.0,
                    0.0,
                    0.0,
                    0.0,
                    1.0,
                    0.0,
                    0.0,
                    0.0,
                    0.0,
                    1.0,
                    0.0,
                    0.0,
                    0.0,
                    0.0,
                    1.0
                ],
                "Components": [],
                "Children": [
                    14547429557385646294,
                    17463453328532126461,
                    4107746112324375919,
                    9712974223873665911,
                    16865153113853310621,
                    16776525456551453907,
                    6465919604920796203,
                    6232312207635844038
                ]
            },
            {
                "UID": 2001999262444268312,
                "ParentUID": 11183816527201181535,
                "Name": "EN_Boss_Arena_Floor_05",
                "Mobility": 1,
                "SelectParent": false,
                "Enabled": true,
                "WasEnabled": true,
                "NavmeshValid": false,
                "LocalTransform": [
                    -0.08263079822063446,
                    0.0,
                    0.9965808987617493,
                    11.309196472167969,
                    7.815970093361102e-14,
                    1.0,
                    4.015419108327478e-10,
                    0.5951516032218933,
                    -0.9965808987617493,
                    -2.1242502114965367e-15,
                    -0.08263079822063446,
                    10.99197006225586,
                    0.0,
                    0.0,
                    0.0,
                    1.0
                ],
                "Components": [
                    {
                        "UID": 8456394471551782499,
                        "Type": 1,
                        "Enabled": true,
                        "WasEnabled": true,
                        "Name": "Mesh",
                        "Mesh": 1191001074840563,
                        "Material": 0,
                        "RenderMode": 0,
                        "ProduceShadows": true
                    }
                ],
                "Children": []
            },
            {
                "UID": 17304482694769907566,
                "ParentUID": 14547429557385646294,
                "Name": "Floor",
                "Mobility": 1,
                "SelectParent": false,
                "Enabled": true,
                "WasEnabled": true,
                "NavmeshValid": true,
                "LocalTransform": [
                    -0.34018003940582275,
                    0.24918511509895325,
                    0.0,
                    62.389129638671875,
                    3.13592209977287e-8,
                    3.84137699427356e-8,
                    0.9999999403953552,
                    0.25208064913749695,
                    0.2630596458911896,
                    0.3222375512123108,
                    -1.1920928955078125e-7,
                    -51.132999420166016,
                    0.0,
                    0.0,
                    0.0,
                    1.0
                ],
                "Components": [
                    {
                        "UID": 17343747295200105213,
                        "Type": 1,
                        "Enabled": true,
                        "WasEnabled": true,
                        "Name": "Mesh",
                        "Mesh": 1169044534756073,
                        "Material": 1339660925152265,
                        "RenderMode": 0,
                        "ProduceShadows": true
                    }
                ],
                "Children": []
            },
            {
                "UID": 13105724814575975399,
                "ParentUID": 6243020653810679736,
                "Name": "ctl_arm_R_01",
                "Mobility": 0,
                "SelectParent": true,
                "Enabled": true,
                "WasEnabled": true,
                "NavmeshValid": false,
                "PrefabChildUID": 17291088531944986759,
                "LocalTransform": [
                    0.5216290950775146,
                    -0.6953229904174805,
                    0.49439582228660583,
                    0.0,
                    0.1906808465719223,
                    0.6598347425460815,
                    0.7268129587173462,
                    0.0,
                    -0.8315897583961487,
                    -0.2848553955554962,
                    0.4767742156982422,
                    0.0,
                    0.0,
                    0.0,
                    0.0,
                    1.0
                ],
                "Components": [],
                "Children": [
                    9224263572700440760
                ]
            },
            {
                "UID": 17334656892513207148,
                "ParentUID": 11183816527201181535,
                "Name": "EN_Boss_Arena_Floor_Curved_03",
                "Mobility": 1,
                "SelectParent": false,
                "Enabled": true,
                "WasEnabled": true,
                "NavmeshValid": false,
                "LocalTransform": [
                    0.647282063961029,
                    0.0,
                    0.7622511982917786,
                    13.891136169433594,
                    1.6655121726216748e-11,
                    1.0,
                    -3.865352482534945e-12,
                    0.8815604448318481,
                    -0.7622511982917786,
                    -1.5632433498710685e-15,
                    0.647282063961029,
                    18.495328903198242,
                    0.0,
                    0.0,
                    0.0,
                    1.0
                ],
                "Components": [
                    {
                        "UID": 16123022167467783276,
                        "Type": 1,
                        "Enabled": true,
                        "WasEnabled": true,
                        "Name": "Mesh",
                        "Mesh": 1158794635434040,
                        "Material": 0,
                        "RenderMode": 0,
                        "ProduceShadows": true
                    }
                ],
                "Children": []
            },
            {
                "UID": 12639205038585151955,
                "ParentUID": 15029501528910820329,
                "Name": "jnt_Eye_L",
                "Mobility": 0,
                "SelectParent": true,
                "Enabled": true,
                "WasEnabled": true,
                "NavmeshValid": false,
                "PrefabChildUID": 14497266670148951169,
                "LocalTransform": [
                    0.964877188205719,
                    -0.010247852653265,
                    0.2624801695346832,
                    0.03371229022741318,
                    -0.011007709428668022,
                    0.9966952204704285,
                    0.0793849527835846,
                    0.014804092235863209,
                    -0.2624480724334717,
                    -0.07947955280542374,
                    0.9616655111312866,
                    0.053939878940582275,
                    0.0,
                    0.0,
                    0.0,
                    1.0
                ],
                "Components": [],
                "Children": []
            },
            {
                "UID": 15563266640606113264,
                "ParentUID": 6521879383224864214,
                "Name": "Spot_light",
                "Mobility": 1,
                "SelectParent": false,
                "Enabled": true,
                "WasEnabled": true,
                "NavmeshValid": false,
                "LocalTransform": [
                    -1.6647547340653546e-7,
                    -1.5855903257033788e-9,
                    -0.4655001163482666,
                    -0.16652679443359375,
                    -3.818017950407704e-16,
                    0.46549946069717407,
                    -1.5855903257033788e-9,
                    -0.05042314529418945,
                    0.4654996395111084,
                    -3.742598136784181e-16,
                    -1.664759849973052e-7,
                    0.034725189208984375,
                    0.0,
                    0.0,
                    0.0,
                    1.0
                ],
                "Components": [
                    {
                        "UID": 13449585431585961584,
                        "Type": 3,
                        "Enabled": true,
                        "WasEnabled": true,
                        "Name": "Spot Light",
                        "Intensity": 34.42599868774414,
                        "ColorRed": 1.0,
                        "ColorGreen": 1.0,
                        "ColorBlue": 1.0,
                        "DrawGizmos": true,
                        "Range": 10.0,
                        "InnerAngle": 69.71299743652344,
                        "OuterAngle": 74.50800323486328
                    }
                ],
                "Children": []
            },
            {
                "UID": 14996295868340514814,
                "ParentUID": 11183816527201181535,
                "Name": "EN_Boss_Arena_Floor_02",
                "Mobility": 1,
                "SelectParent": false,
                "Enabled": true,
                "WasEnabled": true,
                "NavmeshValid": false,
                "LocalTransform": [
                    0.12062986940145493,
                    -9.92387640508241e-7,
                    0.9926990866661072,
                    8.565574645996094,
                    -9.923971902026096e-7,
                    1.0,
                    0.000001120308183999441,
                    0.44468265771865845,
                    -0.9926990866661072,
                    -0.0000011202986343050725,
                    0.12062986940145493,
                    17.807153701782227,
                    0.0,
                    0.0,
                    0.0,
                    1.0
                ],
                "Components": [
                    {
                        "UID": 14604630824700995094,
                        "Type": 1,
                        "Enabled": true,
                        "WasEnabled": true,
                        "Name": "Mesh",
                        "Mesh": 1175354610040876,
                        "Material": 0,
                        "RenderMode": 0,
                        "ProduceShadows": true
                    }
                ],
                "Children": []
            },
            {
                "UID": 9622283630274758710,
                "ParentUID": 3790581232853411580,
                "Name": "jnt_Ring_R_01",
                "Mobility": 0,
                "SelectParent": true,
                "Enabled": true,
                "WasEnabled": true,
                "NavmeshValid": false,
                "PrefabChildUID": 10850783285938193160,
                "LocalTransform": [
                    0.2528964877128601,
                    -0.9669072031974792,
                    -0.03351382538676262,
                    -0.06272270530462265,
                    0.9183214902877808,
                    0.22899147868156433,
                    0.32288211584091187,
                    -0.128093421459198,
                    -0.30453261733055115,
                    -0.11243335157632828,
                    0.9458229541778564,
                    0.003197271376848221,
                    0.0,
                    0.0,
                    0.0,
                    1.0
                ],
                "Components": [],
                "Children": [
                    7844684992698245679
                ]
            },
            {
                "UID": 7724681622550395113,
                "ParentUID": 11183816527201181535,
                "Name": "EN_Boss_Arena_Floor_Curved_04",
                "Mobility": 1,
                "SelectParent": false,
                "Enabled": true,
                "WasEnabled": true,
                "NavmeshValid": false,
                "LocalTransform": [
                    -0.8945936560630798,
                    0.1485019475221634,
                    0.42175447940826416,
                    22.043128967285156,
                    0.07810121774673462,
                    0.9806259274482727,
                    -0.17964902520179749,
                    0.06579707562923431,
                    -0.4402052164077759,
                    -0.12775661051273346,
                    -0.8887687921524048,
                    -1.933685302734375,
                    0.0,
                    0.0,
                    0.0,
                    1.0
                ],
                "Components": [
                    {
                        "UID": 11840317524416727397,
                        "Type": 1,
                        "Enabled": true,
                        "WasEnabled": true,
                        "Name": "Mesh",
                        "Mesh": 1117004343781961,
                        "Material": 0,
                        "RenderMode": 0,
                        "ProduceShadows": true
                    }
                ],
                "Children": []
            },
            {
                "UID": 3625852883055539756,
                "ParentUID": 11183816527201181535,
                "Name": "EN_Boss_Arena_Floor_Curved_05",
                "Mobility": 1,
                "SelectParent": false,
                "Enabled": true,
                "WasEnabled": true,
                "NavmeshValid": false,
                "LocalTransform": [
                    0.744555652141571,
                    -0.0000012882394457847113,
                    0.6675626635551453,
                    -16.009361267089844,
                    2.1355822354962584e-7,
                    1.0,
                    0.0000016915662399696885,
                    -0.20766714215278625,
                    -0.6675626635551453,
                    -0.0000011172295444339397,
                    0.744555652141571,
                    19.124893188476563,
                    0.0,
                    0.0,
                    0.0,
                    1.0
                ],
                "Components": [
                    {
                        "UID": 1179917436503425224,
                        "Type": 1,
                        "Enabled": true,
                        "WasEnabled": true,
                        "Name": "Mesh",
                        "Mesh": 1190628279540864,
                        "Material": 0,
                        "RenderMode": 0,
                        "ProduceShadows": true
                    }
                ],
                "Children": []
            },
            {
                "UID": 4021419267644180820,
                "ParentUID": 5707979701398843847,
                "Name": "mesh_blur",
                "Mobility": 1,
                "SelectParent": true,
                "Enabled": true,
                "WasEnabled": true,
                "NavmeshValid": false,
                "PrefabChildUID": 2787809106468181580,
                "LocalTransform": [
                    1.0,
                    0.0,
                    0.0,
                    0.0,
                    0.0,
                    1.0,
                    0.0,
                    0.0,
                    0.0,
                    0.0,
                    1.0,
                    0.0,
                    0.0,
                    0.0,
                    0.0,
                    1.0
                ],
                "Components": [
                    {
                        "UID": 16763410896334792883,
                        "Type": 1,
                        "Enabled": false,
                        "WasEnabled": false,
                        "Name": "Mesh",
                        "Mesh": 1193083402255045,
                        "Material": 0,
                        "RenderMode": 1,
                        "Bones": [
                            2049032747127139153
                        ],
                        "ModelUID": 1404580558625156,
                        "SkinIndex": 0,
                        "ProduceShadows": true
                    },
                    {
                        "UID": 13245350722319977637,
                        "Type": 26,
                        "Enabled": true,
                        "WasEnabled": true,
                        "Name": "Shader script",
                        "Scripts": [
                            {
                                "Script Name": "MovingUVTransparent",
                                "Enabled": true,
                                "WasEnabled": true,
                                "RenderType": 1,
                                "Animation Speed": 1.0,
                                "Moving UV Direction": [
                                    -1.0,
                                    -1.0
                                ],
                                "Start UV Offset": [
                                    0.0,
                                    0.0
                                ],
                                "Double sided": true
                            }
                        ]
                    }
                ],
                "Children": []
            },
            {
                "UID": 17181195919224467143,
                "ParentUID": 7370190759102721049,
                "Name": "jnt_foot_L_01",
                "Mobility": 0,
                "SelectParent": true,
                "Enabled": true,
                "WasEnabled": true,
                "NavmeshValid": false,
                "PrefabChildUID": 18012176524780086720,
                "LocalTransform": [
                    0.9999897480010986,
                    1.559950817409117e-7,
                    8.987182553710227e-8,
                    0.019100481644272804,
                    -1.559944280415948e-7,
                    0.9999936819076538,
                    -1.745385560525392e-7,
                    -0.06851775199174881,
                    -8.987150579287118e-8,
                    1.745385560525392e-7,
                    0.999993622303009,
                    0.15522681176662445,
                    0.0,
                    0.0,
                    0.0,
                    1.0
                ],
                "Components": [],
                "Children": []
            },
            {
                "UID": 6546081409444138519,
                "ParentUID": 11183816527201181535,
                "Name": "EN_Boss_Arena_Floor_Curved_01",
                "Mobility": 1,
                "SelectParent": false,
                "Enabled": true,
                "WasEnabled": true,
                "NavmeshValid": false,
                "LocalTransform": [
                    -0.6472697854042053,
                    -0.08155321329832077,
                    0.7578998804092407,
                    20.713943481445313,
                    -0.0529613122344017,
                    0.996668815612793,
                    0.062015350908041,
                    0.4613800048828125,
                    -0.7604297995567322,
                    -6.326550305857381e-7,
                    -0.6494213342666626,
                    -3.336099624633789,
                    0.0,
                    0.0,
                    0.0,
                    1.0
                ],
                "Components": [
                    {
                        "UID": 4422463757070071574,
                        "Type": 1,
                        "Enabled": true,
                        "WasEnabled": true,
                        "Name": "Mesh",
                        "Mesh": 1194200003146359,
                        "Material": 0,
                        "RenderMode": 0,
                        "ProduceShadows": true
                    }
                ],
                "Children": []
            },
            {
                "UID": 8624723256307337942,
                "ParentUID": 11183816527201181535,
                "Name": "EN_Boss_Arena_Floor_Curved_02",
                "Mobility": 1,
                "SelectParent": false,
                "Enabled": true,
                "WasEnabled": true,
                "NavmeshValid": false,
                "LocalTransform": [
                    0.9079130291938782,
                    1.384341885568574e-8,
                    0.4190932512283325,
                    -8.662612915039063,
                    -0.03484274446964264,
                    0.9965378642082214,
                    0.07548554241657257,
                    0.9872698187828064,
                    -0.4176405966281891,
                    -0.08313905447721481,
                    0.9048011302947998,
                    22.596221923828125,
                    0.0,
                    0.0,
                    0.0,
                    1.0
                ],
                "Components": [
                    {
                        "UID": 9727202796405841543,
                        "Type": 1,
                        "Enabled": true,
                        "WasEnabled": true,
                        "Name": "Mesh",
                        "Mesh": 1188405533194368,
                        "Material": 0,
                        "RenderMode": 0,
                        "ProduceShadows": true
                    }
                ],
                "Children": []
            },
            {
                "UID": 2370641288973762917,
                "ParentUID": 456622993007660517,
                "Name": "EN_Boss_Arena_Wall_02",
                "Mobility": 1,
                "SelectParent": false,
                "Enabled": true,
                "WasEnabled": true,
                "NavmeshValid": false,
                "LocalTransform": [
                    0.9497708082199097,
                    0.015631914138793945,
                    -0.31297987699508667,
                    -18.603885650634766,
                    -0.02452913671731949,
                    0.9994018077850342,
                    -0.024520650506019592,
                    -0.653532087802887,
                    0.312411904335022,
                    0.03096303530037403,
                    0.9494336247444153,
                    14.705557823181152,
                    0.0,
                    0.0,
                    0.0,
                    1.0
                ],
                "Components": [
                    {
                        "UID": 3946842849390201020,
                        "Type": 1,
                        "Enabled": true,
                        "WasEnabled": true,
                        "Name": "Mesh",
                        "Mesh": 1162923233661774,
                        "Material": 0,
                        "RenderMode": 0,
                        "ProduceShadows": true
                    }
                ],
                "Children": []
            },
            {
                "UID": 2342996717648910829,
                "ParentUID": 14547429557385646294,
                "Name": "EN_WaterfallRock_09",
                "Mobility": 1,
                "SelectParent": false,
                "Enabled": true,
                "WasEnabled": true,
                "NavmeshValid": false,
                "LocalTransform": [
                    1.0,
                    0.0,
                    0.0,
                    72.36051940917969,
                    0.0,
                    1.0,
                    4.189086143940868e-17,
                    2.896604299545288,
                    0.0,
                    -4.189086143940868e-17,
                    1.0,
                    -88.03438568115234,
                    0.0,
                    0.0,
                    0.0,
                    1.0
                ],
                "Components": [
                    {
                        "UID": 4848203841177660228,
                        "Type": 1,
                        "Enabled": true,
                        "WasEnabled": true,
                        "Name": "Mesh",
                        "Mesh": 1167476682570038,
                        "Material": 0,
                        "RenderMode": 0,
                        "ProduceShadows": true
                    }
                ],
                "Children": []
            },
            {
                "UID": 16182465177762143810,
                "ParentUID": 6232312207635844038,
                "Name": "HealVfx",
                "Mobility": 0,
                "SelectParent": false,
                "Enabled": true,
                "WasEnabled": true,
                "NavmeshValid": false,
                "PrefabChildUID": 2586909020915022716,
                "LocalTransform": [
                    1.5,
                    0.0,
                    0.0,
                    0.0,
                    0.0,
                    1.5,
                    0.0,
                    0.0,
                    0.0,
                    0.0,
                    1.5,
                    0.0,
                    0.0,
                    0.0,
                    0.0,
                    1.0
                ],
                "Components": [],
                "Children": [
                    12720341198003615707,
                    8381317385139285684,
                    5256885322862576941,
                    14578583500295328527,
                    13121218193874784592,
                    7784860969678908453,
                    3795679012171521679,
                    3895569093804944911
                ]
            },
            {
                "UID": 14448224650106620564,
                "ParentUID": 11183816527201181535,
                "Name": "EN_Boss_Arena_Floor_04",
                "Mobility": 1,
                "SelectParent": false,
                "Enabled": true,
                "WasEnabled": true,
                "NavmeshValid": false,
                "LocalTransform": [
                    -0.828809380531311,
                    -0.0000014309115385913174,
                    -0.5595324635505676,
                    19.886001586914063,
                    -0.0000017942870726983529,
                    1.0,
                    1.0029043551185168e-7,
                    0.8902088403701782,
                    0.5595324635505676,
                    0.0000010872327038669027,
                    -0.828809380531311,
                    0.07878780364990234,
                    0.0,
                    0.0,
                    0.0,
                    1.0
                ],
                "Components": [
                    {
                        "UID": 11484953999663085327,
                        "Type": 1,
                        "Enabled": true,
                        "WasEnabled": true,
                        "Name": "Mesh",
                        "Mesh": 1132408044051634,
                        "Material": 0,
                        "RenderMode": 0,
                        "ProduceShadows": true
                    }
                ],
                "Children": []
            },
            {
                "UID": 692882236281639949,
                "ParentUID": 17274603707799163387,
                "Name": "jnt_halo",
                "Mobility": 1,
                "SelectParent": true,
                "Enabled": true,
                "WasEnabled": true,
                "NavmeshValid": false,
                "PrefabChildUID": 8574015693963804600,
                "LocalTransform": [
                    1.0,
                    0.0,
                    -0.0,
                    0.0,
                    -0.0,
                    0.06666171550750732,
                    0.0,
                    0.0,
                    0.0,
                    0.0,
                    1.0,
                    0.0,
                    0.0,
                    0.0,
                    0.0,
                    1.0
                ],
                "Components": [],
                "Children": []
            },
            {
                "UID": 2369734112751060278,
                "ParentUID": 14547429557385646294,
                "Name": "EN_Boss_Arena_Wall_Entrance_02",
                "Mobility": 1,
                "SelectParent": false,
                "Enabled": true,
                "WasEnabled": true,
                "NavmeshValid": false,
                "LocalTransform": [
                    -0.8445766568183899,
                    -1.7858877754406421e-7,
                    0.5354357361793518,
                    61.87346649169922,
                    1.7509881899968605e-7,
                    1.0,
                    6.101698772909003e-7,
                    -0.00011300948972348124,
                    -0.5354357361793518,
                    6.090901933930581e-7,
                    -0.8445766568183899,
                    -68.54426574707031,
                    0.0,
                    0.0,
                    0.0,
                    1.0
                ],
                "Components": [
                    {
                        "UID": 15087700825364777069,
                        "Type": 1,
                        "Enabled": true,
                        "WasEnabled": true,
                        "Name": "Mesh",
                        "Mesh": 1105824223600512,
                        "Material": 0,
                        "RenderMode": 0,
                        "ProduceShadows": true
                    }
                ],
                "Children": []
            },
            {
                "UID": 10695747511593195876,
                "ParentUID": 11183816527201181535,
                "Name": "EN_Boss_Arena_Floor_05",
                "Mobility": 1,
                "SelectParent": false,
                "Enabled": true,
                "WasEnabled": true,
                "NavmeshValid": false,
                "LocalTransform": [
                    -0.08263079822063446,
                    0.0,
                    0.9965808987617493,
                    -23.456687927246094,
                    7.815970093361102e-14,
                    1.0,
                    3.454942998359911e-10,
                    0.5365601778030396,
                    -0.9965808987617493,
                    -2.1175688156085948e-15,
                    -0.08263079822063446,
                    5.19373893737793,
                    0.0,
                    0.0,
                    0.0,
                    1.0
                ],
                "Components": [
                    {
                        "UID": 388409852339368015,
                        "Type": 1,
                        "Enabled": true,
                        "WasEnabled": true,
                        "Name": "Mesh",
                        "Mesh": 1191001074840563,
                        "Material": 0,
                        "RenderMode": 0,
                        "ProduceShadows": true
                    }
                ],
                "Children": []
            },
            {
                "UID": 13903685270795808526,
                "ParentUID": 11183816527201181535,
                "Name": "EN_Boss_Arena_Floor_03",
                "Mobility": 1,
                "SelectParent": false,
                "Enabled": true,
                "WasEnabled": true,
                "NavmeshValid": false,
                "LocalTransform": [
                    0.212767094373703,
                    -8.887403737389832e-7,
                    0.977102518081665,
                    -11.37442398071289,
                    -8.884053386282176e-7,
                    1.0,
                    0.0000011026234005839797,
                    0.4738159775733948,
                    -0.977102518081665,
                    -0.0000011028388371414621,
                    0.212767094373703,
                    21.240596771240234,
                    0.0,
                    0.0,
                    0.0,
                    1.0
                ],
                "Components": [
                    {
                        "UID": 11112206630816022629,
                        "Type": 1,
                        "Enabled": true,
                        "WasEnabled": true,
                        "Name": "Mesh",
                        "Mesh": 1173522032481483,
                        "Material": 0,
                        "RenderMode": 0,
                        "ProduceShadows": true
                    }
                ],
                "Children": []
            },
            {
                "UID": 3078763991305284893,
                "ParentUID": 12617066537082916146,
                "Name": "ulti_glow",
                "Mobility": 1,
                "SelectParent": true,
                "Enabled": true,
                "WasEnabled": true,
                "NavmeshValid": false,
                "PrefabChildUID": 15504866598421623241,
                "LocalTransform": [
                    1.0,
                    0.0,
                    0.0,
                    0.0,
                    0.0,
                    1.0,
                    0.0,
                    0.0,
                    0.0,
                    0.0,
                    1.0,
                    0.0,
                    0.0,
                    0.0,
                    0.0,
                    1.0
                ],
                "Components": [],
                "Children": [
                    5707979701398843847,
                    13812483374526977817,
                    84954782251530972,
                    17274603707799163387,
                    7057327771428790179,
                    15490926961613067274
                ]
            },
            {
                "UID": 9603179632485666070,
                "ParentUID": 14547429557385646294,
                "Name": "EN_WaterfallRock_01",
                "Mobility": 1,
                "SelectParent": false,
                "Enabled": true,
                "WasEnabled": true,
                "NavmeshValid": false,
                "LocalTransform": [
                    1.0,
                    0.0,
                    0.0,
                    59.376461029052734,
                    0.0,
                    1.0,
                    0.0,
                    0.00012670006253756583,
                    0.0,
                    0.0,
                    1.0,
                    -87.2081527709961,
                    0.0,
                    0.0,
                    0.0,
                    1.0
                ],
                "Components": [
                    {
                        "UID": 1332225802274914458,
                        "Type": 1,
                        "Enabled": true,
                        "WasEnabled": true,
                        "Name": "Mesh",
                        "Mesh": 1113082955333945,
                        "Material": 0,
                        "RenderMode": 0,
                        "ProduceShadows": true
                    }
                ],
                "Children": []
            },
            {
                "UID": 16806055463182548381,
                "ParentUID": 11183816527201181535,
                "Name": "EN_Boss_Arena_Floor_05",
                "Mobility": 1,
                "SelectParent": false,
                "Enabled": true,
                "WasEnabled": true,
                "NavmeshValid": false,
                "LocalTransform": [
                    -0.7860410213470459,
                    0.0,
                    -0.6181754469871521,
                    13.098625183105469,
                    -8.452616384602152e-11,
                    1.0,
                    -6.559730536537245e-11,
                    0.4519755244255066,
                    0.6181754469871521,
                    -7.660565974967892e-16,
                    -0.7860410213470459,
                    -13.710453033447266,
                    0.0,
                    0.0,
                    0.0,
                    1.0
                ],
                "Components": [
                    {
                        "UID": 475353683367935944,
                        "Type": 1,
                        "Enabled": true,
                        "WasEnabled": true,
                        "Name": "Mesh",
                        "Mesh": 1191001074840563,
                        "Material": 0,
                        "RenderMode": 0,
                        "ProduceShadows": true
                    }
                ],
                "Children": []
            },
            {
                "UID": 15699031812680007476,
                "ParentUID": 11183816527201181535,
                "Name": "EN_Boss_Arena_Floor_01",
                "Mobility": 1,
                "SelectParent": false,
                "Enabled": true,
                "WasEnabled": true,
                "NavmeshValid": false,
                "LocalTransform": [
                    1.0,
                    0.0,
                    0.0,
                    -19.998783111572266,
                    0.0,
                    1.0,
                    1.1080546202801855e-16,
                    -0.32526981830596924,
                    0.0,
                    -1.1080546202801855e-16,
